2025-09-09 3092 1010.001 0 0
2025-09-10  999.326 -10.675 -1.057
2025-09-13 3089 1020.453 21.127 2.114
2025-09-14 3089 1020.453 0 0
2025-09-15 3074 1026.129 5.676 0.556
2025-09-16 3080 1026.464 0.335 0.033
2025-09-17 3111 1015.899 -10.565 -1.029
2025-09-18  997.358 -18.541 -1.825
<<<<<<< HEAD
2026-06-17 2701 1449.687 452.329 45.353
2026-06-18 2738 1413.677 -36.01 -2.484
2026-06-19 2751 1406.554 -7.123 -0.504
2026-06-20 2751 1406.554 0 0
2026-06-21 2751 1406.554 0 0
2026-06-23 2749 1399.393 -7.161 -0.509
2026-06-24 2760 1390.002 -9.391 -0.671
2026-06-25 2705 1431.788 41.786 3.006
2026-06-26 2670 1456.377 24.589 1.717
2026-06-27 2671 1456.16 -0.217 -0.015
2026-06-28 2671 1456.16 0 0
2026-06-29 2691 1445.414 -10.746 -0.738
2026-06-30 2659 1470.193 24.779 1.714
2026-07-01 2673 1462.35 -7.843 -0.533
2026-07-02 2649 1487.29 24.94 1.705
2026-07-03 2604 1534.013 46.723 3.141
2026-07-04 2604 1534.013 0 0
2026-07-05 2604 1534.013 0 0
2026-07-06 2591 1544.777 10.764 0.702
2026-07-07 2564 1564.32 19.543 1.265
2026-07-08 2661 1469.206 -95.114 -6.08
2026-07-09 2634 1493.911 24.705 1.682
2026-07-10 2614 1506.858 12.947 0.867
2026-07-11 2610 1511.806 4.948 0.328
2026-07-12 2610 1511.806 0 0
=======
2026-06-18 2735 1416.611 0 0
2026-06-19 2739 1413.677 0 0
2026-06-20 2751 1406.554 0 0
2026-06-21 2751 1406.554 0 0
2026-06-22 2703 1439.395 0 0
2026-06-23 2711 1428.509 0 0
2026-06-24 2737 1410.283 0 0
2026-06-25 2692 1444.087 0 0
2026-06-26 2679 1442.512 0 0
2026-06-27 2670 1456.377 0 0
2026-06-28 2671 1456.16 0 0
2026-06-29 2672 1456.16 0 0
2026-06-30 2676 1456.16 0 0
2026-07-01 2660 1480.964 0 0
2026-07-02 2634 1494.726 0 0
2026-07-03 2616 1508.766 0 0
2026-07-04 2604 1534.013 0 0
2026-07-05 2604 1534.013 0 0
2026-07-06 2564 1566.306 0 0
2026-07-07 2590 1544.777 0 0
2026-07-08 2560 1564.32 0 0
2026-07-09 2656 1469.206 0 0
2026-07-10 2602 1515.328 0 0
2026-07-11 2614 1506.858 0 0
2026-07-12 2610 1511.806 0 0
2026-07-13 2655 1479.527 0 0
>>>>>>> 2b550085baac25c543016ca743053a87bf115d5d
