2026-03-10 2204 1879.265 0 0
2026-03-11 2227 1854.542 -24.723 -1.316
2026-03-12 2272 1795.652 -58.89 -3.175
2026-03-13 2281 1767.74 -27.912 -1.554
2026-03-14 2285 1760.672 -7.068 -0.4
2026-03-15 2285 1760.672 0 0
2026-03-16 2265 1783.334 22.662 1.287
2026-03-17 2242 1814.921 31.587 1.771
2026-03-18 2179 1888.988 74.067 4.081
2026-03-19 2260 1789.406 -99.582 -5.272
2026-03-20 2117 1931.244 141.838 7.927
2026-03-21 2111 1936.604 5.36 0.278
2026-03-22 2111 1936.604 0 0
2026-03-23 1990 2021.199 84.595 4.368
2026-03-24 2066 1971.059 -50.14 -2.481
2026-03-25 1970 2066.83 95.771 4.859
2026-03-26 1989 2035.538 -31.292 -1.514
2026-03-27 2103 1935.598 -99.94 -4.91
2026-03-28 2099 1929.268 -6.33 -0.327
2026-03-29 2099 1929.268 0 0
2026-03-30 2376 1651.587 -277.681 -14.393
2026-03-31 2395 1639.273 -12.314 -0.746
2026-04-01 2355 1691.184 51.911 3.167
2026-04-02 2392 1653.108 -38.076 -2.251
2026-04-03 2458 1587.841 -65.267 -3.948
2026-04-04 2458 1587.841 0 0
2026-04-05 2458 1587.841 0 0
2026-04-06 2459 1587.841 0 0
2026-04-07 2513 1546.776 -41.065 -2.586
2026-04-08 2431 1640.639 93.863 6.068
2026-04-09 2537 1557.585 -83.054 -5.062
2026-04-10 2490 1597.21 39.625 2.544
2026-04-11 2490 1598.986 1.776 0.111
2026-04-12 2490 1598.986 0 0
2026-04-13 2551 1556.845 -42.141 -2.635
2026-04-14 2537 1574.335 17.49 1.123
2026-04-15 2488 1626.379 52.044 3.306
2026-04-16 2437 1682.809 56.43 3.47
2026-04-17 2455 1676.769 -6.04 -0.359
2026-04-18 2459 1675.075 -1.694 -0.101
2026-04-19 2459 1675.075 0 0
2026-04-20 2398 1726.633 51.558 3.078
2026-04-21 2408 1714.63 -12.003 -0.695
2026-04-22 2396 1724.142 9.512 0.555
2026-04-23 2452 1666.066 -58.076 -3.368
2026-04-24 2465 1640.063 -26.003 -1.561
2026-04-25 2465 1639.895 -0.168 -0.01
2026-04-26 2465 1639.895 0 0
2026-04-27 2436 1673.708 33.813 2.062
2026-04-28 2476 1623.402 -50.306 -3.006
2026-04-29 2486 1609.879 -13.523 -0.833
2026-04-30 2383 1724.575 114.696 7.125
2026-05-01 2387 1724.474 -0.101 -0.006
2026-05-02 2391 1724.474 0 0
2026-05-04 2388 1724.474 0 0
2026-05-05 2331 1777.279 52.805 3.062
2026-05-06 2331 1777.279 0 0
2026-05-07 2225 1894.923 117.644 6.619
2026-05-08 2190 1932.744 37.821 1.996
2026-05-09 2186 1932.659 -0.085 -0.004
2026-05-10 2186 1932.659 0 0
<<<<<<< HEAD
2026-05-11 2064 2039.614 106.955 5.534
2026-05-12 2140 1975.614 -64 -3.138
2026-05-13 2154 1953.536 -22.078 -1.118
2026-05-14 2155 1958.126 4.59 0.235
2026-05-15 2222 1875.686 -82.44 -4.21
2026-05-16 2225 1870.587 -5.099 -0.272
2026-05-17 2225 1870.587 0 0
2026-05-18 2260 1832.906 -37.681 -2.014
2026-05-19 2170 1928.154 95.248 5.197
2026-05-20 2128 1966.251 38.097 1.976
2026-05-21 2130 1965.587 -0.664 -0.034
2026-05-22 2055 2033.82 68.233 3.471
2026-05-23 2052 2037.232 3.412 0.168
2026-05-24 2052 2037.232 0 0
2026-05-26 2021 2069.999 32.767 1.608
2026-05-27 2168 1937.705 -132.294 -6.391
2026-05-28 2221 1882.453 -55.252 -2.851
2026-05-29 2291 1808.738 -73.715 -3.916
2026-05-31 2292 1811.811 3.073 0.17
2026-06-01 2338 1764.67 -47.141 -2.602
2026-06-02 2495 1609.48 -155.19 -8.794
2026-06-03 2499 1605.462 -4.018 -0.25
2026-06-04 2442 1661.454 55.992 3.488
2026-06-05 2417 1677.581 16.127 0.971
2026-06-06 2413 1678.944 1.363 0.081
2026-06-07 2413 1678.944 0 0
2026-06-08 2579 1524.639 -154.305 -9.191
2026-06-09 2558 1548.458 23.819 1.562
2026-06-10 2600 1502.85 -45.608 -2.945
2026-06-11 2523 1564.679 61.829 4.114
2026-06-12 2530 1569.053 4.374 0.28
2026-06-13 2527 1572.789 3.736 0.238
2026-06-15 2543 1576.075 3.286 0.209
2026-06-16 2489 1622.434 46.359 2.941
2026-06-17 2456 1652.614 30.18 1.86
2026-06-18 2486 1624.085 -28.529 -1.726
2026-06-19 2481 1622.86 -1.225 -0.075
2026-06-20 2482 1622.86 0 0
2026-06-21 2482 1622.86 0 0
2026-06-23 2580 1538.596 -84.264 -5.192
2026-06-24 2433 1663.51 124.914 8.119
2026-06-25 2273 1801.234 137.724 8.279
2026-06-26 2178 1883.827 82.593 4.585
2026-06-27 2185 1883.495 -0.332 -0.018
2026-06-28 2184 1883.495 0 0
2026-06-29 2171 1894.408 10.913 0.579
2026-06-30 2044 2019.852 125.444 6.622
2026-07-01 1905 2179.591 159.739 7.908
2026-07-02 2167 1914.162 -265.429 -12.178
2026-07-03 2185 1907.493 -6.669 -0.348
2026-07-04 2186 1907.493 0 0
2026-07-05 2186 1907.493 0 0
2026-07-06 2249 1850.066 -57.427 -3.011
2026-07-07 2208 1879.573 29.507 1.595
2026-07-08 2242 1840.422 -39.151 -2.083
2026-07-09 2078 1992.788 152.366 8.279
2026-07-10 2154 1918.545 -74.243 -3.726
2026-07-11 2148 1922.818 4.273 0.223
2026-07-12 2148 1922.818 0 0
2026-07-13 2291 1788.815 -134.003 -6.969
2026-07-14 2370 1721.445 -67.37 -3.766
2026-07-15 2442 1675.661 -45.784 -2.66
2026-07-16 2514 1590.226 -85.435 -5.099
2026-07-17 2705 1423.537 -166.689 -10.482
2026-07-18 2711 1421.605 -1.932 -0.136
2026-07-19 2710 1421.605 0 0
2026-07-20 2900 1271.047 -150.558 -10.591
2026-07-21 2672 1455.443 184.396 14.507
2026-07-22 2729 1405.618 -49.825 -3.423
2026-07-23 2777 1366.472 -39.146 -2.785
2026-07-24 2779 1362.584 -3.888 -0.285
2026-07-25 2780 1361.859 -0.725 -0.053
2026-07-26 2780 1361.859 0 0
2026-07-27 2777 1373.537 11.678 0.858
2026-07-28 2912 1277.578 -95.959 -6.986
2026-07-29 2973 1235.654 -41.924 -3.282
2026-07-30 3170 1112.164 -123.49 -9.994
2026-07-31 3127 1152.04 39.876 3.585
2026-08-01 3128 1153.577 1.537 0.133
2026-08-02 3128 1153.577 0 0
2026-08-03 3157 1134.148 -19.429 -1.684
2026-08-04 3064 1198.537 64.389 5.677
2026-08-05 2955 1269.049 70.512 5.883
2026-08-06 2936 1288.341 19.292 1.52
2026-08-07 2918 1303.845 15.504 1.203
2026-08-08 2918 1304.154 0.309 0.024
2026-08-09 2918 1304.154 0 0
2026-08-10 2922 1306.59 2.436 0.187
2026-08-11 2931 1294.08 -12.51 -0.957
2026-08-12 2856 1349.147 55.067 4.255
2026-08-13 2903 1313.624 -35.523 -2.633
=======
2026-05-11 2019 2098.285 0 0
2026-05-12 2118 1994.597 0 0
2026-05-13 2214 1896.68 0 0
2026-05-14 2132 1972.765 0 0
2026-05-15 2203 1906.425 0 0
2026-05-16 2222 1875.686 0 0
2026-05-17 2225 1870.587 0 0
2026-05-18 2255 1837.085 0 0
2026-05-19 2258 1833.82 0 0
2026-05-20 2117 1972.28 0 0
2026-05-21 2053 2028.89 0 0
2026-05-22 2046 2038.978 0 0
2026-05-23 2055 2033.82 0 0
2026-05-24 2052 2037.232 0 0
2026-05-25 2016 2081.053 0 0
2026-05-26 2037 2052.34 0 0
2026-05-27 2102 1988.244 0 0
2026-05-28 2221 1880.872 0 0
2026-05-29 2284 1812.532 0 0
2026-05-30 2291 1808.738 0 0
2026-05-31 2291 1811.811 0 0
2026-06-01 2331 1779.049 0 0
2026-06-02 2446 1660.08 0 0
2026-06-03 2453 1653.623 0 0
2026-06-04 2536 1572.866 0 0
2026-06-05 2449 1653.055 0 0
2026-06-06 2417 1677.581 0 0
2026-06-07 2413 1678.944 0 0
2026-06-09 2563 1547.02 0 0
2026-06-10 2632 1484.399 0 0
2026-06-11 2655 1458.084 0 0
2026-06-12 2463 1625.002 0 0
2026-06-13 2530 1569.053 0 0
2026-06-14 2527 1572.789 0 0
2026-06-16 2452 1649.294 0 0
2026-06-17 2473 1631.839 0 0
2026-06-18 2487 1618.285 0 0
2026-06-19 2485 1624.085 0 0
2026-06-20 2481 1622.86 0 0
2026-06-21 2482 1622.86 0 0
2026-06-22 2493 1609.19 0 0
2026-06-23 2550 1566.8 0 0
2026-06-24 2536 1563.124 0 0
2026-06-25 2427 1666.457 0 0
2026-06-26 2215 1850.152 0 0
2026-06-27 2178 1883.827 0 0
2026-06-28 2185 1883.495 0 0
2026-06-29 2243 1834.287 0 0
2026-06-30 2146 1924.337 0 0
2026-07-01 1883 2207.344 0 0
2026-07-02 2083 1998.698 0 0
2026-07-03 2149 1931.627 0 0
2026-07-04 2185 1907.493 0 0
2026-07-05 2186 1907.493 0 0
2026-07-06 2222 1878.746 0 0
2026-07-07 2220 1871.544 0 0
2026-07-08 2251 1840.973 0 0
2026-07-09 2145 1911.767 0 0
2026-07-10 2101 1972.462 0 0
2026-07-11 2154 1918.545 0 0
2026-07-12 2148 1922.818 0 0
2026-07-13 2236 1852.014 0 0
2026-07-14 2364 1726.337 0 0
2026-07-15 2378 1719.02 0 0
2026-07-16 2458 1655.729 0 0
2026-07-17 2617 1504.576 0 0
2026-07-18 2705 1423.537 0 0
2026-07-19 2711 1421.605 0 0
2026-07-20 2808 1347.441 0 0
2026-07-21 2919 1258.26 0 0
2026-07-22 2714 1420.634 0 0
2026-07-23 2783 1370.285 0 0
2026-07-24 2805 1340.493 0 0
2026-07-25 2779 1362.584 0 0
2026-07-26 2780 1361.859 0 0
2026-07-27 2778 1367.239 0 0
2026-07-28 2826 1329.583 0 0
2026-07-29 2975 1233.581 0 0
2026-07-30 3082 1173.006 0 0
2026-07-31 3070 1180.67 0 0
2026-08-01 3127 1152.04 0 0
2026-08-02 3128 1153.577 0 0
2026-08-03 3127 1151.535 0 0
2026-08-04 3097 1173.862 0 0
2026-08-05 3062 1201.958 0 0
2026-08-06 2926 1297.939 0 0
2026-08-07 2922 1298.217 0 0
2026-08-08 2918 1303.845 0 0
2026-08-09 2918 1304.154 0 0
2026-08-10 2932 1298.294 0 0
2026-08-11 2960 1277.618 0 0
2026-08-12 2874 1332.665 0 0
2026-08-13 2862 1343.086 0 0
2026-08-14 2878 1326.932 0 0
>>>>>>> 2b550085baac25c543016ca743053a87bf115d5d
2026-08-15 2856 1348.542 0 0
2026-08-16 2860 1349.162 0 0
2026-08-17 2859 1349.162 0 0
2026-08-18 2779 1406.31 0 0
2026-08-19 2573 1574.907 0 0
2026-08-20 2746 1422.266 0 0
2026-08-21 2705 1466.436 0 0
2026-08-22 2725 1453.716 0 0
2026-08-24 2726 1454.451 0 0
2026-08-25 2649 1507.748 0 0
2026-08-26 2571 1571.694 0 0
2026-08-27 2479 1666.432 0 0
2026-08-28 2529 1617.384 0 0
2026-08-29 2531 1617.552 0 0
