2026-03-10 2951 1268.822 0 0
2026-03-11 3002 1236.141 -32.681 -2.576
2026-03-12 2994 1232.403 -3.738 -0.302
2026-03-13 3038 1207.676 -24.727 -2.006
2026-03-14 3032 1207.676 0 0
2026-03-15 3032 1207.676 0 0
2026-03-16 2982 1228.438 20.762 1.719
2026-03-17 2945 1251.911 23.473 1.911
2026-03-18 3038 1206.582 -45.329 -3.621
2026-03-19 2922 1259.387 52.805 4.376
2026-03-20 2945 1237.964 -21.423 -1.701
2026-03-21 2938 1237.964 0 0
2026-03-22 2938 1237.964 0 0
2026-03-23 2840 1298.563 60.599 4.895
2026-03-24 2768 1339.288 40.725 3.136
2026-03-25 2705 1394.212 54.924 4.101
2026-03-27 2859 1288.193 -106.019 -7.604
2026-03-28 2856 1288.193 0 0
2026-03-29 2856 1288.193 0 0
2026-03-30 2991 1207.334 -80.859 -6.277
2026-03-31 2847 1295.121 87.787 7.271
2026-04-01 2803 1324.68 29.559 2.282
2026-04-02 2825 1310.459 -14.221 -1.074
2026-04-03 2822 1310.459 0 0
2026-04-04 2822 1310.459 0 0
2026-04-05 2822 1310.459 0 0
2026-04-06 2780 1338.605 28.146 2.148
2026-04-07 2636 1441.023 102.418 7.651
2026-04-08 2541 1552.945 111.922 7.767
2026-04-09 2433 1640.048 87.103 5.609
2026-04-10 2443 1640.937 0.889 0.054
2026-04-11 2443 1640.937 0 0
2026-04-12 2443 1640.937 0 0
2026-04-13 2456 1627.605 -13.332 -0.812
2026-04-14 2424 1664.73 37.125 2.281
2026-04-15 2477 1632.664 -32.066 -1.926
2026-04-16 2461 1653.722 21.058 1.29
2026-04-17 2410 1709.785 56.063 3.39
2026-04-18 2410 1709.785 0 0
2026-04-19 2411 1709.785 0 0
2026-04-20 2415 1714.161 4.376 0.256
2026-04-21 2416 1709.512 -4.649 -0.271
2026-04-22 2400 1721.818 12.306 0.72
2026-04-23 2308 1786.155 64.337 3.737
2026-04-24 2308 1790.12 3.965 0.222
2026-04-25 2307 1790.12 0 0
2026-04-26 2307 1790.12 0 0
2026-04-27 2246 1843.175 53.055 2.964
2026-04-28 2276 1809.264 -33.911 -1.84
2026-04-29 2300 1795.111 -14.153 -0.782
2026-04-30 2133 1957.695 162.584 9.057
2026-05-01 2150 1944.431 -13.264 -0.678
2026-05-02 2151 1944.431 0 0
2026-05-04 2187 1907.648 -36.783 -1.892
2026-05-05 2014 2076.796 169.148 8.867
2026-05-06 1873 2251.891 175.095 8.431
2026-05-07 1967 2153.643 -98.248 -4.363
2026-05-08 1952 2177.299 23.656 1.098
2026-05-09 1949 2177.299 0 0
2026-05-10 1949 2177.299 0 0
<<<<<<< HEAD
2026-05-11 1882 2263.856 86.557 3.975
2026-05-12 1947 2168.138 -95.718 -4.228
2026-05-13 1979 2118.843 -49.295 -2.274
2026-05-14 2014 2092.452 -26.391 -1.246
2026-05-15 2022 2062.848 -29.604 -1.415
2026-05-16 2018 2062.848 0 0
2026-05-17 2018 2062.848 0 0
2026-05-18 2210 1886.112 -176.736 -8.568
2026-05-19 2243 1850.422 -35.69 -1.892
2026-05-20 2179 1915.169 64.747 3.499
2026-05-21 2181 1915.169 0 0
2026-05-22 2131 1971.027 55.858 2.917
2026-05-23 2129 1971.027 0 0
2026-05-24 2129 1971.027 0 0
2026-05-26 2032 2058.199 87.172 4.423
2026-05-27 2016 2085.342 27.143 1.319
2026-05-28 2048 2037.209 -48.133 -2.308
2026-05-29 2077 2006.58 -30.629 -1.503
2026-05-31 2080 2006.58 0 0
2026-06-01 2057 2031.876 25.296 1.261
2026-06-02 1981 2106.742 74.866 3.685
2026-06-03 1965 2111.254 4.512 0.214
2026-06-04 1968 2113.51 2.256 0.107
2026-06-05 2060 2009.656 -103.854 -4.914
2026-06-06 2058 2009.656 0 0
2026-06-07 2058 2009.656 0 0
2026-06-08 1994 2069.343 59.687 2.97
2026-06-09 2065 2000.358 -68.985 -3.334
2026-06-10 2215 1855.619 -144.739 -7.236
2026-06-11 2001 2048.149 192.53 10.376
2026-06-12 1989 2077.206 29.057 1.419
2026-06-13 1997 2077.206 0 0
2026-06-15 1957 2137.235 60.029 2.89
2026-06-16 2017 2063.19 -74.045 -3.465
2026-06-17 2009 2072.283 9.093 0.441
2026-06-18 1992 2093.956 21.673 1.046
2026-06-19 1990 2093.956 0 0
2026-06-20 1991 2093.956 0 0
2026-06-21 1991 2093.956 0 0
2026-06-23 2007 2054.985 -38.971 -1.861
2026-06-24 1991 2075.428 20.443 0.995
2026-06-25 1896 2176 100.572 4.846
2026-06-26 2088 1974.787 -201.213 -9.247
2026-06-27 2089 1974.787 0 0
2026-06-28 2089 1974.787 0 0
2026-06-29 2083 1983.812 9.025 0.457
2026-06-30 2045 2019.843 36.031 1.816
2026-07-01 2219 1872.848 -146.995 -7.278
2026-07-02 2357 1746.158 -126.69 -6.765
2026-07-03 2364 1746.158 0 0
2026-07-04 2364 1746.158 0 0
2026-07-05 2364 1746.158 0 0
2026-07-06 2349 1757.918 11.76 0.673
2026-07-07 2457 1662.2 -95.718 -5.445
2026-07-08 2460 1647.158 -15.042 -0.905
2026-07-09 2425 1679.497 32.339 1.963
2026-07-10 2461 1649.483 -30.014 -1.787
2026-07-11 2463 1649.483 0 0
2026-07-12 2463 1649.483 0 0
2026-07-13 2501 1604.837 -44.646 -2.707
2026-07-14 2443 1663.567 58.73 3.66
2026-07-15 2346 1750.807 87.24 5.244
2026-07-16 2437 1674.096 -76.711 -4.381
2026-07-17 2430 1653.585 -20.511 -1.225
2026-07-18 2431 1653.585 0 0
2026-07-19 2429 1653.585 0 0
2026-07-20 2463 1622.75 -30.835 -1.865
2026-07-21 2350 1732.894 110.144 6.787
2026-07-22 2375 1707.529 -25.365 -1.464
2026-07-23 2367 1719.767 12.238 0.717
2026-07-24 2433 1649.62 -70.147 -4.079
2026-07-25 2434 1649.62 0 0
2026-07-26 2434 1649.62 0 0
2026-07-27 2533 1560.876 -88.744 -5.38
2026-07-28 2686 1436.237 -124.639 -7.985
2026-07-29 2825 1336.348 -99.889 -6.955
2026-07-30 2616 1492.984 156.636 11.721
2026-07-31 2650 1488.745 -4.239 -0.284
2026-08-01 2652 1488.745 0 0
2026-08-02 2652 1488.745 0 0
2026-08-03 2549 1564.226 75.481 5.07
2026-08-04 2633 1507.205 -57.021 -3.645
2026-08-05 2680 1486.352 -20.853 -1.384
2026-08-06 2683 1479.72 -6.632 -0.446
2026-08-07 2641 1508.436 28.716 1.941
2026-08-08 2641 1508.436 0 0
2026-08-09 2641 1508.436 0 0
2026-08-10 2690 1478.763 -29.673 -1.967
2026-08-11 2682 1486.694 7.931 0.536
2026-08-12 2689 1483.959 -2.735 -0.184
2026-08-13 2710 1457.021 -26.938 -1.815
=======
2026-05-11 1957 2177.299 0 0
2026-05-12 1882 2263.856 0 0
2026-05-13 1946 2168.138 0 0
2026-05-14 1978 2118.843 0 0
2026-05-15 2012 2092.452 0 0
2026-05-16 2022 2062.848 0 0
2026-05-17 2018 2062.848 0 0
2026-05-18 2008 2062.848 0 0
2026-05-19 2207 1886.112 0 0
2026-05-20 2243 1850.422 0 0
2026-05-21 2182 1915.169 0 0
2026-05-22 2183 1913.118 0 0
2026-05-23 2131 1971.027 0 0
2026-05-24 2129 1971.027 0 0
2026-05-25 2130 1971.027 0 0
2026-05-26 2135 1971.027 0 0
2026-05-27 2027 2058.199 0 0
2026-05-28 2009 2085.342 0 0
2026-05-29 2047 2037.209 0 0
2026-05-30 2077 2006.58 0 0
2026-05-31 2080 2006.58 0 0
2026-06-01 2080 2006.58 0 0
2026-06-02 2057 2031.876 0 0
2026-06-03 1980 2106.742 0 0
2026-06-04 1962 2111.254 0 0
2026-06-05 1968 2113.51 0 0
2026-06-06 2060 2009.656 0 0
2026-06-07 2058 2009.656 0 0
2026-06-09 1998 2069.343 0 0
2026-06-10 2059 2000.358 0 0
2026-06-11 2215 1855.619 0 0
2026-06-12 2010 2048.149 0 0
2026-06-13 1989 2077.206 0 0
2026-06-14 1997 2077.206 0 0
2026-06-16 1959 2137.235 0 0
2026-06-17 2012 2063.19 0 0
2026-06-18 2006 2072.283 0 0
2026-06-19 1993 2093.956 0 0
2026-06-20 1990 2093.956 0 0
2026-06-21 1991 2093.956 0 0
2026-06-22 1984 2093.956 0 0
2026-06-23 1917 2166.429 0 0
2026-06-24 2009 2054.985 0 0
2026-06-25 1992 2075.428 0 0
2026-06-26 1882 2176.0 0 0
2026-06-27 2088 1974.787 0 0
2026-06-28 2089 1974.787 0 0
2026-06-29 2090 1974.787 0 0
2026-06-30 2086 1983.812 0 0
2026-07-01 2050 2019.843 0 0
2026-07-02 2219 1872.848 0 0
2026-07-03 2359 1746.158 0 0
2026-07-04 2364 1746.158 0 0
2026-07-05 2364 1746.158 0 0
2026-07-06 2367 1746.158 0 0
2026-07-07 2349 1757.918 0 0
2026-07-08 2458 1662.2 0 0
2026-07-09 2453 1647.158 0 0
2026-07-10 2431 1679.497 0 0
2026-07-11 2461 1649.483 0 0
2026-07-12 2463 1649.483 0 0
2026-07-13 2457 1649.483 0 0
2026-07-14 2501 1604.837 0 0
2026-07-15 2446 1663.567 0 0
2026-07-16 2349 1750.807 0 0
2026-07-17 2424 1674.096 0 0
2026-07-18 2430 1653.585 0 0
2026-07-19 2431 1653.585 0 0
2026-07-20 2429 1653.585 0 0
2026-07-21 2466 1622.75 0 0
2026-07-22 2349 1732.894 0 0
2026-07-23 2375 1707.529 0 0
2026-07-24 2359 1719.767 0 0
2026-07-25 2433 1649.62 0 0
2026-07-26 2434 1649.62 0 0
2026-07-27 2436 1649.62 0 0
2026-07-28 2529 1560.876 0 0
2026-07-29 2687 1436.237 0 0
2026-07-30 2821 1336.348 0 0
2026-07-31 2629 1492.984 0 0
2026-08-01 2650 1488.745 0 0
2026-08-02 2652 1488.745 0 0
2026-08-03 2654 1488.745 0 0
2026-08-04 2553 1564.226 0 0
2026-08-05 2638 1507.205 0 0
2026-08-06 2680 1486.352 0 0
2026-08-07 2683 1479.72 0 0
2026-08-08 2641 1508.436 0 0
2026-08-09 2641 1508.436 0 0
2026-08-10 2641 1508.436 0 0
2026-08-11 2689 1478.763 0 0
2026-08-12 2684 1486.694 0 0
2026-08-13 2688 1483.959 0 0
2026-08-14 2712 1457.021 0 0
>>>>>>> 2b550085baac25c543016ca743053a87bf115d5d
2026-08-15 2633 1521.563 0 0
2026-08-16 2639 1521.563 0 0
2026-08-17 2639 1521.563 0 0
2026-08-18 2589 1557.457 0 0
2026-08-19 2718 1453.671 0 0
