2026-03-10 2739 1400 0 0
2026-03-11 2755 1400 0 0
2026-03-12 2746 1400 0 0
2026-03-13 2730 1400 0 0
2026-03-14 2720 1400 0 0
2026-03-15 2721 1400 0 0
2026-03-16 2728 1400 0 0
2026-03-17 2718 1400 0 0
2026-03-18 2722 1400 0 0
2026-03-19 2710 1400 0 0
2026-03-20 2696 1400 0 0
2026-03-21 2694 1400 0 0
2026-03-22 2694 1400 0 0
2026-03-23 2669 1400 0 0
2026-03-24 2673 1400 0 0
2026-03-25 2691 1400 0 0
2026-03-27 2684 1400 0 0
2026-03-28 2681 1400 0 0
2026-03-29 2681 1400 0 0
2026-03-30 2673 1400 0 0
2026-03-31 2665 1400 0 0
2026-04-01 2693 1400 0 0
2026-04-02 2690 1400 0 0
2026-04-03 2690 1400 0 0
2026-04-04 2690 1400 0 0
2026-04-05 2690 1400 0 0
2026-04-06 2693 1400 0 0
2026-04-07 2695 1400 0 0
2026-04-08 2727 1400 0 0
2026-04-09 2729 1400 0 0
2026-04-10 2740 1400 0 0
2026-04-11 2740 1400 0 0
2026-04-12 2740 1400 0 0
2026-04-13 2746 1400 0 0
2026-04-14 2746 1400 0 0
2026-04-15 2760 1400 0 0
2026-04-16 2767 1400 0 0
2026-04-17 2779 1400 0 0
2026-04-18 2779 1400 0 0
2026-04-19 2779 1400 0 0
2026-04-20 2775 1400 0 0
2026-04-21 2777 1400 0 0
2026-04-22 2773 1400 0 0
2026-04-23 2764 1400 0 0
2026-04-24 2755 1400 0 0
2026-04-25 2753 1400 0 0
2026-04-26 2753 1400 0 0
2026-04-27 2762 1400 0 0
2026-04-28 2763 1400 0 0
2026-04-29 2761 1400 0 0
2026-04-30 2764 1400 0 0
2026-05-01 2771 1400 0 0
2026-05-02 2771 1400 0 0
2026-05-04 2765 1400 0 0
<<<<<<< HEAD
2026-05-05 2773 1400 0 0
2026-05-06 2781 1400 0 0
2026-05-07 2801 1400 0 0
2026-05-08 2806 1400 0 0
2026-05-09 2807 1400 0 0
2026-05-10 2807 1400 0 0
2026-05-11 2804 1400 0 0
2026-05-12 2793 1400 0 0
2026-05-13 2791 1400 0 0
2026-05-14 2785 1400 0 0
2026-05-15 2774 1400 0 0
2026-05-16 2766 1400 0 0
2026-05-17 2766 1400 0 0
2026-05-18 2757 1400 0 0
2026-05-19 2761 1400 0 0
2026-05-20 2754 1400 0 0
2026-05-21 2754 1400 0 0
2026-05-22 2770 1400 0 0
2026-05-23 2767 1400 0 0
2026-05-24 2767 1400 0 0
2026-05-26 2764 1400 0 0
2026-05-27 2759 1400 0 0
2026-05-28 2766 1400 0 0
2026-05-29 2763 1400 0 0
2026-05-31 2766 1400 0 0
2026-06-01 2770 1400 0 0
2026-06-02 2762 1400 0 0
2026-06-03 2761 1400 0 0
2026-06-04 2750 1400 0 0
2026-06-05 2744 1400 0 0
2026-06-06 2743 1400 0 0
2026-06-07 2743 1400 0 0
2026-06-08 2720 1400 0 0
2026-06-09 2732 1400 0 0
2026-06-10 2729 1400 0 0
2026-06-11 2726 1400 0 0
2026-06-12 2737 1400 0 0
2026-06-13 2744 1400 0 0
2026-06-15 2759 1400 0 0
2026-06-16 2762 1400 0 0
2026-06-17 2755 1400 0 0
2026-06-18 2758 1400 0 0
2026-06-19 2757 1400 0 0
2026-06-20 2757 1400 0 0
2026-06-21 2757 1400 0 0
2026-06-23 2745 1400 0 0
2026-06-24 2745 1400 0 0
2026-06-25 2747 1400 0 0
2026-06-26 2751 1400 0 0
2026-06-27 2752 1400 0 0
2026-06-28 2752 1400 0 0
2026-06-29 2749 1400 0 0
2026-06-30 2753 1400 0 0
2026-07-01 2766 1400 0 0
2026-07-02 1432 2951.47 1551.47 110.819
2026-07-03 1436 2951.47 0 0
2026-07-04 1436 2951.47 0 0
2026-07-05 1436 2951.47 0 0
2026-07-06 1420 2979.399 27.929 0.946
2026-07-07 1388 3029.508 50.109 1.682
2026-07-08 1481 2811.823 -217.685 -7.185
2026-07-09 1478 2819.216 7.393 0.263
2026-07-10 1542 2703.392 -115.824 -4.108
2026-07-11 1545 2703.392 0 0
2026-07-12 1545 2703.392 0 0
2026-07-13 1589 2610.568 -92.824 -3.434
2026-07-14 1555 2669.713 59.145 2.266
2026-07-15 1531 2739.536 69.823 2.615
2026-07-16 1569 2638.497 -101.039 -3.688
2026-07-17 1551 2661.498 23.001 0.872
2026-07-18 1548 2661.498 0 0
2026-07-19 1548 2661.498 0 0
2026-07-20 1515 2745.286 83.788 3.148
2026-07-21 1501 2783.073 37.787 1.376
2026-07-22 1503 2774.858 -8.215 -0.295
2026-07-23 1522 2739.536 -35.322 -1.273
2026-07-24 1486 2797.859 58.323 2.129
2026-07-25 1485 2797.859 0 0
2026-07-26 1485 2797.859 0 0
2026-07-27 1520 2732.143 -65.716 -2.349
2026-07-28 1533 2685.32 -46.823 -1.714
2026-07-29 1536 2686.142 0.822 0.031
2026-07-30 1444 2853.717 167.575 6.239
2026-07-31 1431 2891.504 37.787 1.324
2026-08-01 1431 2891.504 0 0
2026-08-02 1431 2891.504 0 0
2026-08-03 1401 2975.292 83.788 2.898
2026-08-04 1371 3076.33 101.038 3.396
2026-08-05 1200 3593.844 517.514 16.822
2026-08-06 1165 3708.847 115.003 3.2
2026-08-07 1187 3651.345 -57.502 -1.55
2026-08-08 1187 3651.345 0 0
2026-08-09 1187 3651.345 0 0
2026-08-10 1021 4224.717 573.372 15.703
2026-08-11 971 4389.829 165.112 3.908
2026-08-12 1071 4023.462 -366.367 -8.346
2026-08-13 1292 3361.373 -662.089 -16.456
=======
2026-05-05 2766 1400.0 0 0
2026-05-06 2772 1400.0 0 0
2026-05-07 2785 1400.0 0 0
2026-05-08 2803 1400.0 0 0
2026-05-09 2808 1400.0 0 0
2026-05-10 2809 1400.0 0 0
2026-05-11 2810 1400.0 0 0
2026-05-12 2806 1400.0 0 0
2026-05-13 2798 1400.0 0 0
2026-05-14 2786 1400.0 0 0
2026-05-15 2789 1400.0 0 0
2026-05-16 2776 1400.0 0 0
2026-05-17 2768 1400.0 0 0
2026-05-18 2758 1400.0 0 0
2026-05-19 2758 1400.0 0 0
2026-05-20 2756 1400.0 0 0
2026-05-21 2764 1400.0 0 0
2026-05-22 2764 1400.0 0 0
2026-05-23 2772 1400.0 0 0
2026-05-24 2769 1400.0 0 0
2026-05-25 2768 1400.0 0 0
2026-05-26 2767 1400.0 0 0
2026-05-27 2758 1400.0 0 0
2026-05-28 2763 1400.0 0 0
2026-05-29 2765 1400.0 0 0
2026-05-30 2765 1400.0 0 0
2026-05-31 2768 1400.0 0 0
2026-06-01 2774 1400.0 0 0
2026-06-02 2771 1400.0 0 0
2026-06-03 2766 1400.0 0 0
2026-06-04 2752 1400.0 0 0
2026-06-05 2754 1400.0 0 0
2026-06-06 2746 1400.0 0 0
2026-06-07 2745 1400.0 0 0
2026-06-09 2727 1400.0 0 0
2026-06-10 2725 1400.0 0 0
2026-06-11 2724 1400.0 0 0
2026-06-12 2734 1400.0 0 0
2026-06-13 2739 1400.0 0 0
2026-06-14 2746 1400.0 0 0
2026-06-16 2758 1400.0 0 0
2026-06-17 2762 1400.0 0 0
2026-06-18 2758 1400.0 0 0
2026-06-19 2761 1400.0 0 0
2026-06-20 2759 1400.0 0 0
2026-06-21 2759 1400.0 0 0
2026-06-22 2752 1400.0 0 0
2026-06-23 2752 1400.0 0 0
2026-06-24 2751 1400.0 0 0
2026-06-25 2749 1400.0 0 0
2026-06-26 2741 1400.0 0 0
2026-06-27 2753 1400.0 0 0
2026-06-28 2754 1400.0 0 0
2026-06-29 2755 1400.0 0 0
2026-06-30 2750 1400.0 0 0
2026-07-01 2760 1400.0 0 0
2026-07-02 2766 1400.0 0 0
2026-07-03 1433 2951.47 0 0
2026-07-04 1436 2951.47 0 0
2026-07-05 1436 2951.47 0 0
2026-07-06 1433 2951.47 0 0
2026-07-07 1417 2979.399 0 0
2026-07-08 1385 3029.508 0 0
2026-07-09 1480 2811.823 0 0
2026-07-10 1481 2819.216 0 0
2026-07-11 1542 2703.392 0 0
2026-07-12 1545 2703.392 0 0
2026-07-13 1544 2703.392 0 0
2026-07-14 1585 2610.568 0 0
2026-07-15 1557 2669.713 0 0
2026-07-16 1531 2739.536 0 0
2026-07-17 1567 2638.497 0 0
2026-07-18 1551 2661.498 0 0
2026-07-19 1548 2661.498 0 0
2026-07-20 1544 2661.498 0 0
2026-07-21 1516 2745.286 0 0
2026-07-22 1504 2783.073 0 0
2026-07-23 1502 2774.858 0 0
2026-07-24 1514 2739.536 0 0
2026-07-25 1486 2797.859 0 0
2026-07-26 1485 2797.859 0 0
2026-07-27 1485 2797.859 0 0
2026-07-28 1516 2732.143 0 0
2026-07-29 1535 2685.32 0 0
2026-07-30 1536 2686.142 0 0
2026-07-31 1449 2853.717 0 0
2026-08-01 1431 2891.504 0 0
2026-08-02 1431 2891.504 0 0
2026-08-03 1435 2891.504 0 0
2026-08-04 1401 2975.292 0 0
2026-08-05 1374 3076.33 0 0
2026-08-06 1203 3593.844 0 0
2026-08-07 1165 3708.847 0 0
2026-08-08 1187 3651.345 0 0
2026-08-09 1187 3651.345 0 0
2026-08-10 1190 3651.345 0 0
2026-08-11 1019 4224.717 0 0
2026-08-12 974 4389.829 0 0
2026-08-13 1069 4023.462 0 0
2026-08-14 1291 3361.373 0 0
>>>>>>> 2b550085baac25c543016ca743053a87bf115d5d
2026-08-15 1328 3229.12 0 0
2026-08-16 1328 3229.12 0 0
2026-08-17 1328 3229.12 0 0
