2026-03-10 2207 1874.16 0 0
2026-03-11 2203 1874.249 0.089 0.005
2026-03-12 2195 1874.162 -0.087 -0.005
2026-03-13 2186 1874.355 0.193 0.01
2026-03-14 2182 1874.05 -0.305 -0.016
2026-03-15 2182 1874.05 0 0
2026-03-16 2186 1874.05 0 0
2026-03-17 2186 1874.049 -0.001 0
2026-03-18 2190 1874.049 0 0
2026-03-19 2180 1874.063 0.014 0.001
2026-03-20 2175 1873.998 -0.065 -0.003
2026-03-21 2174 1874.051 0.053 0.003
2026-03-22 2174 1874.051 0 0
2026-03-23 2164 1874.051 0 0
2026-03-24 2166 1874.108 0.057 0.003
2026-03-25 2170 1874.105 -0.003 0
2026-03-27 2166 1874.105 0 0
2026-03-28 2161 1874.178 0.073 0.004
2026-03-29 2161 1874.178 0 0
2026-03-30 2160 1874.178 0 0
2026-03-31 2161 1873.977 -0.201 -0.011
2026-04-01 2168 1873.924 -0.053 -0.003
2026-04-02 2167 1874.209 0.285 0.015
2026-04-03 2157 1874.01 -0.199 -0.011
2026-04-04 2157 1874.01 0 0
2026-04-05 2157 1874.01 0 0
2026-04-06 2162 1874.01 0 0
2026-04-07 2159 1874.004 -0.006 0
2026-04-08 2185 1874.004 0 0
2026-04-09 2197 1874.152 0.148 0.008
2026-04-10 2198 1874.266 0.114 0.006
2026-04-11 2201 1874.117 -0.149 -0.008
2026-04-12 2201 1874.117 0 0
2026-04-13 2208 1874.117 0 0
2026-04-14 2213 1874.161 0.044 0.002
2026-04-15 2225 1874.204 0.043 0.002
2026-04-16 2223 1874.283 0.079 0.004
2026-04-17 2239 1874.25 -0.033 -0.002
2026-04-18 2243 1874.283 0.033 0.002
2026-04-19 2243 1874.283 0 0
2026-04-20 2235 1874.283 0 0
2026-04-21 2230 1874.159 -0.124 -0.007
2026-04-22 2234 1874.194 0.035 0.002
2026-04-23 2213 1874.189 -0.005 0
2026-04-24 2209 1874.195 0.006 0
2026-04-25 2207 1874.189 -0.006 0
2026-04-26 2207 1874.189 0 0
2026-04-27 2217 1874.189 0 0
2026-04-28 2211 1874.273 0.084 0.004
2026-04-29 2209 1874.232 -0.041 -0.002
2026-04-30 2205 1874.189 -0.043 -0.002
2026-05-01 2214 1874.387 0.198 0.011
2026-05-02 2216 1874.41 0.023 0.001
2026-05-04 2217 1874.41 0 0
2026-05-05 2221 1874.362 -0.048 -0.003
2026-05-06 2228 1874.362 0 0
2026-05-07 2243 1874.397 0.035 0.002
2026-05-08 2248 1874.462 0.065 0.003
2026-05-09 2247 1874.458 -0.004 0
2026-05-10 2247 1874.458 0 0
<<<<<<< HEAD
2026-05-11 2241 1874.458 0 0
2026-05-12 2234 1874.467 0.009 0
2026-05-13 2232 1874.204 -0.263 -0.014
2026-05-14 2230 1874.245 0.041 0.002
2026-05-15 2225 1874.314 0.069 0.004
2026-05-16 2220 1874.308 -0.006 0
2026-05-17 2220 1874.308 0 0
2026-05-18 2219 1874.308 0 0
2026-05-19 2220 1874.16 -0.148 -0.008
2026-05-20 2222 1874.341 0.181 0.01
2026-05-21 2226 1874.325 -0.016 -0.001
2026-05-22 2237 1874.325 0 0
2026-05-23 2238 1874.369 0.044 0.002
2026-05-24 2238 1874.369 0 0
2026-05-26 2240 1874.369 0 0
2026-05-27 2234 1874.335 -0.034 -0.002
2026-05-28 2227 1874.313 -0.022 -0.001
2026-05-29 2223 1874.185 -0.128 -0.007
2026-05-31 2225 1874.355 0.17 0.009
2026-06-01 2223 1874.355 0 0
2026-06-02 2221 1874.372 0.017 0.001
2026-06-03 2212 1874.35 -0.022 -0.001
2026-06-04 2217 1874.281 -0.069 -0.004
2026-06-05 2212 1874.33 0.049 0.003
2026-06-06 2210 1874.291 -0.039 -0.002
2026-06-07 2210 1874.291 0 0
2026-06-08 2199 1874.291 0 0
2026-06-09 2205 1874.306 0.015 0.001
2026-06-10 2200 1874.343 0.037 0.002
2026-06-11 2199 1874.255 -0.088 -0.005
2026-06-12 2212 1874.248 -0.007 0
2026-06-13 2218 1874.266 0.018 0.001
2026-06-15 2227 1874.266 0 0
2026-06-16 2224 1874.329 0.063 0.003
2026-06-17 2227 1874.274 -0.055 -0.003
2026-06-18 2222 1874.387 0.113 0.006
2026-06-19 2221 1874.196 -0.191 -0.01
2026-06-20 2221 1874.196 0 0
2026-06-21 2221 1874.196 0 0
2026-06-23 2199 1874.204 0.008 0
2026-06-24 2197 1874.161 -0.043 -0.002
2026-06-25 2187 1874.122 -0.039 -0.002
2026-06-26 2195 1874.163 0.041 0.002
2026-06-27 2194 1874.16 -0.003 0
2026-06-28 2193 1874.16 0 0
2026-06-29 2194 1874.16 0 0
2026-06-30 2208 1874.238 0.078 0.004
2026-07-01 2216 1874.211 -0.027 -0.001
2026-07-02 2213 1874.123 -0.088 -0.005
2026-07-03 2220 1874.282 0.159 0.008
2026-07-04 2220 1874.282 0 0
2026-07-05 2220 1874.282 0 0
2026-07-06 2223 1874.282 0 0
2026-07-07 2216 1874.315 0.033 0.002
2026-07-08 2203 1874.286 -0.029 -0.002
2026-07-09 2203 1874.28 -0.006 0
2026-07-10 2211 1874.295 0.015 0.001
2026-07-11 2211 1874.307 0.012 0.001
2026-07-12 2211 1874.307 0 0
2026-07-13 2203 1874.307 0 0
2026-07-14 2199 1874.283 -0.024 -0.001
2026-07-15 2207 1874.305 0.022 0.001
2026-07-16 2207 1874.355 0.05 0.003
2026-07-17 2197 1874.362 0.007 0
2026-07-18 2196 1874.286 -0.076 -0.004
2026-07-19 2195 1874.286 0 0
2026-07-20 2185 1874.286 0 0
2026-07-21 2189 1874.322 0.036 0.002
2026-07-22 2180 1874.28 -0.042 -0.002
2026-07-23 2187 1874.282 0.002 0
2026-07-24 2176 1874.242 -0.04 -0.002
2026-07-25 2176 1874.25 0.008 0
2026-07-26 2176 1874.25 0 0
2026-07-27 2194 1874.25 0 0
2026-07-28 2191 1874.231 -0.019 -0.001
2026-07-29 2195 1874.224 -0.007 0
2026-07-30 2194 1874.222 -0.002 0
2026-07-31 2203 1874.32 0.098 0.005
2026-08-01 2205 1874.34 0.02 0.001
2026-08-02 2205 1874.34 0 0
2026-08-03 2207 1874.34 0 0
2026-08-04 2216 1874.235 -0.105 -0.006
2026-08-05 2232 1874.332 0.097 0.005
2026-08-06 2223 1874.355 0.023 0.001
2026-08-07 2234 1874.346 -0.009 0
2026-08-08 2234 1874.407 0.061 0.003
2026-08-09 2234 1874.407 0 0
2026-08-10 2243 1874.407 0 0
2026-08-11 2244 1874.407 0 0
2026-08-12 2243 1874.376 -0.031 -0.002
2026-08-13 2242 1874.376 0 0
=======
2026-05-11 2244 1874.458 0 0
2026-05-12 2242 1874.458 0 0
2026-05-13 2234 1874.467 0 0
2026-05-14 2224 1874.204 0 0
2026-05-15 2233 1874.245 0 0
2026-05-16 2225 1874.314 0 0
2026-05-17 2220 1874.308 0 0
2026-05-18 2218 1874.308 0 0
2026-05-19 2218 1874.308 0 0
2026-05-20 2220 1874.16 0 0
2026-05-21 2224 1874.341 0 0
2026-05-22 2234 1874.325 0 0
2026-05-23 2237 1874.325 0 0
2026-05-24 2238 1874.369 0 0
2026-05-25 2241 1874.369 0 0
2026-05-26 2236 1874.369 0 0
2026-05-27 2229 1874.369 0 0
2026-05-28 2229 1874.335 0 0
2026-05-29 2225 1874.313 0 0
2026-05-30 2223 1874.185 0 0
2026-05-31 2225 1874.355 0 0
2026-06-01 2227 1874.355 0 0
2026-06-02 2223 1874.355 0 0
2026-06-03 2217 1874.372 0 0
2026-06-04 2216 1874.35 0 0
2026-06-05 2219 1874.281 0 0
2026-06-06 2212 1874.33 0 0
2026-06-07 2210 1874.291 0 0
2026-06-09 2198 1874.291 0 0
2026-06-10 2204 1874.306 0 0
2026-06-11 2197 1874.343 0 0
2026-06-12 2209 1874.255 0 0
2026-06-13 2212 1874.248 0 0
2026-06-14 2218 1874.266 0 0
2026-06-16 2226 1874.266 0 0
2026-06-17 2227 1874.329 0 0
2026-06-18 2223 1874.274 0 0
2026-06-19 2222 1874.387 0 0
2026-06-20 2221 1874.196 0 0
2026-06-21 2221 1874.196 0 0
2026-06-22 2217 1874.196 0 0
2026-06-23 2214 1874.196 0 0
2026-06-24 2202 1874.204 0 0
2026-06-25 2200 1874.161 0 0
2026-06-26 2177 1874.122 0 0
2026-06-27 2195 1874.163 0 0
2026-06-28 2194 1874.16 0 0
2026-06-29 2195 1874.16 0 0
2026-06-30 2201 1874.16 0 0
2026-07-01 2208 1874.238 0 0
2026-07-02 2216 1874.211 0 0
2026-07-03 2220 1874.123 0 0
2026-07-04 2220 1874.282 0 0
2026-07-05 2220 1874.282 0 0
2026-07-06 2227 1874.282 0 0
2026-07-07 2217 1874.282 0 0
2026-07-08 2214 1874.315 0 0
2026-07-09 2199 1874.286 0 0
2026-07-10 2206 1874.28 0 0
2026-07-11 2211 1874.295 0 0
2026-07-12 2211 1874.307 0 0
2026-07-13 2205 1874.307 0 0
2026-07-14 2200 1874.307 0 0
2026-07-15 2205 1874.283 0 0
2026-07-16 2211 1874.305 0 0
2026-07-17 2199 1874.355 0 0
2026-07-18 2197 1874.362 0 0
2026-07-19 2196 1874.286 0 0
2026-07-20 2192 1874.286 0 0
2026-07-21 2184 1874.286 0 0
2026-07-22 2193 1874.322 0 0
2026-07-23 2185 1874.28 0 0
2026-07-24 2177 1874.282 0 0
2026-07-25 2176 1874.242 0 0
2026-07-26 2176 1874.25 0 0
2026-07-27 2186 1874.25 0 0
2026-07-28 2187 1874.25 0 0
2026-07-29 2198 1874.231 0 0
2026-07-30 2194 1874.224 0 0
2026-07-31 2200 1874.222 0 0
2026-08-01 2203 1874.32 0 0
2026-08-02 2205 1874.34 0 0
2026-08-03 2204 1874.34 0 0
2026-08-04 2209 1874.34 0 0
2026-08-05 2225 1874.235 0 0
2026-08-06 2230 1874.332 0 0
2026-08-07 2225 1874.355 0 0
2026-08-08 2234 1874.346 0 0
2026-08-09 2234 1874.407 0 0
2026-08-10 2238 1874.407 0 0
2026-08-11 2242 1874.407 0 0
2026-08-12 2242 1874.407 0 0
2026-08-13 2243 1874.376 0 0
2026-08-14 2243 1874.376 0 0
>>>>>>> 2b550085baac25c543016ca743053a87bf115d5d
2026-08-15 2247 1874.376 0 0
2026-08-16 2253 1874.449 0 0
2026-08-17 2253 1874.449 0 0
