2026-01-09 1291 3200 0 0
2026-01-10 1291 3200 0 0
2026-01-11 1291 3200 0 0
2026-01-12 1291 3200 0 0
2026-01-13 1198 3469.057 269.057 8.408
2026-01-14 1192 3480.622 11.565 0.333
2026-01-15 1223 3402.178 -78.444 -2.254
2026-01-16 978 4162.387 760.209 22.345
2026-01-17 979 4161.32 -1.067 -0.026
2026-01-18 978 4161.32 0 0
2026-01-19 1152 3591.276 -570.044 -13.699
2026-01-20 1094 3705.285 114.009 3.175
2026-01-21 1051 3846.389 141.104 3.808
2026-01-22 1084 3753.703 -92.686 -2.41
2026-01-23 1161 3573.099 -180.604 -4.811
2026-01-24 1161 3572.641 -0.458 -0.013
2026-01-25 1161 3572.641 0 0
2026-01-26 1128 3667.658 95.017 2.66
2026-01-27 888 4639.208 971.55 26.49
2026-01-28 886 4636.297 -2.911 -0.063
2026-01-29 871 4749.33 113.033 2.438
2026-01-30 911 4491.024 -258.306 -5.439
2026-01-31 911 4487.919 -3.105 -0.069
2026-02-01 910 4487.919 0 0
2026-02-02 826 4967.073 479.154 10.677
2026-02-03 734 5512.786 545.713 10.987
2026-02-04 810 5046.237 -466.549 -8.463
2026-02-05 883 4609.495 -436.742 -8.655
2026-02-06 931 4371.597 -237.898 -5.161
2026-02-07 931 4371.206 -0.391 -0.009
2026-02-08 931 4371.206 0 0
2026-02-09 848 4883.234 512.028 11.714
2026-02-10 801 5111.064 227.83 4.666
2026-02-11 854 4862.279 -248.785 -4.868
2026-02-12 728 5573.852 711.573 14.635
2026-02-13 630 6446.528 872.676 15.657
2026-02-14 634 6445.292 -1.236 -0.019
2026-02-15 634 6445.292 0 0
2026-02-16 437 8028.179 1582.887 24.559
2026-02-17 441 8028.179 0 0
2026-02-18 440 8030.542 2.363 0.029
2026-02-19 444 8031.467 0.925 0.012
2026-02-20 369 9198.019 1166.552 14.525
2026-02-21 370 9196.254 -1.765 -0.019
2026-02-22 369 9196.254 0 0
2026-02-23 453 7968.507 -1227.747 -13.351
2026-02-24 419 8339.685 371.178 4.658
2026-02-25 552 7137.478 -1202.207 -14.415
2026-02-26 515 7471.21 333.732 4.676
2026-02-27 537 7231.648 -239.562 -3.206
2026-02-28 539 7232.757 1.109 0.015
2026-03-01 539 7232.757 0 0
2026-03-02 554 7128.552 -104.205 -1.441
2026-03-03 476 7776.867 648.315 9.095
2026-03-04 563 6979.905 -796.962 -10.248
2026-03-05 493 7583.084 603.179 8.642
2026-03-06 492 7634.046 50.962 0.672
2026-03-07 492 7630.532 -3.514 -0.046
2026-03-08 491 7630.532 0 0
2026-03-09 353 9444.619 1814.087 23.774
2026-03-10 264 11560.802 2116.183 22.406
2026-03-11 299 10806.388 -754.414 -6.526
2026-03-12 312 10264.706 -541.682 -5.013
2026-03-13 347 9561.412 -703.294 -6.852
2026-03-14 347 9561.412 0 0
2026-03-15 347 9561.412 0 0
2026-03-16 340 9722.347 160.935 1.683
2026-03-17 339 9776.025 53.678 0.552
2026-03-18 258 11716.088 1940.063 19.845
2026-03-19 319 10079.96 -1636.128 -13.965
2026-03-20 342 9544.629 -535.331 -5.311
2026-03-21 344 9545.361 0.732 0.008
2026-03-22 344 9545.361 0 0
2026-03-23 388 8670.29 -875.071 -9.168
2026-03-24 334 9740.916 1070.626 12.348
2026-03-25 316 10213.052 472.136 4.847
2026-03-27 344 9370.641 -842.411 -8.248
2026-03-28 342 9366.095 -4.546 -0.049
2026-03-29 343 9366.095 0 0
2026-03-30 339 9593.152 227.057 2.424
2026-03-31 379 8789.458 -803.694 -8.378
2026-04-01 326 10018.367 1228.909 13.982
2026-04-02 374 8977.549 -1040.818 -10.389
2026-04-03 373 8977.32 -0.229 -0.003
2026-04-04 373 8977.32 0 0
2026-04-05 373 8977.32 0 0
2026-04-06 373 8977.32 0 0
2026-04-07 375 8977.778 0.458 0.005
2026-04-08 354 9445.814 468.036 5.213
2026-04-09 357 9443.468 -2.346 -0.025
2026-04-10 359 9439.49 -3.978 -0.042
2026-04-11 358 9442.263 2.773 0.029
2026-04-12 358 9442.263 0 0
2026-04-13 377 9082.737 -359.526 -3.808
2026-04-14 384 8996.094 -86.643 -0.954
2026-04-15 445 8017.535 -978.559 -10.878
2026-04-16 418 8516.643 499.108 6.225
2026-04-17 442 8133.597 -383.046 -4.498
2026-04-18 442 8129.234 -4.363 -0.054
2026-04-19 442 8129.234 0 0
2026-04-20 415 8626.073 496.839 6.112
2026-04-21 422 8501.852 -124.221 -1.44
2026-04-22 399 8782.222 280.37 3.298
2026-04-23 440 8121.39 -660.832 -7.525
2026-04-24 521 7355.696 -765.694 -9.428
2026-04-25 519 7354.006 -1.69 -0.023
2026-04-26 519 7354.006 0 0
2026-04-27 546 7093.896 -260.11 -3.537
2026-04-28 571 6839.927 -253.969 -3.58
2026-04-29 594 6695.014 -144.913 -2.119
2026-04-30 587 6741.607 46.593 0.696
2026-05-01 589 6744.361 2.754 0.041
2026-05-02 588 6742.984 -1.377 -0.02
2026-05-04 519 7400.259 657.275 9.748
2026-05-05 512 7454.367 54.108 0.731
2026-05-06 502 7591.535 137.168 1.84
2026-05-07 485 7759.633 168.098 2.214
2026-05-08 560 7025.917 -733.716 -9.456
2026-05-09 560 7027.801 1.884 0.027
2026-05-10 560 7027.801 0 0
<<<<<<< HEAD
2026-05-11 569 6975.743 -52.058 -0.741
2026-05-12 635 6535.785 -439.958 -6.307
2026-05-13 488 7742.709 1206.924 18.466
2026-05-14 452 8043.342 300.633 3.883
2026-05-15 505 7511.797 -531.545 -6.609
2026-05-16 504 7514.1 2.303 0.031
2026-05-17 504 7514.1 0 0
2026-05-18 497 7570.881 56.781 0.756
2026-05-19 546 7025.737 -545.144 -7.201
2026-05-20 624 6498.921 -526.816 -7.498
2026-05-21 626 6498.921 0 0
2026-05-22 535 7269.9 770.979 11.863
2026-05-23 536 7267.858 -2.042 -0.028
2026-05-24 536 7267.858 0 0
2026-05-26 533 7272.587 4.729 0.065
2026-05-27 452 8037.389 764.802 10.516
2026-05-28 468 7917.192 -120.197 -1.495
2026-05-29 469 7944.251 27.059 0.342
2026-05-31 470 7941.92 -2.331 -0.029
2026-06-01 597 6693.904 -1248.016 -15.714
2026-06-02 654 6310.909 -382.995 -5.722
2026-06-03 644 6382.225 71.316 1.13
2026-06-04 654 6273.251 -108.974 -1.707
2026-06-05 790 5230.032 -1043.219 -16.63
2026-06-06 790 5230.099 0.067 0.001
2026-06-07 790 5230.099 0 0
2026-06-08 876 4804.503 -425.596 -8.137
2026-06-09 953 4391.195 -413.308 -8.603
2026-06-10 981 4271.727 -119.468 -2.721
2026-06-11 1026 4112.937 -158.79 -3.717
2026-06-12 1132 3744.287 -368.65 -8.963
2026-06-13 1135 3744.717 0.43 0.011
2026-06-15 1071 4007.603 262.886 7.02
2026-06-16 1092 3940.071 -67.532 -1.685
2026-06-17 1013 4190.342 250.271 6.352
2026-06-18 905 4705.903 515.561 12.304
2026-06-19 902 4704.462 -1.441 -0.031
2026-06-20 902 4704.462 0 0
2026-06-21 902 4704.462 0 0
2026-06-23 872 4867.29 162.828 3.461
2026-06-24 933 4513.533 -353.757 -7.268
2026-06-25 977 4315.459 -198.074 -4.388
2026-06-26 1047 4035.443 -280.016 -6.489
2026-06-27 1046 4034.877 -0.566 -0.014
2026-06-28 1046 4034.877 0 0
2026-06-29 1042 4057.556 22.679 0.562
2026-06-30 1081 3939.781 -117.775 -2.903
2026-07-01 1084 3940.233 0.452 0.011
2026-07-02 1267 3370.672 -569.561 -14.455
2026-07-03 1301 3274.689 -95.983 -2.848
2026-07-04 1301 3274.689 0 0
2026-07-05 1301 3274.689 0 0
2026-07-06 1349 3165.092 -109.597 -3.347
2026-07-07 1383 3059.313 -105.779 -3.342
2026-07-08 1240 3426.033 366.72 11.987
2026-07-09 1486 2810.993 -615.04 -17.952
2026-07-10 1639 2539.653 -271.34 -9.653
2026-07-11 1640 2538.649 -1.004 -0.04
2026-07-12 1640 2538.649 0 0
2026-07-13 1957 2103.884 -434.765 -17.126
2026-07-14 1894 2174.407 70.523 3.352
2026-07-15 1690 2463.697 289.29 13.304
2026-07-16 1718 2419.9 -43.797 -1.778
2026-07-17 1996 2041.661 -378.239 -15.63
2026-07-18 1996 2041.426 -0.235 -0.012
2026-07-19 1995 2041.426 0 0
2026-07-20 2239 1824.997 -216.429 -10.602
2026-07-21 1954 2101.833 276.836 15.169
2026-07-22 2203 1861.595 -240.238 -11.43
2026-07-23 2178 1883.618 22.023 1.183
2026-07-24 2207 1852.216 -31.402 -1.667
2026-07-25 2207 1852.028 -0.188 -0.01
2026-07-26 2207 1852.028 0 0
2026-07-27 1895 2169.518 317.49 17.143
2026-07-28 2204 1863.319 -306.199 -14.114
2026-07-29 2034 2010.901 147.582 7.92
2026-07-30 2139 1925.51 -85.391 -4.246
2026-07-31 1898 2178.467 252.957 13.137
2026-08-01 1904 2179.078 0.611 0.028
2026-08-02 1904 2179.078 0 0
2026-08-03 1760 2335.942 156.864 7.199
2026-08-04 1918 2175.132 -160.81 -6.884
2026-08-05 1743 2397.759 222.627 10.235
2026-08-06 1506 2807.562 409.803 17.091
2026-08-07 1379 3083.053 275.491 9.812
2026-08-08 1382 3082.738 -0.315 -0.01
2026-08-09 1382 3082.738 0 0
2026-08-10 1402 3044.96 -37.778 -1.225
2026-08-11 1374 3097.85 52.89 1.737
2026-08-12 1288 3375.179 277.329 8.952
2026-08-13 1221 3558.069 182.89 5.419
=======
2026-05-11 588 6819.57 0 0
2026-05-12 597 6701.257 0 0
2026-05-13 580 6843.408 0 0
2026-05-14 461 7960.414 0 0
2026-05-15 488 7707.414 0 0
2026-05-16 505 7511.797 0 0
2026-05-17 504 7514.1 0 0
2026-05-18 510 7452.586 0 0
2026-05-19 553 6993.602 0 0
2026-05-20 594 6618.859 0 0
2026-05-21 649 6323.914 0 0
2026-05-22 559 6971.914 0 0
2026-05-23 535 7269.9 0 0
2026-05-24 536 7267.858 0 0
2026-05-25 535 7267.858 0 0
2026-05-26 577 6870.656 0 0
2026-05-27 472 7868.39 0 0
2026-05-28 471 7876.641 0 0
2026-05-29 438 8210.422 0 0
2026-05-30 469 7944.251 0 0
2026-05-31 470 7941.92 0 0
2026-06-01 586 6778.996 0 0
2026-06-02 640 6457.537 0 0
2026-06-03 640 6452.727 0 0
2026-06-04 652 6306.584 0 0
2026-06-05 765 5479.049 0 0
2026-06-06 790 5230.032 0 0
2026-06-07 790 5230.099 0 0
2026-06-09 931 4492.399 0 0
2026-06-10 1036 4045.119 0 0
2026-06-11 1042 4031.573 0 0
2026-06-12 1085 3899.254 0 0
2026-06-13 1132 3744.287 0 0
2026-06-14 1135 3744.717 0 0
2026-06-16 1086 3965.995 0 0
2026-06-17 1015 4182.187 0 0
2026-06-18 945 4527.083 0 0
2026-06-19 905 4705.903 0 0
2026-06-20 902 4704.462 0 0
2026-06-21 902 4704.462 0 0
2026-06-22 742 5653.674 0 0
2026-06-23 836 5034.417 0 0
2026-06-24 894 4753.877 0 0
2026-06-25 979 4294.283 0 0
2026-06-26 1062 3971.432 0 0
2026-06-27 1047 4035.443 0 0
2026-06-28 1046 4034.877 0 0
2026-06-29 1064 3981.961 0 0
2026-06-30 1057 4006.529 0 0
2026-07-01 1082 3939.781 0 0
2026-07-02 1218 3511.248 0 0
2026-07-03 1230 3463.253 0 0
2026-07-04 1301 3274.689 0 0
2026-07-05 1301 3274.689 0 0
2026-07-06 1331 3189.657 0 0
2026-07-07 1366 3106.514 0 0
2026-07-08 1391 3013.962 0 0
2026-07-09 1368 3059.43 0 0
2026-07-10 1678 2470.725 0 0
2026-07-11 1639 2539.653 0 0
2026-07-12 1640 2538.649 0 0
2026-07-13 1948 2119.006 0 0
2026-07-14 1913 2151.141 0 0
2026-07-15 1717 2425.882 0 0
2026-07-16 1625 2548.783 0 0
2026-07-17 1930 2134.428 0 0
2026-07-18 1996 2041.661 0 0
2026-07-19 1996 2041.426 0 0
2026-07-20 2204 1868.472 0 0
2026-07-21 2231 1831.613 0 0
2026-07-22 2154 1914.709 0 0
2026-07-23 2116 1946.643 0 0
2026-07-24 2208 1851.484 0 0
2026-07-25 2207 1852.216 0 0
2026-07-26 2207 1852.028 0 0
2026-07-27 2178 1880.375 0 0
2026-07-28 2016 2031.561 0 0
2026-07-29 1990 2061.745 0 0
2026-07-30 1990 2058.15 0 0
2026-07-31 1874 2210.84 0 0
2026-08-01 1898 2178.467 0 0
2026-08-02 1904 2179.078 0 0
2026-08-03 1752 2351.061 0 0
2026-08-04 1935 2150.729 0 0
2026-08-05 1806 2299.857 0 0
2026-08-06 1501 2819.114 0 0
2026-08-07 1330 3211.882 0 0
2026-08-08 1379 3083.053 0 0
2026-08-09 1382 3082.738 0 0
2026-08-10 1465 2897.623 0 0
2026-08-11 1359 3158.296 0 0
2026-08-12 1320 3254.631 0 0
2026-08-13 1240 3497.947 0 0
2026-08-14 1202 3626.058 0 0
>>>>>>> 2b550085baac25c543016ca743053a87bf115d5d
2026-08-15 1374 3106.7 0 0
2026-08-16 1374 3106.582 0 0
2026-08-17 1373 3106.582 0 0
2026-08-18 1357 3151.906 0 0
2026-08-19 1416 3011.151 0 0
2026-08-20 1530 2762.253 0 0
2026-08-21 1450 2933.493 0 0
2026-08-22 1314 3280.274 0 0
2026-08-23 1315 3281.446 0 0
2026-08-24 1315 3281.446 0 0
2026-08-25 1437 2950.655 0 0
2026-08-26 1494 2832.907 0 0
2026-08-27 1435 2973.907 0 0
2026-08-28 1488 2839.711 0 0
2026-08-29 1491 2839.457 0 0
