2026-03-10 2240 1841.207 0 0
2026-03-11 2194 1894.974 53.767 2.92
2026-03-12 2179 1894.078 -0.896 -0.047
2026-03-13 2173 1891.329 -2.749 -0.145
2026-03-14 2194 1857.357 -33.972 -1.796
2026-03-15 2194 1857.357 0 0
2026-03-16 2195 1857.357 0 0
2026-03-17 2213 1841.718 -15.639 -0.842
2026-03-18 2218 1841.718 0 0
2026-03-19 2221 1825.067 -16.651 -0.904
2026-03-20 2251 1793.044 -32.023 -1.755
2026-03-21 2249 1792.277 -0.767 -0.043
2026-03-22 2249 1792.277 0 0
2026-03-23 2236 1792.277 0 0
2026-03-24 2268 1758.896 -33.381 -1.862
2026-03-25 2269 1774.132 15.236 0.866
2026-03-27 2257 1774.132 0 0
2026-03-28 2266 1762.015 -12.117 -0.683
2026-03-29 2266 1762.015 0 0
2026-03-30 2263 1762.015 0 0
2026-03-31 2289 1743.532 -18.483 -1.049
2026-04-01 2300 1743.532 0 0
2026-04-02 2307 1737.159 -6.373 -0.366
2026-04-03 2258 1793.996 56.837 3.272
2026-04-04 2258 1793.996 0 0
2026-04-05 2258 1793.996 0 0
2026-04-06 2262 1793.996 0 0
2026-04-07 2236 1803.342 9.346 0.521
2026-04-08 2258 1803.342 0 0
2026-04-09 2243 1830.095 26.753 1.484
2026-04-10 2243 1831.096 1.001 0.055
2026-04-11 2239 1842.057 10.961 0.599
2026-04-12 2239 1842.057 0 0
2026-04-13 2235 1842.057 0 0
2026-04-14 2282 1803.498 -38.559 -2.093
2026-04-15 2287 1803.498 0 0
2026-04-16 2278 1829.499 26.001 1.442
2026-04-17 2272 1838.185 8.686 0.475
2026-04-18 2265 1851.904 13.719 0.746
2026-04-19 2265 1851.904 0 0
2026-04-20 2261 1851.904 0 0
2026-04-21 2268 1838.938 -12.966 -0.7
2026-04-22 2276 1829.679 -9.259 -0.503
2026-04-23 2259 1828.998 -0.681 -0.037
2026-04-24 2228 1860.764 31.766 1.737
2026-04-25 2255 1834.66 -26.104 -1.403
2026-04-26 2255 1834.66 0 0
2026-04-27 2253 1834.66 0 0
2026-04-28 2231 1854.856 20.196 1.101
2026-04-29 2252 1834.775 -20.081 -1.083
2026-04-30 2260 1822.655 -12.12 -0.661
2026-05-01 2278 1814.348 -8.307 -0.456
2026-05-02 2279 1814.348 0 0
2026-05-04 2280 1814.348 0 0
2026-05-05 2278 1824.214 9.866 0.544
2026-05-06 2283 1824.214 0 0
2026-05-07 2211 1908.066 83.852 4.597
2026-05-08 2199 1924.168 16.102 0.844
2026-05-09 2231 1894.093 -30.075 -1.563
2026-05-10 2231 1894.093 0 0
2026-05-11 2224 1894.093 0 0
2026-05-12 2285 1816.233 -77.86 -4.111
2026-05-13 2310 1796.399 -19.834 -1.092
2026-05-14 2299 1803.833 7.434 0.414
2026-05-15 2240 1860.658 56.825 3.15
2026-05-16 2243 1853.32 -7.338 -0.394
2026-05-17 2243 1853.32 0 0
2026-05-18 2236 1853.32 0 0
2026-05-19 2266 1829.683 -23.637 -1.275
2026-05-20 2271 1831.645 1.962 0.107
2026-05-21 2283 1817.114 -14.531 -0.793
2026-05-22 2296 1817.114 0 0
2026-05-23 2280 1840.865 23.751 1.307
2026-05-24 2280 1840.865 0 0
2026-05-26 2276 1840.865 0 0
2026-05-27 2260 1847.323 6.458 0.351
2026-05-28 2262 1844.57 -2.753 -0.149
2026-05-29 2255 1844.57 0 0
2026-05-31 2237 1861.916 17.346 0.94
2026-06-01 2234 1861.916 0 0
2026-06-02 2235 1859.697 -2.219 -0.119
2026-06-03 2252 1841.377 -18.32 -0.985
2026-06-04 2259 1830.766 -10.611 -0.576
2026-06-05 2246 1840.078 9.312 0.509
2026-06-06 2207 1876.028 35.95 1.954
2026-06-07 2207 1876.028 0 0
2026-06-08 2196 1876.028 0 0
2026-06-09 2250 1832.329 -43.699 -2.329
2026-06-10 2232 1841.895 9.566 0.522
2026-06-11 2233 1842.525 0.63 0.034
2026-06-12 2253 1836.403 -6.122 -0.332
2026-06-13 2225 1870.039 33.636 1.832
2026-06-15 2231 1870.039 0 0
2026-06-16 2244 1860.527 -9.512 -0.509
2026-06-17 2243 1860.589 0.062 0.003
2026-06-18 2237 1859.68 -0.909 -0.049
2026-06-19 2202 1892.728 33.048 1.777
2026-06-20 2202 1892.728 0 0
2026-06-21 2201 1892.728 0 0
2026-06-23 2154 1918.758 26.03 1.375
2026-06-24 2126 1941.335 22.577 1.177
2026-06-25 2116 1945.909 4.574 0.236
2026-06-26 2102 1955.339 9.43 0.485
2026-06-27 2105 1955.339 0 0
2026-06-28 2105 1955.339 0 0
2026-06-29 2106 1955.339 0 0
2026-06-30 2100 1973.696 18.357 0.939
2026-07-01 2091 1986.916 13.22 0.67
2026-07-02 2133 1949.399 -37.517 -1.888
2026-07-03 2137 1947.823 -1.576 -0.081
2026-07-04 2137 1947.823 0 0
2026-07-05 2137 1947.823 0 0
2026-07-06 2140 1947.823 0 0
2026-07-07 2087 1985.319 37.496 1.925
2026-07-08 2067 1991.58 6.261 0.315
2026-07-09 2123 1944.474 -47.106 -2.365
2026-07-10 2096 1976.593 32.119 1.652
2026-07-11 2102 1972.281 -4.312 -0.218
2026-07-12 2102 1972.281 0 0
2026-07-13 2093 1972.281 0 0
2026-07-14 2110 1954.783 -17.498 -0.887
2026-07-15 2148 1931.01 -23.773 -1.216
2026-07-16 2136 1933.89 2.88 0.149
2026-07-17 2135 1930.667 -3.223 -0.167
2026-07-18 2152 1908.631 -22.036 -1.141
2026-07-19 2151 1908.631 0 0
2026-07-20 2142 1908.631 0 0
2026-07-21 2143 1926.176 17.545 0.919
2026-07-22 2117 1944.37 18.194 0.945
2026-07-23 2176 1884.833 -59.537 -3.062
2026-07-24 2185 1869.786 -15.047 -0.798
2026-07-25 2180 1871.373 1.587 0.085
2026-07-26 2180 1871.373 0 0
2026-07-27 2197 1871.373 0 0
2026-07-28 2157 1911.638 40.265 2.152
2026-07-29 2136 1924.738 13.1 0.685
2026-07-30 2091 1967.726 42.988 2.233
2026-07-31 2131 1950.503 -17.223 -0.875
2026-08-01 2117 1963.314 12.811 0.657
2026-08-02 2117 1963.314 0 0
2026-08-03 2120 1963.314 0 0
2026-08-04 2135 1960.709 -2.605 -0.133
2026-08-05 2160 1947.786 -12.923 -0.659
2026-08-06 2129 1975.365 27.579 1.416
2026-08-07 2134 1976.226 0.861 0.044
2026-08-08 2114 1992 15.774 0.798
2026-08-09 2114 1992 0 0
2026-08-10 2117 1992 0 0
2026-08-11 2114 1992 0 0
2026-08-12 2153 1962.247 -29.753 -1.494
2026-08-13 2147 1970.106 7.859 0.401
2026-08-15 2173 1952.45 -17.656 -0.896
2026-08-16 2171 1952.45 0 0
2026-08-17 2168 1952.45 0 0
2026-08-18 2190 1933.916 -18.534 -0.949
2026-08-19 2186 1927.003 -6.913 -0.357
2026-08-20 2207 1911.688 -15.315 -0.795
2026-08-21 2206 1914.137 2.449 0.128
2026-08-23 2207 1913.359 -0.778 -0.041
2026-08-24 2200 1913.359 0 0
2026-08-25 2206 1912.541 -0.818 -0.043
2026-08-26 2202 1912.559 0.018 0.001
2026-08-27 2209 1915.03 2.471 0.129
2026-08-28 2205 1911.655 -3.375 -0.176
2026-08-29 2192 1926.133 14.478 0.757
2026-08-30 2192 1926.133 0 0
2026-08-31 2197 1926.133 0 0
2026-09-01 2192 1926.133 0 0
2026-09-02 2163 1947.038 0 0
2026-09-03 2159 1950.273 0 0
2026-09-04 2174 1940.233 0 0
2026-09-05 2163 1942.957 0 0
