2026-03-10 3333 1026.107 0 0
2026-03-11 3301 1048.942 22.835 2.225
2026-03-12 3300 1046.593 -2.349 -0.224
2026-03-13 3308 1034.57 -12.023 -1.149
2026-03-14 3309 1031.549 -3.021 -0.292
2026-03-15 3309 1031.549 0 0
2026-03-16 3301 1036.148 4.599 0.446
2026-03-17 3282 1052.082 15.934 1.538
2026-03-18 3268 1061.299 9.217 0.876
2026-03-19 3258 1060.468 -0.831 -0.078
2026-03-20 3255 1054.277 -6.191 -0.584
2026-03-21 3254 1054.277 0 0
2026-03-22 3253 1054.277 0 0
2026-03-23 3239 1054.277 0 0
2026-03-24 3257 1045.081 -9.196 -0.872
2026-03-25 3267 1045.169 0.088 0.008
2026-03-27 3268 1037.55 -7.619 -0.729
2026-03-28 3294 1022.416 -15.134 -1.459
2026-03-29 3294 1022.416 0 0
2026-03-30 3295 1021.742 -0.674 -0.066
2026-03-31 3309 1012.265 -9.477 -0.928
2026-04-01 3312 1020.436 8.171 0.807
2026-04-02 3294 1035.006 14.57 1.428
2026-04-03 3273 1040.9 5.894 0.569
2026-04-04 3273 1040.9 0 0
2026-04-05 3273 1040.9 0 0
2026-04-06 3277 1038.425 -2.475 -0.238
2026-04-07 3270 1044.208 5.783 0.557
2026-04-08 3291 1048.706 4.498 0.431
2026-04-09 3280 1062.289 13.583 1.295
2026-04-10 3294 1057.063 -5.226 -0.492
2026-04-11 3291 1061.862 4.799 0.454
2026-04-12 3291 1061.862 0 0
2026-04-13 3286 1065.236 3.374 0.318
2026-04-14 3291 1067.113 1.877 0.176
2026-04-15 3288 1078.18 11.067 1.037
2026-04-16 3269 1092.025 13.845 1.284
2026-04-17 3260 1096.883 4.858 0.445
2026-04-18 3265 1097.299 0.416 0.038
2026-04-19 3265 1097.299 0 0
2026-04-20 3254 1100.684 3.385 0.308
2026-04-21 3253 1100.716 0.032 0.003
2026-04-22 3268 1092.104 -8.612 -0.782
2026-04-23 3236 1105.438 13.334 1.221
2026-04-24 3216 1111.942 6.504 0.588
2026-04-25 3214 1111.942 0 0
2026-04-26 3214 1111.942 0 0
2026-04-27 3189 1125.306 13.364 1.202
2026-04-28 3176 1133.79 8.484 0.754
2026-04-29 3170 1134.959 1.169 0.103
2026-04-30 3167 1134.419 -0.54 -0.048
2026-05-01 3179 1128.706 -5.713 -0.504
2026-05-02 3181 1128.706 0 0
2026-05-04 3152 1146.949 18.243 1.616
2026-05-05 3132 1161.481 14.532 1.267
2026-05-06 3137 1161.481 0 0
2026-05-07 3111 1184.817 23.336 2.009
2026-05-08 3105 1188.498 3.681 0.311
2026-05-09 3109 1185.163 -3.335 -0.281
2026-05-10 3109 1185.163 0 0
<<<<<<< HEAD
2026-05-11 3115 1184.819 -0.344 -0.029
2026-05-12 3094 1189.156 4.337 0.366
2026-05-13 3093 1190.284 1.128 0.095
2026-05-14 3112 1177.347 -12.937 -1.087
2026-05-15 3102 1177.047 -0.3 -0.025
2026-05-16 3108 1171.238 -5.809 -0.494
2026-05-17 3108 1171.238 0 0
2026-05-18 3095 1180.407 9.169 0.783
2026-05-19 3108 1172.69 -7.717 -0.654
2026-05-20 3101 1177.096 4.406 0.376
2026-05-21 3103 1179.32 2.224 0.189
2026-05-22 3092 1183.882 4.562 0.387
2026-05-23 3093 1184.479 0.597 0.05
2026-05-24 3094 1184.479 0 0
2026-05-26 3098 1184.479 0 0
2026-05-27 3093 1185.375 0.896 0.076
2026-05-28 3118 1176.239 -9.136 -0.771
2026-05-29 3040 1217.249 41.01 3.487
2026-05-31 3036 1221.24 3.991 0.328
2026-06-01 3032 1221.24 0 0
2026-06-02 3028 1221.24 0 0
2026-06-03 3032 1212.103 -9.137 -0.748
2026-06-04 3076 1185.435 -26.668 -2.2
2026-06-05 3104 1161.496 -23.939 -2.019
2026-06-06 3108 1157.171 -4.325 -0.372
2026-06-07 3108 1157.171 0 0
2026-06-08 3102 1152.842 -4.329 -0.374
2026-06-09 3127 1139.799 -13.043 -1.131
2026-06-10 3108 1147.767 7.968 0.699
2026-06-11 3115 1141.059 -6.708 -0.584
2026-06-12 3137 1141.62 0.561 0.049
2026-06-13 3136 1144.293 2.673 0.234
2026-06-15 3135 1157.686 13.393 1.17
2026-06-16 3109 1168.797 11.111 0.96
2026-06-17 3122 1163.769 -5.028 -0.43
2026-06-18 3133 1159.15 -4.619 -0.397
2026-06-19 3147 1149.614 -9.536 -0.823
2026-06-20 3147 1149.614 0 0
2026-06-21 3147 1149.614 0 0
2026-06-23 3112 1158.349 8.735 0.76
2026-06-24 3121 1154.426 -3.923 -0.339
2026-06-25 3125 1141.992 -12.434 -1.077
2026-06-26 3112 1151.913 9.921 0.869
2026-06-27 3106 1160.367 8.454 0.734
2026-06-28 3106 1160.367 0 0
2026-06-29 3103 1164.964 4.597 0.396
2026-06-30 3099 1169.685 4.721 0.405
2026-07-01 3107 1167.655 -2.03 -0.174
2026-07-02 3120 1162.949 -4.706 -0.403
2026-07-03 3119 1171.213 8.264 0.711
2026-07-04 3119 1171.213 0 0
2026-07-05 3119 1171.213 0 0
2026-07-06 3104 1180.424 9.211 0.786
2026-07-07 3104 1174.545 -5.879 -0.498
2026-07-08 3090 1174.423 -0.122 -0.01
2026-07-09 3113 1159.079 -15.344 -1.307
2026-07-10 3094 1176.85 17.771 1.533
2026-07-11 3090 1178.874 2.024 0.172
2026-07-12 3090 1178.874 0 0
2026-07-13 3083 1173.759 -5.115 -0.434
2026-07-14 3091 1173.471 -0.288 -0.025
2026-07-15 3105 1167.18 -6.291 -0.536
2026-07-16 3089 1175.898 8.718 0.747
2026-07-17 3075 1176.656 0.758 0.064
2026-07-18 3085 1170.191 -6.465 -0.549
2026-07-19 3084 1170.191 0 0
2026-07-20 3101 1161.344 -8.847 -0.756
2026-07-21 3105 1162.054 0.71 0.061
2026-07-22 3091 1167.478 5.424 0.467
2026-07-23 3088 1168.05 0.572 0.049
2026-07-24 3066 1171.908 3.858 0.33
2026-07-25 3069 1171.335 -0.573 -0.049
2026-07-26 3069 1171.335 0 0
2026-07-27 3100 1162.48 -8.855 -0.756
2026-07-28 3085 1167.816 5.336 0.459
2026-07-29 3086 1170.388 2.572 0.22
2026-07-30 3080 1171.103 0.715 0.061
2026-07-31 3089 1175.389 4.286 0.366
2026-08-01 3081 1176.396 1.007 0.086
2026-08-02 3081 1176.396 0 0
2026-08-03 3098 1167.531 -8.865 -0.754
2026-08-04 3103 1173.81 6.279 0.538
2026-08-05 3091 1186.789 12.979 1.106
2026-08-06 3074 1201.08 14.291 1.204
2026-08-07 3076 1203.1 2.02 0.168
2026-08-08 3079 1202.658 -0.442 -0.037
2026-08-09 3079 1202.658 0 0
2026-08-10 3079 1202.658 0 0
2026-08-11 3050 1219.377 16.719 1.39
2026-08-12 3044 1219.426 0.049 0.004
2026-08-13 3039 1221.681 2.255 0.185
=======
2026-05-11 3117 1184.819 0 0
2026-05-12 3105 1189.438 0 0
2026-05-13 3088 1193.773 0 0
2026-05-14 3106 1176.299 0 0
2026-05-15 3129 1172.738 0 0
2026-05-16 3102 1177.047 0 0
2026-05-17 3108 1171.238 0 0
2026-05-18 3109 1171.238 0 0
2026-05-19 3096 1180.407 0 0
2026-05-20 3091 1181.799 0 0
2026-05-21 3108 1177.096 0 0
2026-05-22 3093 1183.882 0 0
2026-05-23 3092 1183.882 0 0
2026-05-24 3093 1184.479 0 0
2026-05-25 3109 1179.914 0 0
2026-05-26 3094 1184.479 0 0
2026-05-27 3096 1184.479 0 0
2026-05-28 3109 1176.239 0 0
2026-05-29 3123 1167.102 0 0
2026-05-30 3040 1217.249 0 0
2026-05-31 3036 1221.24 0 0
2026-06-01 3037 1221.24 0 0
2026-06-02 3031 1221.24 0 0
2026-06-03 3044 1212.103 0 0
2026-06-04 3051 1198.398 0 0
2026-06-05 3085 1180.903 0 0
2026-06-06 3104 1161.496 0 0
2026-06-07 3108 1157.171 0 0
2026-06-09 3113 1148.345 0 0
2026-06-10 3120 1139.799 0 0
2026-06-11 3111 1143.307 0 0
2026-06-12 3131 1145.511 0 0
2026-06-13 3137 1141.62 0 0
2026-06-14 3136 1144.293 0 0
2026-06-16 3122 1162.15 0 0
2026-06-17 3108 1168.797 0 0
2026-06-18 3109 1168.055 0 0
2026-06-19 3132 1159.15 0 0
2026-06-20 3147 1149.614 0 0
2026-06-21 3147 1149.614 0 0
2026-06-22 3117 1158.412 0 0
2026-06-23 3111 1162.811 0 0
2026-06-24 3125 1149.617 0 0
2026-06-25 3136 1141.303 0 0
2026-06-26 3113 1146.369 0 0
2026-06-27 3112 1151.913 0 0
2026-06-28 3106 1160.367 0 0
2026-06-29 3093 1169.23 0 0
2026-06-30 3107 1164.964 0 0
2026-07-01 3095 1174.135 0 0
2026-07-02 3111 1167.655 0 0
2026-07-03 3101 1171.798 0 0
2026-07-04 3119 1171.213 0 0
2026-07-05 3119 1171.213 0 0
2026-07-06 3102 1180.424 0 0
2026-07-07 3105 1175.984 0 0
2026-07-08 3097 1174.545 0 0
2026-07-09 3089 1169.973 0 0
2026-07-10 3112 1163.521 0 0
2026-07-11 3094 1176.85 0 0
2026-07-12 3090 1178.874 0 0
2026-07-13 3093 1174.423 0 0
2026-07-14 3080 1173.759 0 0
2026-07-15 3097 1173.471 0 0
2026-07-16 3099 1171.622 0 0
2026-07-17 3091 1171.456 0 0
2026-07-18 3075 1176.656 0 0
2026-07-19 3085 1170.191 0 0
2026-07-20 3106 1156.921 0 0
2026-07-21 3105 1161.344 0 0
2026-07-22 3105 1162.219 0 0
2026-07-23 3092 1167.478 0 0
2026-07-24 3081 1168.05 0 0
2026-07-25 3066 1171.908 0 0
2026-07-26 3069 1171.335 0 0
2026-07-27 3081 1166.907 0 0
2026-07-28 3097 1162.48 0 0
2026-07-29 3085 1172.25 0 0
2026-07-30 3092 1165.961 0 0
2026-07-31 3082 1175.533 0 0
2026-08-01 3089 1175.389 0 0
2026-08-02 3081 1176.396 0 0
2026-08-03 3095 1167.531 0 0
2026-08-04 3094 1176.396 0 0
2026-08-05 3071 1195.924 0 0
2026-08-06 3065 1204.475 0 0
2026-08-07 3064 1205.505 0 0
2026-08-08 3076 1203.1 0 0
2026-08-09 3079 1202.658 0 0
2026-08-10 3084 1198.231 0 0
2026-08-11 3070 1207.086 0 0
2026-08-12 3039 1223.805 0 0
2026-08-13 3045 1219.426 0 0
2026-08-14 3042 1221.681 0 0
>>>>>>> 2b550085baac25c543016ca743053a87bf115d5d
2026-08-15 3012 1238.298 0 0
2026-08-16 3016 1238.601 0 0
2026-08-17 3016 1238.601 0 0
2026-08-18 3034 1229.735 0 0
2026-08-19 3031 1232.997 0 0
2026-08-20 3014 1234.286 0 0
2026-08-21 3054 1215.843 0 0
