2026-03-10 2582 1526.782 0 0
2026-03-11 2567 1539.047 12.265 0.803
2026-03-12 2601 1500.225 -38.822 -2.522
2026-03-13 2607 1491.972 -8.253 -0.55
2026-03-14 2614 1481.898 -10.074 -0.675
2026-03-15 2614 1481.898 0 0
2026-03-16 2616 1480.211 -1.687 -0.114
2026-03-17 2583 1506.651 26.44 1.786
2026-03-18 2537 1550.684 44.033 2.923
2026-03-19 2857 1298.082 -252.602 -16.29
2026-03-20 2853 1299.081 0.999 0.077
2026-03-21 2839 1302.53 3.449 0.265
2026-03-22 2839 1302.53 0 0
2026-03-23 2751 1355.304 52.774 4.052
2026-03-24 2733 1369.569 14.265 1.053
2026-03-25 2615 1455.691 86.122 6.288
2026-03-27 2723 1378.861 -76.83 -5.278
2026-03-28 2728 1372.031 -6.83 -0.495
2026-03-29 2728 1372.031 0 0
2026-03-30 2694 1389.019 16.988 1.238
2026-03-31 2709 1373.032 -15.987 -1.151
2026-04-01 2615 1461.389 88.357 6.435
2026-04-02 2613 1464.015 2.626 0.18
2026-04-03 2619 1454.883 -9.132 -0.624
2026-04-04 2619 1454.883 0 0
2026-04-05 2619 1454.883 0 0
2026-04-06 2622 1454.883 0 0
2026-04-07 2624 1451.154 -3.729 -0.256
2026-04-08 2486 1589.016 137.862 9.5
2026-04-09 2540 1556.556 -32.46 -2.043
2026-04-10 2504 1587.159 30.603 1.966
2026-04-11 2496 1593.116 5.957 0.375
2026-04-12 2496 1593.116 0 0
2026-04-13 2514 1581.874 -11.242 -0.706
2026-04-14 2495 1600.189 18.315 1.158
2026-04-15 2479 1631.891 31.702 1.981
2026-04-16 2469 1646.008 14.117 0.865
2026-04-17 2334 1775.988 129.98 7.897
2026-04-18 2336 1782.282 6.294 0.354
2026-04-19 2336 1782.282 0 0
2026-04-20 2386 1733.506 -48.776 -2.737
2026-04-21 2417 1709.157 -24.349 -1.405
2026-04-22 2414 1711.544 2.387 0.14
2026-04-23 2357 1748 36.456 2.13
2026-04-24 2399 1712.439 -35.561 -2.034
2026-04-25 2397 1711.637 -0.802 -0.047
2026-04-26 2397 1711.637 0 0
2026-04-27 2422 1690.06 -21.577 -1.261
2026-04-28 2441 1669.331 -20.729 -1.227
2026-04-29 2433 1671.349 2.018 0.121
2026-04-30 2335 1759.144 87.795 5.253
2026-05-01 2334 1763.684 4.54 0.258
2026-05-02 2327 1769.287 5.603 0.318
2026-05-04 2324 1779.699 10.412 0.588
2026-05-05 2238 1861.381 81.682 4.59
2026-05-06 2249 1854.475 -6.906 -0.371
2026-05-07 2267 1849.103 -5.372 -0.29
2026-05-08 2214 1907.075 57.972 3.135
2026-05-09 2210 1906.626 -0.449 -0.024
2026-05-10 2210 1906.626 0 0
2026-05-11 2222 1897.945 -8.681 -0.455
2026-05-12 2273 1832.83 -65.115 -3.431
2026-05-13 2287 1812.968 -19.862 -1.084
2026-05-14 2233 1870.877 57.909 3.194
2026-05-15 1747 2414.833 543.956 29.075
2026-05-16 1751 2404.722 -10.111 -0.419
2026-05-17 1751 2404.722 0 0
2026-05-18 1604 2608.815 204.093 8.487
2026-05-19 1629 2573.478 -35.337 -1.355
2026-05-20 1566 2679.915 106.437 4.136
2026-05-21 1564 2685.209 5.294 0.198
2026-05-22 1453 2909.674 224.465 8.359
2026-05-23 1457 2904.274 -5.4 -0.186
2026-05-24 1457 2904.274 0 0
2026-05-26 1447 2916.246 11.972 0.412
2026-05-27 1468 2883.264 -32.982 -1.131
2026-05-28 1381 3082.812 199.548 6.921
2026-05-29 1441 2928.474 -154.338 -5.006
2026-05-31 1441 2934.284 5.81 0.198
2026-06-01 1415 2999.677 65.393 2.229
2026-06-02 1362 3138.55 138.873 4.63
2026-06-03 1388 3058.289 -80.261 -2.557
2026-06-04 1436 2929.906 -128.383 -4.198
2026-06-05 1487 2814.623 -115.283 -3.935
2026-06-06 1496 2797.379 -17.244 -0.613
2026-06-07 1496 2797.379 0 0
2026-06-08 1486 2793.97 -3.409 -0.122
2026-06-09 1502 2771.056 -22.914 -0.82
2026-06-10 1519 2731.533 -39.523 -1.426
2026-06-11 1460 2846.87 115.337 4.222
2026-06-12 1402 2987.81 140.94 4.951
2026-06-13 1404 3002.334 14.524 0.486
2026-06-15 1329 3210.555 208.221 6.935
2026-06-16 1321 3247.259 36.704 1.143
2026-06-17 1288 3363.653 116.394 3.584
2026-06-18 1275 3394.083 30.43 0.905
2026-06-19 1289 3342.045 -52.038 -1.533
2026-06-20 1289 3342.045 0 0
2026-06-21 1289 3342.045 0 0
2026-06-23 1319 3215.418 -126.627 -3.789
2026-06-24 1339 3144.135 -71.283 -2.217
2026-06-25 1373 3073.839 -70.296 -2.236
2026-06-26 1429 2936.001 -137.838 -4.484
2026-06-27 1427 2940.685 4.684 0.16
2026-06-28 1427 2940.685 0 0
2026-06-29 1406 3002.855 62.17 2.114
2026-06-30 1367 3104.38 101.525 3.381
2026-07-01 1375 3078.559 -25.821 -0.832
2026-07-02 1434 2942.03 -136.529 -4.435
2026-07-03 1417 2988.571 46.541 1.582
2026-07-04 1417 2988.571 0 0
2026-07-05 1417 2988.571 0 0
2026-07-06 1419 2980.134 -8.437 -0.282
2026-07-07 1497 2805.296 -174.838 -5.867
2026-07-08 1508 2758.563 -46.733 -1.666
2026-07-09 1465 2842.784 84.221 3.053
2026-07-10 1453 2854.341 11.557 0.407
2026-07-11 1455 2852.059 -2.282 -0.08
2026-07-12 1455 2852.059 0 0
2026-07-13 1466 2828.476 -23.583 -0.827
2026-07-14 1425 2914.777 86.301 3.051
2026-07-15 1488 2818.467 -96.31 -3.304
2026-07-16 1520 2754.135 -64.332 -2.283
2026-07-17 1555 2657.842 -96.293 -3.496
2026-07-18 1552 2657.234 -0.608 -0.023
2026-07-19 1552 2657.234 0 0
2026-07-20 1545 2660.608 3.374 0.127
2026-07-21 1495 2788.96 128.352 4.824
2026-07-22 1485 2813.869 24.909 0.893
2026-07-23 1495 2776.454 -37.415 -1.33
2026-07-24 1542 2657.987 -118.467 -4.267
2026-07-25 1542 2659.802 1.815 0.068
2026-07-26 1541 2659.802 0 0
2026-07-27 1647 2502.072 -157.73 -5.93
2026-07-28 1714 2403.108 -98.964 -3.955
2026-07-29 1758 2332.244 -70.864 -2.949
2026-07-30 1656 2474.109 141.865 6.083
2026-07-31 1651 2515.844 41.735 1.687
2026-08-01 1651 2516.423 0.579 0.023
2026-08-02 1652 2516.423 0 0
2026-08-03 1677 2480.792 -35.631 -1.416
2026-08-04 1605 2609.848 129.056 5.202
2026-08-05 1609 2603.457 -6.391 -0.245
2026-08-06 1520 2773.617 170.16 6.536
2026-08-07 1542 2747.344 -26.273 -0.947
2026-08-08 1540 2751.788 4.444 0.162
2026-08-09 1540 2751.788 0 0
2026-08-10 1608 2625.709 -126.079 -4.582
2026-08-11 1592 2644.451 18.742 0.714
2026-08-12 1530 2777.864 133.413 5.045
2026-08-13 1521 2789.778 11.914 0.429
2026-08-15 1498 2852.086 62.308 2.233
2026-08-16 1497 2852.086 0 0
2026-08-17 1492 2848.671 -3.415 -0.12
2026-08-18 1596 2653.82 -194.851 -6.84
2026-08-19 1635 2567.195 -86.625 -3.264
2026-08-20 1649 2550.762 -16.433 -0.64
2026-08-21 1643 2570.739 19.977 0.783
2026-08-23 1645 2568.338 -2.401 -0.093
2026-08-24 1694 2489.159 -79.179 -3.083
2026-08-25 1675 2530.714 41.555 1.669
2026-08-26 1684 2514.392 -16.322 -0.645
2026-08-27 1669 2533.163 18.771 0.747
2026-08-28 1664 2536.597 3.434 0.136
2026-08-29 1669 2531.291 -5.306 -0.209
2026-08-30 1667 2531.291 0 0
2026-08-31 1703 2479.881 -51.41 -2.031
2026-09-01 1700 2479.881 0 0
2026-09-02 1756 2393.085 0 0
2026-09-03 1707 2452.189 0 0
2026-09-04 1733 2425.978 0 0
2026-09-05 1666 2520.716 0 0
