2026-03-10 3250 1081.015 0 0
2026-03-11 2999 1239.363 158.348 14.648
2026-03-12 3072 1199.128 -40.235 -3.246
2026-03-13 2954 1249.079 49.951 4.166
2026-03-14 2950 1249.079 0 0
2026-03-15 2950 1249.079 0 0
2026-03-16 2694 1421.008 171.929 13.764
2026-03-17 2898 1283.465 -137.543 -9.679
2026-03-18 2854 1306.151 22.686 1.768
2026-03-19 2800 1336.264 30.113 2.305
2026-03-20 2858 1296.588 -39.676 -2.969
2026-03-21 2858 1296.588 0 0
2026-03-22 2858 1296.588 0 0
2026-03-23 2892 1261.287 -35.301 -2.723
2026-03-24 2886 1269.018 7.731 0.613
2026-03-25 2899 1270.85 1.832 0.144
2026-03-27 3140 1125.676 -145.174 -11.423
2026-03-28 3135 1125.676 0 0
2026-03-29 3135 1125.676 0 0
2026-03-30 3267 1038.592 -87.084 -7.736
2026-03-31 3067 1155.586 116.994 11.265
2026-04-01 3123 1137.172 -18.414 -1.593
2026-04-02 3012 1207.063 69.891 6.146
2026-04-03 3001 1207.063 0 0
2026-04-04 3001 1207.063 0 0
2026-04-05 3001 1207.063 0 0
2026-04-06 2932 1244.908 37.845 3.135
2026-04-07 2850 1294.35 49.442 3.972
2026-04-08 2764 1371.668 77.318 5.974
2026-04-09 2620 1486.931 115.263 8.403
2026-04-10 2528 1574.829 87.898 5.911
2026-04-11 2528 1574.829 0 0
2026-04-12 2528 1574.829 0 0
2026-04-13 2409 1672.391 97.562 6.195
2026-04-14 2344 1747.471 75.08 4.489
2026-04-15 2305 1796.608 49.137 2.812
2026-04-16 2316 1782.06 -14.548 -0.81
2026-04-17 2430 1698.639 -83.421 -4.681
2026-04-18 2432 1698.639 0 0
2026-04-19 2433 1698.639 0 0
2026-04-20 2408 1719.189 20.55 1.21
2026-04-21 2441 1692.636 -26.553 -1.545
2026-04-22 2441 1688.465 -4.171 -0.246
2026-04-23 2423 1698.028 9.563 0.566
2026-04-24 2505 1597.109 -100.919 -5.943
2026-04-25 2501 1597.109 0 0
2026-04-26 2501 1597.109 0 0
2026-04-27 2542 1574.727 -22.382 -1.401
2026-04-28 2660 1478.589 -96.138 -6.105
2026-04-29 2583 1536.374 57.785 3.908
2026-04-30 2620 1506.261 -30.113 -1.96
2026-05-01 2443 1671.679 165.418 10.982
2026-05-02 2444 1671.679 0 0
2026-05-04 2201 1894.781 223.102 13.346
2026-05-05 2209 1889.694 -5.087 -0.268
2026-05-06 2017 2084.717 195.023 10.32
2026-05-07 2140 1979.728 -104.989 -5.036
2026-05-08 2222 1901.19 -78.538 -3.967
2026-05-09 2218 1901.19 0 0
2026-05-10 2218 1901.19 0 0
<<<<<<< HEAD
2026-05-11 2123 1993.259 92.069 4.843
2026-05-12 2191 1922.147 -71.112 -3.568
2026-05-13 1913 2208.628 286.481 14.904
2026-05-14 1796 2349.834 141.206 6.393
2026-05-15 1801 2337.524 -12.31 -0.524
2026-05-16 1796 2337.524 0 0
2026-05-17 1796 2337.524 0 0
2026-05-18 1956 2133.244 -204.28 -8.739
2026-05-19 1970 2111.575 -21.669 -1.016
2026-05-20 2029 2051.45 -60.125 -2.847
2026-05-21 2034 2051.45 0 0
2026-05-22 1832 2284.928 233.478 11.381
2026-05-23 1833 2284.928 0 0
2026-05-24 1833 2284.928 0 0
2026-05-26 1897 2216.665 -68.263 -2.988
2026-05-27 1887 2219.819 3.154 0.142
2026-05-28 1759 2402.634 182.815 8.236
2026-05-29 1724 2450.957 48.323 2.011
2026-05-31 1725 2450.957 0 0
2026-06-01 1513 2790.95 339.993 13.872
2026-06-02 1539 2750.969 -39.981 -1.433
2026-06-03 1584 2660.426 -90.543 -3.291
2026-06-04 1541 2741.711 81.285 3.055
2026-06-05 1725 2417.589 -324.122 -11.822
2026-06-06 1717 2417.589 0 0
2026-06-07 1717 2417.589 0 0
2026-06-08 1773 2317.788 -99.801 -4.128
2026-06-09 1763 2339.356 21.568 0.931
2026-06-10 1821 2253.594 -85.762 -3.666
2026-06-11 1735 2360.923 107.329 4.763
2026-06-12 1672 2463.877 102.954 4.361
2026-06-13 1681 2463.877 0 0
2026-06-15 1536 2745.781 281.904 11.441
2026-06-16 1508 2796.952 51.171 1.864
2026-06-17 1422 2957.793 160.841 5.751
2026-06-18 1407 3016.595 58.802 1.988
2026-06-19 1407 3016.595 0 0
2026-06-20 1407 3016.595 0 0
2026-06-21 1407 3016.595 0 0
2026-06-23 1443 2900.212 -116.383 -3.858
2026-06-24 1529 2741.609 -158.603 -5.469
2026-06-25 1540 2710.784 -30.825 -1.124
2026-06-26 1641 2544.654 -166.13 -6.128
2026-06-27 1637 2544.654 0 0
2026-06-28 1637 2544.654 0 0
2026-06-29 1523 2756.768 212.114 8.336
2026-06-30 1443 2909.571 152.803 5.543
2026-07-01 1711 2431.526 -478.045 -16.43
2026-07-02 1800 2293.576 -137.95 -5.673
2026-07-03 1808 2293.576 0 0
2026-07-04 1808 2293.576 0 0
2026-07-05 1808 2293.576 0 0
2026-07-06 1836 2267.125 -26.451 -1.153
2026-07-07 1987 2085.734 -181.391 -8.001
2026-07-08 1782 2302.325 216.591 10.384
2026-07-09 1789 2299.476 -2.849 -0.124
2026-07-10 1771 2334.574 35.098 1.526
2026-07-11 1772 2334.574 0 0
2026-07-12 1772 2334.574 0 0
2026-07-13 1845 2241.59 -92.984 -3.983
2026-07-14 1985 2074.544 -167.046 -7.452
2026-07-15 1933 2129.683 55.139 2.658
2026-07-16 2236 1847.475 -282.208 -13.251
2026-07-17 2154 1907.904 60.429 3.271
2026-07-18 2153 1907.904 0 0
2026-07-19 2152 1907.904 0 0
2026-07-20 2096 1957.855 49.951 2.618
2026-07-21 1778 2306.801 348.946 17.823
2026-07-22 1765 2319.416 12.615 0.547
2026-07-23 1746 2348.003 28.587 1.233
2026-07-24 2028 2010.248 -337.755 -14.385
2026-07-25 2028 2010.248 0 0
2026-07-26 2028 2010.248 0 0
2026-07-27 2036 2011.367 1.119 0.056
2026-07-28 2242 1826.314 -185.053 -9.2
2026-07-29 2472 1607.892 -218.422 -11.96
2026-07-30 2025 2016.962 409.07 25.441
2026-07-31 2016 2037.106 20.144 0.999
2026-08-01 2018 2037.106 0 0
2026-08-02 2018 2037.106 0 0
2026-08-03 1833 2262.649 225.543 11.072
2026-08-04 1736 2396.53 133.881 5.917
2026-08-05 1791 2327.86 -68.67 -2.865
2026-08-06 2048 2031.714 -296.146 -12.722
2026-08-07 2069 2012.283 -19.431 -0.956
2026-08-08 2070 2012.283 0 0
2026-08-09 2070 2012.283 0 0
2026-08-10 2141 1973.014 -39.269 -1.951
2026-08-11 2029 2065.794 92.78 4.702
2026-08-12 1546 2736.93 671.136 32.488
2026-08-13 1572 2694.609 -42.321 -1.546
=======
2026-05-11 2213 1901.19 0 0
2026-05-12 2121 1993.259 0 0
2026-05-13 2189 1922.147 0 0
2026-05-14 1908 2208.628 0 0
2026-05-15 1795 2349.834 0 0
2026-05-16 1801 2337.524 0 0
2026-05-17 1796 2337.524 0 0
2026-05-18 1787 2337.524 0 0
2026-05-19 1959 2133.244 0 0
2026-05-20 1971 2111.575 0 0
2026-05-21 2031 2051.45 0 0
2026-05-22 1787 2337.423 0 0
2026-05-23 1832 2284.928 0 0
2026-05-24 1833 2284.928 0 0
2026-05-25 1836 2284.928 0 0
2026-05-26 1841 2284.928 0 0
2026-05-27 1890 2216.665 0 0
2026-05-28 1887 2219.819 0 0
2026-05-29 1762 2402.634 0 0
2026-05-30 1724 2450.957 0 0
2026-05-31 1725 2450.957 0 0
2026-06-01 1720 2450.957 0 0
2026-06-02 1515 2790.95 0 0
2026-06-03 1541 2750.969 0 0
2026-06-04 1580 2660.426 0 0
2026-06-05 1539 2741.711 0 0
2026-06-06 1725 2417.589 0 0
2026-06-07 1717 2417.589 0 0
2026-06-09 1772 2317.788 0 0
2026-06-10 1757 2339.356 0 0
2026-06-11 1817 2253.594 0 0
2026-06-12 1743 2360.923 0 0
2026-06-13 1672 2463.877 0 0
2026-06-14 1681 2463.877 0 0
2026-06-16 1537 2745.781 0 0
2026-06-17 1507 2796.952 0 0
2026-06-18 1422 2957.793 0 0
2026-06-19 1406 3016.595 0 0
2026-06-20 1407 3016.595 0 0
2026-06-21 1407 3016.595 0 0
2026-06-22 1405 3016.595 0 0
2026-06-23 1419 2985.261 0 0
2026-06-24 1444 2900.212 0 0
2026-06-25 1531 2741.609 0 0
2026-06-26 1536 2710.784 0 0
2026-06-27 1641 2544.654 0 0
2026-06-28 1637 2544.654 0 0
2026-06-29 1635 2544.654 0 0
2026-06-30 1524 2756.768 0 0
2026-07-01 1445 2909.571 0 0
2026-07-02 1713 2431.526 0 0
2026-07-03 1804 2293.576 0 0
2026-07-04 1808 2293.576 0 0
2026-07-05 1808 2293.576 0 0
2026-07-06 1806 2293.576 0 0
2026-07-07 1834 2267.125 0 0
2026-07-08 1981 2085.734 0 0
2026-07-09 1778 2302.325 0 0
2026-07-10 1796 2299.476 0 0
2026-07-11 1771 2334.574 0 0
2026-07-12 1772 2334.574 0 0
2026-07-13 1770 2334.574 0 0
2026-07-14 1844 2241.59 0 0
2026-07-15 1992 2074.544 0 0
2026-07-16 1936 2129.683 0 0
2026-07-17 2228 1847.475 0 0
2026-07-18 2154 1907.904 0 0
2026-07-19 2153 1907.904 0 0
2026-07-20 2149 1907.904 0 0
2026-07-21 2095 1957.855 0 0
2026-07-22 1775 2306.801 0 0
2026-07-23 1765 2319.416 0 0
2026-07-24 1743 2348.003 0 0
2026-07-25 2028 2010.248 0 0
2026-07-26 2028 2010.248 0 0
2026-07-27 2035 2010.248 0 0
2026-07-28 2033 2011.367 0 0
2026-07-29 2244 1826.314 0 0
2026-07-30 2472 1607.892 0 0
2026-07-31 2034 2016.962 0 0
2026-08-01 2016 2037.106 0 0
2026-08-02 2018 2037.106 0 0
2026-08-03 2020 2037.106 0 0
2026-08-04 1834 2262.649 0 0
2026-08-05 1736 2396.53 0 0
2026-08-06 1789 2327.86 0 0
2026-08-07 2052 2031.714 0 0
2026-08-08 2069 2012.283 0 0
2026-08-09 2070 2012.283 0 0
2026-08-10 2071 2012.283 0 0
2026-08-11 2137 1973.014 0 0
2026-08-12 2025 2065.794 0 0
2026-08-13 1547 2736.93 0 0
2026-08-14 1573 2694.609 0 0
>>>>>>> 2b550085baac25c543016ca743053a87bf115d5d
2026-08-15 1452 2924.933 0 0
2026-08-16 1453 2924.933 0 0
2026-08-17 1452 2924.933 0 0
2026-08-18 1504 2835.102 0 0
2026-08-19 1610 2627.363 0 0
2026-08-20 1768 2377.811 0 0
2026-08-21 1789 2339.254 0 0
2026-08-22 1805 2329.284 0 0
2026-08-24 1802 2329.284 0 0
2026-08-25 1871 2245.659 0 0
2026-08-26 1781 2358.176 0 0
2026-08-27 1858 2276.383 0 0
