2026-03-10 2713 1420.817 0 0
2026-03-11 2724 1419.079 -1.738 -0.122
2026-03-12 2726 1415.529 -3.55 -0.25
2026-03-13 2718 1407.122 -8.407 -0.594
2026-03-14 2717 1402.949 -4.173 -0.297
2026-03-15 2718 1402.949 0 0
2026-03-16 2717 1404.128 1.179 0.084
2026-03-17 2709 1407.57 3.442 0.245
2026-03-18 2773 1370.73 -36.84 -2.617
2026-03-19 2766 1361.458 -9.272 -0.676
2026-03-20 2786 1337.257 -24.201 -1.778
2026-03-21 2785 1338.897 1.64 0.123
2026-03-22 2785 1338.897 0 0
2026-03-23 2760 1346.516 7.619 0.569
2026-03-24 2760 1346.07 -0.446 -0.033
2026-03-25 2766 1353.336 7.266 0.54
2026-03-27 2767 1340.846 -12.49 -0.923
2026-03-28 2770 1337.77 -3.076 -0.229
2026-03-29 2770 1337.77 0 0
2026-03-30 2770 1333.764 -4.006 -0.299
2026-03-31 2775 1327.175 -6.589 -0.494
2026-04-01 2775 1344.439 17.264 1.301
2026-04-02 2767 1349.899 5.46 0.406
2026-04-03 2768 1346.01 -3.889 -0.288
2026-04-04 2768 1346.01 0 0
2026-04-05 2768 1346.01 0 0
2026-04-06 2757 1352.294 6.284 0.467
2026-04-07 2769 1350.537 -1.757 -0.13
2026-04-08 2751 1384.313 33.776 2.501
2026-04-09 2738 1396.343 12.03 0.869
2026-04-10 2753 1392.06 -4.283 -0.307
2026-04-11 2754 1394.412 2.352 0.169
2026-04-12 2754 1394.412 0 0
2026-04-13 2760 1392.605 -1.807 -0.13
2026-04-14 2770 1385.599 -7.006 -0.503
2026-04-15 2775 1388.823 3.224 0.233
2026-04-16 2781 1393.017 4.194 0.302
2026-04-17 2764 1407.469 14.452 1.037
2026-04-18 2763 1409.707 2.238 0.159
2026-04-19 2763 1409.707 0 0
2026-04-20 2782 1397.924 -11.783 -0.836
2026-04-21 2800 1384.532 -13.392 -0.958
2026-04-22 2796 1385.929 1.397 0.101
2026-04-23 2778 1393.037 7.108 0.513
2026-04-24 2763 1398.403 5.366 0.385
2026-04-25 2762 1398.109 -0.294 -0.021
2026-04-26 2762 1398.109 0 0
2026-04-27 2788 1383.106 -15.003 -1.073
2026-04-28 2776 1393.289 10.183 0.736
2026-04-29 2813 1364.033 -29.256 -2.1
2026-04-30 2805 1370.401 6.368 0.467
2026-05-01 2813 1368.957 -1.444 -0.105
2026-05-02 2811 1370.956 1.999 0.146
2026-05-04 2833 1356.11 -14.846 -1.083
2026-05-05 2827 1362.751 6.641 0.49
2026-05-06 2815 1375.005 12.254 0.899
2026-05-07 2846 1365.021 -9.984 -0.726
2026-05-08 2836 1374.54 9.519 0.697
2026-05-09 2836 1374.391 -0.149 -0.011
2026-05-10 2836 1374.391 0 0
2026-05-11 2848 1365.593 -8.798 -0.64
2026-05-12 2841 1361.728 -3.865 -0.283
2026-05-13 2857 1347.572 -14.156 -1.04
2026-05-14 2857 1341.464 -6.108 -0.453
2026-05-15 2864 1328.377 -13.087 -0.976
2026-05-16 2863 1325.754 -2.623 -0.197
2026-05-17 2863 1325.754 0 0
2026-05-18 2833 1349.712 23.958 1.807
2026-05-19 2837 1345.972 -3.74 -0.277
2026-05-20 2830 1354.737 8.765 0.651
2026-05-21 2831 1355.966 1.229 0.091
2026-05-22 2820 1362.564 6.598 0.487
2026-05-23 2822 1361.407 -1.157 -0.085
2026-05-24 2822 1361.407 0 0
2026-05-26 2831 1355.83 -5.577 -0.41
2026-05-27 2809 1367.337 11.507 0.849
2026-05-28 2828 1348.551 -18.786 -1.374
2026-05-29 2845 1337.073 -11.478 -0.851
2026-05-31 2848 1338.312 1.239 0.093
2026-06-01 2855 1330.457 -7.855 -0.587
2026-06-02 2834 1337.911 7.454 0.56
2026-06-03 2816 1350.438 12.527 0.936
2026-06-04 2820 1345.634 -4.804 -0.356
2026-06-05 2790 1368.014 22.38 1.663
2026-06-06 2791 1364.192 -3.822 -0.279
2026-06-07 2791 1364.192 0 0
2026-06-08 2772 1368.198 4.006 0.294
2026-06-09 2764 1379.993 11.795 0.862
2026-06-10 2753 1386.094 6.101 0.442
2026-06-11 2749 1387.006 0.912 0.066
2026-06-12 2742 1398.111 11.105 0.801
2026-06-13 2739 1401.114 3.003 0.215
2026-06-15 2753 1401.664 0.55 0.039
2026-06-16 2757 1402.13 0.466 0.033
2026-06-17 2781 1385.478 -16.652 -1.188
2026-06-18 2788 1382.975 -2.503 -0.181
2026-06-19 2791 1377.478 -5.497 -0.397
2026-06-20 2791 1377.478 0 0
2026-06-21 2791 1377.478 0 0
2026-06-23 2771 1381.89 4.412 0.32
2026-06-24 2763 1386.626 4.736 0.343
2026-06-25 2761 1390.625 3.999 0.288
2026-06-26 2734 1408.194 17.569 1.263
2026-06-27 2736 1409.168 0.974 0.069
2026-06-28 2736 1409.168 0 0
2026-06-29 2740 1407.518 -1.65 -0.117
2026-06-30 2759 1398.694 -8.824 -0.627
2026-07-01 2692 1446.62 47.926 3.426
2026-07-02 2693 1448.53 1.91 0.132
2026-07-03 2696 1451.187 2.657 0.183
2026-07-04 2696 1451.187 0 0
2026-07-05 2696 1451.187 0 0
2026-07-06 2699 1454.015 2.828 0.195
2026-07-07 2694 1448.992 -5.023 -0.345
2026-07-08 2688 1441.427 -7.565 -0.522
2026-07-09 2697 1437.288 -4.139 -0.287
2026-07-10 2693 1444.578 7.29 0.507
2026-07-11 2696 1444.087 -0.491 -0.034
2026-07-12 2696 1444.087 0 0
2026-07-13 2691 1445.344 1.257 0.087
2026-07-14 2694 1440.438 -4.906 -0.339
2026-07-15 2714 1434.605 -5.833 -0.405
2026-07-16 2689 1446.438 11.833 0.825
2026-07-17 2679 1439.955 -6.483 -0.448
2026-07-18 2678 1439.814 -0.141 -0.01
2026-07-19 2677 1439.814 0 0
2026-07-20 2669 1447.355 7.541 0.524
2026-07-21 2694 1438.073 -9.282 -0.641
2026-07-22 2676 1443.423 5.35 0.372
2026-07-23 2695 1425.95 -17.473 -1.211
2026-07-24 2674 1435.566 9.616 0.674
2026-07-25 2679 1435.983 0.417 0.029
2026-07-26 2679 1435.983 0 0
2026-07-27 2657 1464.182 28.199 1.964
2026-07-28 2628 1485.367 21.185 1.447
2026-07-29 2635 1483.382 -1.985 -0.134
2026-07-30 2630 1487.965 4.583 0.309
2026-07-31 2661 1476.822 -11.143 -0.749
2026-08-01 2663 1476.964 0.142 0.01
2026-08-02 2663 1476.964 0 0
2026-08-03 2675 1466.988 -9.976 -0.675
2026-08-04 2703 1451.233 -15.755 -1.074
2026-08-05 2690 1470.976 19.743 1.36
2026-08-06 2692 1469.955 -1.021 -0.069
2026-08-07 2694 1469.34 -0.615 -0.042
2026-08-08 2692 1470.341 1.001 0.068
2026-08-09 2692 1470.341 0 0
2026-08-10 2719 1452.588 -17.753 -1.207
2026-08-11 2712 1456.359 3.771 0.26
2026-08-12 2709 1460.192 3.833 0.263
2026-08-13 2703 1463.334 3.142 0.215
2026-08-15 2704 1466.67 3.336 0.228
2026-08-16 2704 1466.67 0 0
2026-08-17 2720 1450.41 -16.26 -1.109
2026-08-18 2707 1465.93 15.52 1.07
2026-08-19 2707 1459.201 -6.729 -0.459
2026-08-20 2707 1464.884 5.683 0.389
2026-08-21 2703 1475.014 10.13 0.692
2026-08-23 2708 1474.428 -0.586 -0.04
2026-08-24 2677 1491.081 16.653 1.129
2026-08-25 2687 1488.595 -2.486 -0.167
2026-08-26 2697 1482.059 -6.536 -0.439
2026-08-27 2708 1467.629 -14.43 -0.974
2026-08-28 2695 1481.611 13.982 0.953
2026-08-29 2700 1480.304 -1.307 -0.088
2026-08-30 2700 1480.304 0 0
2026-08-31 2713 1471.821 -8.483 -0.573
2026-09-01 2709 1471.821 0 0
2026-09-02 2709 1468.232 0 0
2026-09-03 2708 1468.562 0 0
