2026-05-08 2919 1309.969 0 0
2026-05-09 2918 1309.912 -0.057 -0.004
2026-05-10 2918 1309.912 0 0
<<<<<<< HEAD
2026-05-11 2825 1384.118 74.206 5.665
2026-05-12 2886 1324.9 -59.218 -4.278
2026-05-13 2675 1492.144 167.244 12.623
2026-05-14 2759 1416.114 -76.03 -5.095
2026-05-15 2737 1420.905 4.791 0.338
2026-05-16 2737 1417.042 -3.863 -0.272
2026-05-17 2737 1417.042 0 0
2026-05-18 2671 1475.321 58.279 4.113
2026-05-19 2554 1562.436 87.115 5.905
2026-05-20 2567 1557.791 -4.645 -0.297
2026-05-21 2567 1557.265 -0.526 -0.034
2026-05-22 2668 1481.928 -75.337 -4.838
2026-05-23 2667 1484.414 2.486 0.168
2026-05-24 2667 1484.414 0 0
2026-05-26 2506 1613.134 128.72 8.671
2026-05-27 2650 1493.902 -119.232 -7.391
2026-05-28 2624 1517.998 24.096 1.613
2026-05-29 2805 1372.202 -145.796 -9.604
2026-05-31 2808 1374.533 2.331 0.17
2026-06-01 2831 1348.493 -26.04 -1.894
2026-06-02 2793 1381.146 32.653 2.421
2026-06-03 2704 1440.208 59.062 4.276
2026-06-04 2637 1496.881 56.673 3.935
2026-06-05 2706 1424.381 -72.5 -4.843
2026-06-06 2703 1425.538 1.157 0.081
2026-06-07 2703 1425.538 0 0
2026-06-08 2809 1330.089 -95.449 -6.696
2026-06-09 2714 1409.846 79.757 5.996
2026-06-10 2666 1451.107 41.261 2.927
2026-06-11 2561 1536.996 85.889 5.919
2026-06-12 2484 1606.195 69.199 4.502
2026-06-13 2485 1610.019 3.824 0.238
2026-06-15 2369 1739.966 129.947 8.071
2026-06-16 2393 1719.903 -20.063 -1.153
2026-06-17 2251 1850.837 130.934 7.613
2026-06-18 2225 1871.751 20.914 1.13
2026-06-19 2226 1870.339 -1.412 -0.075
2026-06-20 2226 1870.339 0 0
2026-06-21 2226 1870.339 0 0
2026-06-23 2230 1849.079 -21.26 -1.137
2026-06-24 2110 1952.464 103.385 5.591
2026-06-25 2137 1922.855 -29.609 -1.516
2026-06-26 2142 1916.834 -6.021 -0.313
2026-06-27 2145 1916.496 -0.338 -0.018
2026-06-28 2145 1916.496 0 0
2026-06-29 1976 2091.838 175.342 9.149
2026-06-30 1945 2132.84 41.002 1.96
2026-07-01 2046 2023.682 -109.158 -5.118
2026-07-02 2203 1885.001 -138.681 -6.853
2026-07-03 2275 1818.279 -66.722 -3.54
2026-07-04 2275 1818.279 0 0
2026-07-05 2275 1818.279 0 0
2026-07-06 2268 1831.658 13.379 0.736
2026-07-07 2253 1843.801 12.143 0.663
2026-07-08 2271 1805.654 -38.147 -2.069
2026-07-09 2134 1934.845 129.191 7.155
2026-07-10 2423 1683.146 -251.699 -13.009
2026-07-11 2418 1686.896 3.75 0.223
2026-07-12 2418 1686.896 0 0
2026-07-13 2480 1624.254 -62.642 -3.713
2026-07-14 2423 1676.304 52.05 3.205
2026-07-15 2524 1585.044 -91.26 -5.444
2026-07-16 2666 1479.727 -105.317 -6.644
2026-07-17 2717 1419.462 -60.265 -4.073
2026-07-18 2716 1417.535 -1.927 -0.136
2026-07-19 2715 1417.535 0 0
2026-07-20 2796 1347.984 -69.551 -4.906
2026-07-21 2522 1575.874 227.89 16.906
2026-07-22 2563 1540.899 -34.975 -2.219
2026-07-23 2636 1477.495 -63.404 -4.115
2026-07-24 2584 1505.278 27.783 1.88
2026-07-25 2584 1504.478 -0.8 -0.053
2026-07-26 2584 1504.478 0 0
2026-07-27 2598 1511.968 7.49 0.498
2026-07-28 2662 1457.035 -54.933 -3.633
2026-07-29 2705 1423.337 -33.698 -2.313
2026-07-30 2815 1343.308 -80.029 -5.623
2026-07-31 2737 1407.409 64.101 4.772
2026-08-01 2737 1409.287 1.878 0.133
2026-08-02 2737 1409.287 0 0
2026-08-03 2905 1294.905 -114.382 -8.116
2026-08-04 2724 1434.952 140.047 10.815
2026-08-05 2633 1513.727 78.775 5.49
2026-08-06 2563 1569.509 55.782 3.685
2026-08-07 2549 1587.823 18.314 1.167
2026-08-08 2551 1588.199 0.376 0.024
2026-08-09 2551 1588.199 0 0
2026-08-10 2536 1606.203 18.004 1.134
2026-08-11 2579 1564.062 -42.141 -2.624
2026-08-12 2552 1585.833 21.771 1.392
2026-08-13 2608 1533.316 -52.517 -3.312
=======
2026-05-11 2843 1373.321 0 0
2026-05-12 2890 1329.347 0 0
2026-05-13 2823 1379.33 0 0
2026-05-14 2745 1430.827 0 0
2026-05-15 2688 1474.91 0 0
2026-05-16 2737 1420.905 0 0
2026-05-17 2737 1417.042 0 0
2026-05-18 2678 1469.042 0 0
2026-05-19 2592 1535.366 0 0
2026-05-20 2547 1562.24 0 0
2026-05-21 2599 1539.539 0 0
2026-05-22 2673 1472.707 0 0
2026-05-23 2668 1481.928 0 0
2026-05-24 2667 1484.414 0 0
2026-05-25 2583 1546.514 0 0
2026-05-26 2532 1583.853 0 0
2026-05-27 2577 1551.034 0 0
2026-05-28 2621 1516.723 0 0
2026-05-29 2788 1386.469 0 0
2026-05-30 2805 1372.202 0 0
2026-05-31 2808 1374.533 0 0
2026-06-01 2811 1373.35 0 0
2026-06-02 2791 1387.159 0 0
2026-06-03 2679 1462.859 0 0
2026-06-04 2655 1482.662 0 0
2026-06-05 2672 1466.322 0 0
2026-06-06 2706 1424.381 0 0
2026-06-07 2703 1425.538 0 0
2026-06-09 2721 1403.254 0 0
2026-06-10 2660 1457.474 0 0
2026-06-11 2594 1506.725 0 0
2026-06-12 2445 1643.777 0 0
2026-06-13 2484 1606.195 0 0
2026-06-14 2485 1610.019 0 0
2026-06-16 2394 1716.465 0 0
2026-06-17 2295 1809.816 0 0
2026-06-18 2243 1857.16 0 0
2026-06-19 2224 1871.751 0 0
2026-06-20 2226 1870.339 0 0
2026-06-21 2226 1870.339 0 0
2026-06-22 2252 1841.903 0 0
2026-06-23 2228 1865.6 0 0
2026-06-24 2148 1927.704 0 0
2026-06-25 2159 1902.292 0 0
2026-06-26 2119 1936.003 0 0
2026-06-27 2142 1916.834 0 0
2026-06-28 2145 1916.496 0 0
2026-06-29 2093 1971.475 0 0
2026-06-30 2014 2041.376 0 0
2026-07-01 1955 2121.243 0 0
2026-07-02 2134 1947.131 0 0
2026-07-03 2248 1849.229 0 0
2026-07-04 2275 1818.279 0 0
2026-07-05 2275 1818.279 0 0
2026-07-06 2247 1850.153 0 0
2026-07-07 2239 1852.908 0 0
2026-07-08 2318 1777.948 0 0
2026-07-09 2238 1846.917 0 0
2026-07-10 2281 1805.037 0 0
2026-07-11 2423 1683.146 0 0
2026-07-12 2418 1686.896 0 0
2026-07-13 2408 1692.608 0 0
2026-07-14 2451 1647.695 0 0
2026-07-15 2465 1650.707 0 0
2026-07-16 2562 1556.871 0 0
2026-07-17 2659 1476.769 0 0
2026-07-18 2717 1419.462 0 0
2026-07-19 2716 1417.535 0 0
2026-07-20 2703 1424.037 0 0
2026-07-21 2730 1404.334 0 0
2026-07-22 2517 1577.847 0 0
2026-07-23 2640 1475.186 0 0
2026-07-24 2630 1476.51 0 0
2026-07-25 2584 1505.278 0 0
2026-07-26 2584 1504.478 0 0
2026-07-27 2620 1488.512 0 0
2026-07-28 2557 1537.199 0 0
2026-07-29 2752 1385.806 0 0
2026-07-30 2750 1391.569 0 0
2026-07-31 2683 1447.314 0 0
2026-08-01 2737 1407.409 0 0
2026-08-02 2737 1409.287 0 0
2026-08-03 2858 1322.017 0 0
2026-08-04 2814 1358.231 0 0
2026-08-05 2683 1473.501 0 0
2026-08-06 2562 1570.673 0 0
2026-08-07 2522 1604.327 0 0
2026-08-08 2549 1587.823 0 0
2026-08-09 2551 1588.199 0 0
2026-08-10 2569 1573.559 0 0
2026-08-11 2565 1575.537 0 0
2026-08-12 2550 1588.991 0 0
2026-08-13 2557 1578.113 0 0
2026-08-14 2567 1571.325 0 0
>>>>>>> 2b550085baac25c543016ca743053a87bf115d5d
2026-08-15 2584 1557.467 0 0
2026-08-16 2590 1558.183 0 0
2026-08-17 2590 1558.183 0 0
2026-08-18 2479 1660.378 0 0
2026-08-19 2473 1664.906 0 0
