2026-03-10 3298 1051.26 0 0
2026-03-11 3299 1049.637 -1.623 -0.154
2026-03-12 3212 1103.56 53.923 5.137
2026-03-13 3195 1113.909 10.349 0.938
2026-03-14 3202 1106.153 -7.756 -0.696
2026-03-15 3201 1106.153 0 0
2026-03-16 3241 1080.035 -26.118 -2.361
2026-03-17 3184 1118.974 38.939 3.605
2026-03-18 3163 1133.734 14.76 1.319
2026-03-19 3156 1129.171 -4.563 -0.402
2026-03-20 3166 1117.999 -11.172 -0.989
2026-03-21 3154 1122.959 4.96 0.444
2026-03-22 3154 1122.959 0 0
2026-03-23 3149 1116.738 -6.221 -0.554
2026-03-24 3112 1137.945 21.207 1.899
2026-03-25 3099 1155.118 17.173 1.509
2026-03-27 3126 1135.008 -20.11 -1.741
2026-03-28 3131 1127.033 -7.975 -0.703
2026-03-29 3131 1127.033 0 0
2026-03-30 3102 1134.788 7.755 0.688
2026-03-31 3073 1152.402 17.614 1.552
2026-04-01 3051 1173.942 21.54 1.869
2026-04-02 3035 1191.174 17.232 1.468
2026-04-03 3039 1181.782 -9.392 -0.788
2026-04-04 3039 1181.782 0 0
2026-04-05 3039 1181.782 0 0
2026-04-06 3041 1181.782 0 0
2026-04-07 3116 1137.652 -44.13 -3.734
2026-04-08 3132 1143.585 5.933 0.522
2026-04-09 3128 1151.441 7.856 0.687
2026-04-10 3066 1190.113 38.672 3.359
2026-04-11 3067 1192.073 1.96 0.165
2026-04-12 3067 1192.073 0 0
2026-04-13 2966 1242.465 50.392 4.227
2026-04-14 2872 1312.893 70.428 5.668
2026-04-15 2900 1305.049 -7.844 -0.597
2026-04-16 2962 1266.717 -38.332 -2.937
2026-04-17 2969 1264.561 -2.156 -0.17
2026-04-18 2963 1272.678 8.117 0.642
2026-04-19 2963 1272.678 0 0
2026-04-20 2983 1258.555 -14.123 -1.11
2026-04-21 2981 1259.816 1.261 0.1
2026-04-22 3000 1245.52 -14.296 -1.135
2026-04-23 3024 1227.114 -18.406 -1.478
2026-04-24 3017 1228.166 1.052 0.086
2026-04-25 3021 1224.105 -4.061 -0.331
2026-04-26 3021 1224.105 0 0
2026-04-27 2997 1234.082 9.977 0.815
2026-04-28 3001 1231.209 -2.873 -0.233
2026-04-29 3020 1219.835 -11.374 -0.924
2026-04-30 2953 1261.37 41.535 3.405
2026-05-01 2953 1273.627 12.257 0.972
2026-05-02 2947 1278.695 5.068 0.398
2026-05-04 2875 1323.661 44.966 3.517
<<<<<<< HEAD
2026-05-05 2817 1371.539 47.878 3.617
2026-05-06 2748 1423.645 52.106 3.799
2026-05-07 2744 1440.824 17.179 1.207
2026-05-08 2768 1422.436 -18.388 -1.276
2026-05-09 2769 1421.338 -1.098 -0.077
2026-05-10 2769 1421.338 0 0
2026-05-11 2800 1403.807 -17.531 -1.233
2026-05-12 2823 1375.777 -28.03 -1.997
2026-05-13 2839 1363.756 -12.021 -0.874
2026-05-14 2838 1361.491 -2.265 -0.166
2026-05-15 2854 1335.157 -26.334 -1.934
2026-05-16 2854 1329.723 -5.434 -0.407
2026-05-17 2854 1329.723 0 0
2026-05-18 2842 1342.476 12.753 0.959
2026-05-19 2833 1349.704 7.228 0.538
2026-05-20 2815 1367.852 18.148 1.345
2026-05-21 2812 1373.412 5.56 0.406
2026-05-22 2807 1371.137 -2.275 -0.166
2026-05-23 2806 1373.231 2.094 0.153
2026-05-24 2806 1373.231 0 0
2026-05-26 2778 1394.964 21.733 1.583
2026-05-27 2748 1409.262 14.298 1.025
2026-05-28 2747 1412.941 3.679 0.261
2026-05-29 2855 1332.067 -80.874 -5.724
2026-05-31 2849 1338.204 6.137 0.461
2026-06-01 2952 1277.026 -61.178 -4.572
2026-06-02 2980 1245.678 -31.348 -2.455
2026-06-03 3053 1202.033 -43.645 -3.504
2026-06-04 3009 1222.675 20.642 1.717
2026-06-05 3022 1207.699 -14.976 -1.225
2026-06-06 3031 1198.575 -9.124 -0.755
2026-06-07 3031 1198.575 0 0
2026-06-08 3028 1195.321 -3.254 -0.271
2026-06-09 3036 1190.493 -4.828 -0.404
2026-06-10 3068 1169.567 -20.926 -1.758
2026-06-11 3094 1158.921 -10.646 -0.91
2026-06-12 3118 1153.543 -5.378 -0.464
2026-06-13 3115 1159.483 5.94 0.515
2026-06-15 3109 1170.028 10.545 0.909
2026-06-16 3127 1161.051 -8.977 -0.767
2026-06-17 3084 1180.918 19.867 1.711
2026-06-18 3089 1176.809 -4.109 -0.348
2026-06-19 3085 1178.573 1.764 0.15
2026-06-20 3085 1178.573 0 0
2026-06-21 3085 1178.573 0 0
2026-06-23 3110 1158.386 -20.187 -1.713
2026-06-24 3055 1191.613 33.227 2.868
2026-06-25 3037 1195.796 4.183 0.351
2026-06-26 3005 1209.367 13.571 1.135
2026-06-27 3002 1210.413 1.046 0.086
2026-06-28 3002 1210.413 0 0
2026-06-29 2988 1222.879 12.466 1.03
2026-06-30 2937 1262.297 39.418 3.223
2026-07-01 2908 1289.619 27.322 2.164
2026-07-02 2936 1265.902 -23.717 -1.839
2026-07-03 2913 1295.861 29.959 2.367
2026-07-04 2913 1295.861 0 0
2026-07-05 2913 1295.861 0 0
2026-07-06 2922 1287.755 -8.106 -0.626
2026-07-07 2932 1264.61 -23.145 -1.797
2026-07-08 3026 1205.984 -58.626 -4.636
2026-07-09 2974 1235.213 29.229 2.424
2026-07-10 2966 1248.49 13.277 1.075
2026-07-11 2972 1246.944 -1.546 -0.124
2026-07-12 2972 1246.944 0 0
2026-07-13 2960 1240.007 -6.937 -0.556
2026-07-14 2952 1248.345 8.338 0.672
2026-07-15 2975 1236.299 -12.046 -0.965
2026-07-16 3010 1212.379 -23.92 -1.935
2026-07-17 3048 1193.791 -18.588 -1.533
2026-07-18 3037 1196.602 2.811 0.235
2026-07-19 3036 1196.602 0 0
2026-07-20 3057 1182.812 -13.79 -1.152
2026-07-21 2902 1279.756 96.944 8.196
2026-07-22 2954 1241.146 -38.61 -3.017
2026-07-23 2965 1240.218 -0.928 -0.075
2026-07-24 2966 1233.008 -7.21 -0.581
2026-07-25 2969 1231.499 -1.509 -0.122
2026-07-26 2969 1231.499 0 0
2026-07-27 3027 1205.947 -25.552 -2.075
2026-07-28 3020 1204.931 -1.016 -0.084
2026-07-29 3013 1210.409 5.478 0.455
2026-07-30 2935 1253.899 43.49 3.593
2026-07-31 2968 1245.098 -8.801 -0.702
2026-08-01 2971 1242.79 -2.308 -0.185
2026-08-02 2971 1242.79 0 0
2026-08-03 2982 1242.934 0.144 0.012
2026-08-04 2992 1241.401 -1.533 -0.123
2026-08-05 3027 1220.454 -20.947 -1.687
2026-08-06 3027 1220.406 -0.048 -0.004
2026-08-07 3023 1227.313 6.907 0.566
2026-08-08 3023 1230.197 2.884 0.235
2026-08-09 3023 1230.197 0 0
2026-08-10 3014 1240.641 10.444 0.849
2026-08-11 3013 1242.258 1.617 0.13
2026-08-12 3025 1226.839 -15.419 -1.241
2026-08-13 3009 1244.008 17.169 1.399
=======
2026-05-05 2876 1323.947 0 0
2026-05-06 2852 1343.093 0 0
2026-05-07 2752 1423.645 0 0
2026-05-08 2740 1440.824 0 0
2026-05-09 2769 1422.436 0 0
2026-05-10 2770 1421.338 0 0
2026-05-11 2774 1421.338 0 0
2026-05-12 2801 1403.807 0 0
2026-05-13 2827 1375.777 0 0
2026-05-14 2834 1363.756 0 0
2026-05-15 2843 1358.979 0 0
2026-05-16 2855 1335.157 0 0
2026-05-17 2855 1329.723 0 0
2026-05-18 2853 1329.723 0 0
2026-05-19 2840 1342.476 0 0
2026-05-20 2834 1349.704 0 0
2026-05-21 2817 1367.852 0 0
2026-05-22 2814 1365.364 0 0
2026-05-23 2808 1371.137 0 0
2026-05-24 2807 1373.231 0 0
2026-05-25 2808 1373.231 0 0
2026-05-26 2806 1373.231 0 0
2026-05-27 2767 1396.407 0 0
2026-05-28 2755 1406.805 0 0
2026-05-29 2746 1412.941 0 0
2026-05-30 2856 1332.067 0 0
2026-05-31 2850 1338.204 0 0
2026-06-01 2846 1338.204 0 0
2026-06-02 2952 1277.026 0 0
2026-06-03 2986 1245.678 0 0
2026-06-04 3048 1202.033 0 0
2026-06-05 3006 1222.675 0 0
2026-06-06 3023 1207.699 0 0
2026-06-07 3032 1198.575 0 0
2026-06-09 3028 1195.321 0 0
2026-06-10 3036 1190.493 0 0
2026-06-11 3066 1169.567 0 0
2026-06-12 3112 1158.921 0 0
2026-06-13 3119 1153.543 0 0
2026-06-14 3116 1159.483 0 0
2026-06-16 3109 1170.028 0 0
2026-06-17 3128 1161.051 0 0
2026-06-18 3082 1180.918 0 0
2026-06-19 3091 1176.809 0 0
2026-06-20 3086 1178.573 0 0
2026-06-21 3086 1178.573 0 0
2026-06-22 3085 1178.573 0 0
2026-06-23 3118 1157.717 0 0
2026-06-24 3109 1158.386 0 0
2026-06-25 3049 1191.613 0 0
2026-06-26 3026 1195.796 0 0
2026-06-27 3006 1209.367 0 0
2026-06-28 3003 1210.413 0 0
2026-06-29 3005 1210.413 0 0
2026-06-30 2988 1222.879 0 0
2026-07-01 2946 1262.297 0 0
2026-07-02 2910 1289.619 0 0
2026-07-03 2946 1265.902 0 0
2026-07-04 2914 1295.861 0 0
2026-07-05 2914 1295.861 0 0
2026-07-06 2910 1295.861 0 0
2026-07-07 2916 1287.755 0 0
2026-07-08 2929 1264.61 0 0
2026-07-09 3019 1205.984 0 0
2026-07-10 2986 1235.213 0 0
2026-07-11 2967 1248.49 0 0
2026-07-12 2973 1246.944 0 0
2026-07-13 2966 1246.944 0 0
2026-07-14 2958 1240.007 0 0
2026-07-15 2958 1248.345 0 0
2026-07-16 2985 1236.299 0 0
2026-07-17 3005 1212.379 0 0
2026-07-18 3049 1193.791 0 0
2026-07-19 3038 1196.602 0 0
2026-07-20 3039 1196.602 0 0
2026-07-21 3061 1182.812 0 0
2026-07-22 2901 1279.756 0 0
2026-07-23 2962 1241.146 0 0
2026-07-24 2961 1240.218 0 0
2026-07-25 2967 1233.008 0 0
2026-07-26 2970 1231.499 0 0
2026-07-27 2977 1231.499 0 0
2026-07-28 3020 1205.947 0 0
2026-07-29 3021 1204.931 0 0
2026-07-30 3012 1210.409 0 0
2026-07-31 2948 1253.899 0 0
2026-08-01 2969 1245.098 0 0
2026-08-02 2972 1242.79 0 0
2026-08-03 2976 1242.79 0 0
2026-08-04 2987 1242.934 0 0
2026-08-05 2994 1241.401 0 0
2026-08-06 3028 1220.454 0 0
2026-08-07 3030 1220.406 0 0
2026-08-08 3024 1227.313 0 0
2026-08-09 3024 1230.197 0 0
2026-08-10 3026 1230.197 0 0
2026-08-11 3012 1240.641 0 0
2026-08-12 3013 1242.258 0 0
2026-08-13 3031 1226.081 0 0
2026-08-14 3009 1244.008 0 0
>>>>>>> 2b550085baac25c543016ca743053a87bf115d5d
2026-08-15 3006 1244.981 0 0
2026-08-16 3006 1245.288 0 0
2026-08-17 3006 1245.288 0 0
2026-08-18 3026 1238.692 0 0
2026-08-19 3017 1241.027 0 0
2026-08-20 2972 1260.668 0 0
2026-08-21 2947 1288.224 0 0
2026-08-22 2943 1294.022 0 0
2026-08-24 2949 1289.983 0 0
2026-08-25 2979 1260.0 0 0
2026-08-26 2964 1281.461 0 0
2026-08-27 2979 1270.945 0 0
