2026-01-15 3120 1044.887 0 0
2026-01-16 3115 1051.411 6.524 0.624
2026-01-17 3116 1050.677 -0.734 -0.07
2026-01-18 3115 1050.677 0 0
2026-01-19 3110 1051.857 1.18 0.112
2026-01-20 3098 1054.344 2.487 0.236
2026-01-21 3098 1060.324 5.98 0.567
2026-01-22 3079 1077.799 17.475 1.648
2026-01-23 3044 1107.325 29.526 2.739
2026-01-24 3037 1110.967 3.642 0.329
2026-01-25 3037 1110.967 0 0
2026-01-26 3058 1095.437 -15.53 -1.398
2026-01-27 3020 1125.334 29.897 2.729
2026-01-28 3032 1122.416 -2.918 -0.259
2026-01-29 3021 1123.716 1.3 0.116
2026-01-30 3024 1113.191 -10.525 -0.937
2026-01-31 3025 1111.349 -1.842 -0.165
2026-02-01 3024 1111.349 0 0
2026-02-02 3009 1113.024 1.675 0.151
2026-02-03 3011 1113.613 0.589 0.053
2026-02-04 3006 1124.385 10.772 0.967
2026-02-05 3004 1121.499 -2.886 -0.257
2026-02-06 3009 1117.17 -4.329 -0.386
2026-02-07 3006 1119.542 2.372 0.212
2026-02-08 3007 1119.542 0 0
2026-02-09 3003 1130.399 10.857 0.97
2026-02-10 3006 1137.844 7.445 0.659
2026-02-11 3006 1137.389 -0.455 -0.04
2026-02-12 2993 1149.26 11.871 1.044
2026-02-13 3010 1131.87 -17.39 -1.513
2026-02-14 3009 1129.273 -2.597 -0.229
2026-02-15 3008 1129.273 0 0
2026-02-16 3010 1125.919 -3.354 -0.297
2026-02-17 3009 1125.919 0 0
2026-02-18 3015 1124.585 -1.334 -0.118
2026-02-19 3005 1134.345 9.76 0.868
2026-02-20 3008 1130.578 -3.767 -0.332
2026-02-21 3009 1131.916 1.338 0.118
2026-02-22 3009 1131.916 0 0
2026-02-23 3002 1134.879 2.963 0.262
2026-02-24 3032 1114.509 -20.37 -1.795
2026-02-25 3040 1108.817 -5.692 -0.511
2026-02-26 3067 1088.054 -20.763 -1.873
2026-02-27 3046 1108.734 20.68 1.901
2026-02-28 3046 1107.857 -0.877 -0.079
2026-03-01 3039 1107.857 0 0
2026-03-02 3067 1083.452 -24.405 -2.203
2026-03-03 3055 1074.015 -9.437 -0.871
2026-03-04 3070 1051.565 -22.45 -2.09
2026-03-05 3053 1069.606 18.041 1.716
2026-03-06 3061 1063.016 -6.59 -0.616
2026-03-07 3061 1062.767 -0.249 -0.023
2026-03-08 3059 1062.767 0 0
2026-03-09 3080 1039.61 -23.157 -2.179
2026-03-10 3282 1061.726 22.116 2.127
2026-03-11 3276 1065.516 3.79 0.357
2026-03-12 3286 1055.74 -9.776 -0.917
2026-03-13 3288 1049.036 -6.704 -0.635
2026-03-14 3286 1045.274 -3.762 -0.359
2026-03-15 3286 1045.274 0 0
2026-03-16 3307 1033.875 -11.399 -1.091
2026-03-17 3285 1044.832 10.957 1.06
2026-03-18 3262 1066.142 21.31 2.04
2026-03-19 3264 1058.853 -7.289 -0.684
2026-03-20 3248 1058.94 0.087 0.008
2026-03-21 3246 1058.032 -0.908 -0.086
2026-03-22 3245 1058.032 0 0
2026-03-23 3272 1032.209 -25.823 -2.441
2026-03-24 3261 1041.614 9.405 0.911
2026-03-25 3258 1050.485 8.871 0.852
2026-03-27 3248 1051.391 0.906 0.086
2026-03-28 3258 1045.347 -6.044 -0.575
2026-03-29 3258 1045.347 0 0
2026-03-30 3257 1044.609 -0.738 -0.071
2026-03-31 3263 1041.173 -3.436 -0.329
2026-04-01 3257 1053.987 12.814 1.231
2026-04-02 3263 1050.393 -3.594 -0.341
2026-04-03 3261 1047.859 -2.534 -0.241
2026-04-04 3261 1047.859 0 0
2026-04-05 3261 1047.859 0 0
2026-04-06 3256 1053.442 5.583 0.533
2026-04-07 3255 1053.197 -0.245 -0.023
2026-04-08 3255 1070.035 16.838 1.599
2026-04-09 3258 1074.405 4.37 0.408
2026-04-10 3264 1075.564 1.159 0.108
2026-04-11 3265 1076.916 1.352 0.126
2026-04-12 3265 1076.916 0 0
2026-04-13 3271 1075.603 -1.313 -0.122
2026-04-14 3264 1084.715 9.112 0.847
2026-04-15 3268 1089.603 4.888 0.451
2026-04-16 3275 1090.375 0.772 0.071
2026-04-17 3280 1084.396 -5.979 -0.548
2026-04-18 3274 1088.672 4.276 0.394
2026-04-19 3274 1088.672 0 0
2026-04-20 3249 1102.188 13.516 1.242
2026-04-21 3260 1099.496 -2.692 -0.244
2026-04-22 3259 1096.232 -3.264 -0.297
2026-04-23 3282 1078.127 -18.105 -1.652
2026-04-24 3286 1070.206 -7.921 -0.735
2026-04-25 3286 1068.949 -1.257 -0.117
2026-04-26 3286 1068.949 0 0
2026-04-27 3298 1063.653 -5.296 -0.495
2026-04-28 3293 1070.476 6.823 0.641
2026-04-29 3284 1067.526 -2.95 -0.276
2026-04-30 3284 1067.937 0.411 0.039
2026-05-01 3276 1073.052 5.115 0.479
2026-05-02 3274 1074.74 1.688 0.157
2026-05-04 3287 1069.1 -5.64 -0.525
<<<<<<< HEAD
2026-05-05 3289 1069.846 0.746 0.07
2026-05-06 3287 1071.661 1.815 0.17
2026-05-07 3281 1086.461 14.8 1.381
2026-05-08 3296 1081.354 -5.107 -0.47
2026-05-09 3297 1079.733 -1.621 -0.15
2026-05-10 3297 1079.733 0 0
2026-05-11 3299 1080.985 1.252 0.116
2026-05-12 3285 1082.198 1.213 0.112
2026-05-13 3273 1086.389 4.191 0.387
2026-05-14 3282 1079.923 -6.466 -0.595
2026-05-15 3289 1075.277 -4.646 -0.43
2026-05-16 3291 1070.992 -4.285 -0.399
2026-05-17 3291 1070.992 0 0
2026-05-18 3296 1066.294 -4.698 -0.439
2026-05-19 3283 1077.121 10.827 1.015
2026-05-20 3290 1069.83 -7.291 -0.677
2026-05-21 3286 1073.848 4.018 0.376
2026-05-22 3272 1082.568 8.72 0.812
2026-05-23 3281 1081.214 -1.354 -0.125
2026-05-24 3281 1081.214 0 0
2026-05-26 3295 1076.355 -4.859 -0.449
2026-05-27 3287 1078.124 1.769 0.164
2026-05-28 3288 1070.887 -7.237 -0.671
2026-05-29 3290 1071.227 0.34 0.032
2026-05-31 3291 1072.319 1.092 0.102
2026-06-01 3291 1072.319 0 0
2026-06-02 3276 1078.093 5.774 0.538
2026-06-03 3256 1085.122 7.029 0.652
2026-06-04 3268 1075.102 -10.02 -0.923
2026-06-05 3255 1076.708 1.606 0.149
2026-06-06 3257 1072.281 -4.427 -0.411
2026-06-07 3257 1072.281 0 0
2026-06-08 3267 1054.029 -18.252 -1.702
2026-06-09 3256 1064.918 10.889 1.033
2026-06-10 3256 1062.13 -2.788 -0.262
2026-06-11 3238 1065.452 3.322 0.313
2026-06-12 3252 1068.674 3.222 0.302
2026-06-13 3246 1073.588 4.914 0.46
2026-06-15 3252 1082.763 9.175 0.855
2026-06-16 3239 1091.496 8.733 0.807
2026-06-17 3222 1097.502 6.006 0.55
2026-06-18 3217 1098.892 1.39 0.127
2026-06-19 3239 1084.079 -14.813 -1.348
2026-06-20 3239 1084.079 0 0
2026-06-21 3239 1084.079 0 0
2026-06-23 3225 1084.485 0.406 0.037
2026-06-24 3219 1082.859 -1.626 -0.15
2026-06-25 3217 1079.565 -3.294 -0.304
2026-06-26 3211 1077.22 -2.345 -0.217
2026-06-27 3210 1078.636 1.416 0.131
2026-06-28 3210 1078.636 0 0
2026-06-29 3217 1084.329 5.693 0.528
2026-06-30 3231 1076.462 -7.867 -0.726
2026-07-01 3246 1072.32 -4.142 -0.385
2026-07-02 3245 1076.174 3.854 0.359
2026-07-03 3228 1089.17 12.996 1.208
2026-07-04 3228 1089.17 0 0
2026-07-05 3228 1089.17 0 0
2026-07-06 3222 1094.19 5.02 0.461
2026-07-07 3189 1109.409 15.219 1.391
2026-07-08 3140 1138.639 29.23 2.635
2026-07-09 3119 1152.727 14.088 1.237
2026-07-10 3119 1159.966 7.239 0.628
2026-07-11 3122 1160.953 0.987 0.085
2026-07-12 3122 1160.953 0 0
2026-07-13 3127 1144.174 -16.779 -1.445
2026-07-14 3130 1147.583 3.409 0.298
2026-07-15 3114 1164.727 17.144 1.494
2026-07-16 3145 1145.581 -19.146 -1.644
2026-07-17 3146 1125.4 -20.181 -1.762
2026-07-18 3146 1124.616 -0.784 -0.07
2026-07-19 3145 1124.616 0 0
2026-07-20 3150 1124.065 -0.551 -0.049
2026-07-21 3144 1129.394 5.329 0.474
2026-07-22 3138 1135.299 5.905 0.523
2026-07-23 3137 1134.451 -0.848 -0.075
2026-07-24 3133 1129.898 -4.553 -0.401
2026-07-25 3127 1132.087 2.189 0.194
2026-07-26 3127 1132.087 0 0
2026-07-27 3132 1137.773 5.686 0.502
2026-07-28 3141 1128.223 -9.55 -0.839
2026-07-29 3114 1146.877 18.654 1.653
2026-07-30 3109 1150.342 3.465 0.302
2026-07-31 3125 1152.227 1.885 0.164
2026-08-01 3129 1151.958 -0.269 -0.023
2026-08-02 3129 1151.958 0 0
2026-08-03 3136 1145.941 -6.017 -0.522
2026-08-04 3130 1152.409 6.468 0.564
2026-08-05 3156 1148.955 -3.454 -0.3
2026-08-06 3130 1157.501 8.546 0.744
2026-08-07 3167 1148.414 -9.087 -0.785
2026-08-08 3153 1152.186 3.772 0.328
2026-08-09 3153 1152.186 0 0
2026-08-10 3155 1152.186 0 0
2026-08-11 3188 1137.308 -14.878 -1.291
2026-08-12 3182 1138.753 1.445 0.127
2026-08-13 3221 1116.876 -21.877 -1.921
=======
2026-05-05 3284 1070.865 0 0
2026-05-06 3286 1070.165 0 0
2026-05-07 3287 1075.741 0 0
2026-05-08 3295 1076.525 0 0
2026-05-09 3297 1081.354 0 0
2026-05-10 3298 1079.733 0 0
2026-05-11 3296 1080.783 0 0
2026-05-12 3291 1083.382 0 0
2026-05-13 3268 1091.884 0 0
2026-05-14 3285 1077.473 0 0
2026-05-15 3286 1079.919 0 0
2026-05-16 3290 1075.277 0 0
2026-05-17 3292 1070.992 0 0
2026-05-18 3298 1061.599 0 0
2026-05-19 3287 1072.494 0 0
2026-05-20 3288 1071.39 0 0
2026-05-21 3277 1078.52 0 0
2026-05-22 3271 1083.617 0 0
2026-05-23 3273 1082.568 0 0
2026-05-24 3282 1081.214 0 0
2026-05-25 3270 1090.783 0 0
2026-05-26 3283 1080.792 0 0
2026-05-27 3291 1076.355 0 0
2026-05-28 3289 1072.469 0 0
2026-05-29 3285 1074.928 0 0
2026-05-30 3291 1071.227 0 0
2026-05-31 3292 1072.319 0 0
2026-06-01 3291 1072.319 0 0
2026-06-02 3275 1079.049 0 0
2026-06-03 3270 1082.414 0 0
2026-06-04 3262 1076.229 0 0
2026-06-05 3269 1074.559 0 0
2026-06-06 3256 1076.708 0 0
2026-06-07 3258 1072.281 0 0
2026-06-09 3262 1062.795 0 0
2026-06-10 3259 1061.281 0 0
2026-06-11 3249 1061.486 0 0
2026-06-12 3245 1067.045 0 0
2026-06-13 3253 1068.674 0 0
2026-06-14 3247 1073.588 0 0
2026-06-16 3248 1084.72 0 0
2026-06-17 3216 1100.747 0 0
2026-06-18 3228 1095.701 0 0
2026-06-19 3232 1090.208 0 0
2026-06-20 3240 1084.079 0 0
2026-06-21 3240 1084.079 0 0
2026-06-22 3231 1082.268 0 0
2026-06-23 3228 1086.881 0 0
2026-06-24 3224 1084.425 0 0
2026-06-25 3224 1079.3 0 0
2026-06-26 3224 1069.591 0 0
2026-06-27 3212 1077.22 0 0
2026-06-28 3211 1078.636 0 0
2026-06-29 3213 1081.469 0 0
2026-06-30 3222 1077.397 0 0
2026-07-01 3242 1072.406 0 0
2026-07-02 3246 1074.068 0 0
2026-07-03 3238 1084.369 0 0
2026-07-04 3229 1089.17 0 0
2026-07-05 3229 1089.17 0 0
2026-07-06 3228 1089.763 0 0
2026-07-07 3212 1098.401 0 0
2026-07-08 3167 1128.117 0 0
2026-07-09 3131 1142.34 0 0
2026-07-10 3126 1154.391 0 0
2026-07-11 3120 1159.966 0 0
2026-07-12 3123 1160.953 0 0
2026-07-13 3131 1152.061 0 0
2026-07-14 3145 1132.348 0 0
2026-07-15 3126 1152.577 0 0
2026-07-16 3131 1154.306 0 0
2026-07-17 3159 1124.904 0 0
2026-07-18 3147 1125.4 0 0
2026-07-19 3147 1124.616 0 0
2026-07-20 3157 1117.226 0 0
2026-07-21 3137 1132.624 0 0
2026-07-22 3157 1121.983 0 0
2026-07-23 3143 1133.825 0 0
2026-07-24 3143 1126.104 0 0
2026-07-25 3134 1129.898 0 0
2026-07-26 3128 1132.087 0 0
2026-07-27 3123 1138.506 0 0
2026-07-28 3144 1126.056 0 0
2026-07-29 3134 1136.826 0 0
2026-07-30 3122 1143.752 0 0
2026-07-31 3138 1136.966 0 0
2026-08-01 3126 1152.227 0 0
2026-08-02 3130 1151.958 0 0
2026-08-03 3141 1142.188 0 0
2026-08-04 3139 1151.277 0 0
2026-08-05 3139 1152.142 0 0
2026-08-06 3146 1155.904 0 0
2026-08-07 3164 1140.716 0 0
2026-08-08 3168 1148.414 0 0
2026-08-09 3154 1152.186 0 0
2026-08-10 3156 1152.186 0 0
2026-08-11 3174 1141.654 0 0
2026-08-12 3189 1138.118 0 0
2026-08-13 3207 1123.213 0 0
2026-08-14 3240 1104.729 0 0
>>>>>>> 2b550085baac25c543016ca743053a87bf115d5d
