2026-04-23 3372 1006.67 0 0
2026-04-24 3358 1011.786 5.116 0.508
2026-04-25 3365 1011.683 -0.103 -0.01
2026-04-26 3365 1011.683 0 0
2026-04-27 3312 1051.294 39.611 3.915
2026-04-28 3346 1024.342 -26.952 -2.564
2026-04-29 3302 1056.582 32.24 3.147
2026-04-30 3229 1099.339 42.757 4.047
2026-05-01 3234 1099.275 -0.064 -0.006
2026-05-02 3236 1099.275 0 0
2026-05-04 3235 1099.275 0 0
2026-05-05 3220 1111.753 12.478 1.135
2026-05-06 3222 1111.753 0 0
2026-05-07 3203 1131.925 20.172 1.814
2026-05-08 2957 1285.626 153.701 13.579
2026-05-09 2958 1285.569 -0.057 -0.004
2026-05-10 2958 1285.569 0 0
2026-05-11 2895 1322.9 37.331 2.904
2026-05-12 2866 1337.534 14.634 1.106
2026-05-13 2836 1364.698 27.164 2.031
2026-05-14 2936 1297.092 -67.606 -4.954
2026-05-15 2663 1487.055 189.963 14.645
2026-05-16 2661 1483.012 -4.043 -0.272
2026-05-17 2661 1483.012 0 0
2026-05-18 2542 1563.975 80.963 5.459
2026-05-19 2520 1580.881 16.906 1.081
2026-05-20 2549 1567.862 -13.019 -0.824
2026-05-21 2553 1567.333 -0.529 -0.034
2026-05-22 2456 1652.753 85.42 5.45
2026-05-23 2452 1655.526 2.773 0.168
2026-05-24 2452 1655.526 0 0
2026-05-26 2478 1639.057 -16.469 -0.995
2026-05-27 2565 1559.25 -79.807 -4.869
2026-05-28 2592 1537.797 -21.453 -1.376
2026-05-29 2651 1490.774 -47.023 -3.058
2026-05-31 2651 1493.307 2.533 0.17
2026-06-01 2754 1405.728 -87.579 -5.865
2026-06-02 2652 1494.058 88.33 6.284
2026-06-03 2590 1536.349 42.291 2.831
2026-06-04 2518 1592.988 56.639 3.687
2026-06-05 2181 1898.574 305.586 19.183
2026-06-06 2172 1900.117 1.543 0.081
2026-06-07 2172 1900.117 0 0
2026-06-08 1997 2065.15 165.033 8.685
2026-06-09 2035 2023.198 -41.952 -2.031
2026-06-10 2007 2045.434 22.236 1.099
2026-06-11 2305 1776.606 -268.828 -13.143
2026-06-12 2386 1701.822 -74.784 -4.209
2026-06-13 2387 1705.875 4.053 0.238
2026-06-15 2288 1807.237 101.362 5.942
2026-06-16 2275 1825.249 18.012 0.997
2026-06-17 2252 1850.406 25.157 1.378
2026-06-18 2107 1974.473 124.067 6.705
2026-06-19 2111 1972.984 -1.489 -0.075
2026-06-20 2111 1972.984 0 0
2026-06-21 2111 1972.984 0 0
2026-06-23 2253 1830.938 -142.046 -7.2
2026-06-24 2228 1849.825 18.887 1.032
2026-06-25 2180 1881.444 31.619 1.709
2026-06-26 2295 1782.431 -99.013 -5.263
2026-06-27 2296 1782.116 -0.315 -0.018
2026-06-28 2296 1782.116 0 0
2026-06-29 2337 1745.571 -36.545 -2.051
2026-06-30 2066 2009.916 264.345 15.144
2026-07-01 2026 2040.788 30.872 1.536
2026-07-02 2086 1987.295 -53.493 -2.621
2026-07-03 1779 2339.429 352.134 17.719
2026-07-04 1779 2339.429 0 0
2026-07-05 1779 2339.429 0 0
2026-07-06 1914 2180.525 -158.904 -6.792
2026-07-07 1863 2230.353 49.828 2.285
2026-07-08 2189 1883.853 -346.5 -15.536
2026-07-09 2105 1962.382 78.529 4.169
2026-07-10 2124 1949.733 -12.649 -0.645
2026-07-11 2122 1954.076 4.343 0.223
2026-07-12 2122 1954.076 0 0
2026-07-13 2241 1834.873 -119.203 -6.1
2026-07-14 2213 1868.465 33.592 1.831
2026-07-15 2221 1865.817 -2.648 -0.142
2026-07-16 2253 1832.691 -33.126 -1.775
2026-07-17 2493 1587.608 -245.083 -13.373
2026-07-18 2495 1585.452 -2.156 -0.136
2026-07-19 2494 1585.452 0 0
2026-07-20 2643 1467.486 -117.966 -7.441
2026-07-21 2503 1590.583 123.097 8.388
2026-07-22 2559 1543.876 -46.707 -2.936
2026-07-23 2603 1502.811 -41.065 -2.66
2026-07-24 2664 1442.769 -60.042 -3.995
2026-07-25 2668 1442.002 -0.767 -0.053
2026-07-26 2668 1442.002 0 0
2026-07-27 2592 1517.81 75.808 5.257
2026-07-28 2694 1432.797 -85.013 -5.601
2026-07-29 2753 1388.947 -43.85 -3.06
2026-07-30 2894 1283.067 -105.88 -7.623
2026-07-31 2655 1484.934 201.867 15.733
2026-08-01 2654 1486.915 1.981 0.133
2026-08-02 2654 1486.915 0 0
2026-08-03 2605 1525.908 38.993 2.622
2026-08-04 2531 1590.312 64.404 4.221
2026-08-05 2469 1658.87 68.558 4.311
2026-08-06 2483 1638.596 -20.274 -1.222
2026-08-07 2435 1693.339 54.743 3.341
2026-08-08 2436 1693.74 0.401 0.024
2026-08-09 2436 1693.74 0 0
2026-08-10 2507 1628.595 -65.145 -3.846
2026-08-11 2345 1774.714 146.119 8.972
2026-08-12 2397 1728.569 -46.145 -2.6
2026-08-13 2444 1686.473 -42.096 -2.435
2026-08-15 2434 1705.727 19.254 1.142
2026-08-16 2433 1705.727 0 0
2026-08-17 2371 1763.277 57.55 3.374
2026-08-18 2277 1851.943 88.666 5.028
2026-08-19 2612 1534.445 -317.498 -17.144
2026-08-20 2639 1518.953 -15.492 -1.01
2026-08-21 2610 1542.578 23.625 1.555
2026-08-23 2611 1543.358 0.78 0.051
2026-08-24 2717 1452.795 -90.563 -5.868
2026-08-25 2693 1483.289 30.494 2.099
2026-08-26 2733 1441.569 -41.72 -2.813
2026-08-27 2702 1472.37 30.801 2.137
2026-08-28 2747 1438.087 -34.283 -2.328
2026-08-29 2748 1437.98 -0.107 -0.007
2026-08-30 2748 1437.98 0 0
2026-08-31 2705 1478.027 40.047 2.785
2026-09-01 2755 1436.518 0 0
2026-09-02 2756 1419.218 0 0
2026-09-03 2762 1419.429 0 0
