2026-08-27 2807 1400 0 0
2026-08-28 2805 1400 0 0
2026-08-29 2801 1400 0 0
2026-08-30 2801 1400 0 0
2026-08-31 2910 1318.895 -81.105 -5.793
2026-09-01 3007 1249.479 0 0
2026-09-02 2954 1277.34 0 0
2026-09-03 2911 1313.993 0 0
2026-09-04 2969 1274.462 0 0
2026-09-05 2998 1254.536 0 0
2026-09-06 2992 1255.901 0 0
2026-09-07 2870 1343.953 0 0
2026-09-08 2966 1274.855 0 0
2026-09-09 3071 1207.704 0 0
2026-09-10 3081 1199.287 0 0
2026-09-11 2983 1247.153 0 0
2026-09-12 2983 1253.702 0 0
2026-09-13 2980 1253.066 0 0
2026-09-14 2649 1503.689 0 0
2026-09-15 2701 1463.873 0 0
2026-09-16 2677 1484.66 0 0
2026-09-17 2574 1558.683 0 0
2026-09-18 2516 1618.393 0 0
2026-09-19 2534 1599.435 0 0
2026-09-20 2533 1602.134 0 0
2026-09-21 2515 1617.365 0 0
2026-09-22 2483 1653.168 0 0
2026-09-23 2483 1654.099 0 0
2026-09-24 2387 1740.126 0 0
