2026-04-27 3157 1145.564 0 0
2026-04-28 3179 1131.819 -13.745 -1.2
2026-04-29 3193 1119.863 -11.956 -1.056
2026-04-30 3215 1103.544 -16.319 -1.457
2026-05-01 3233 1099.626 -3.918 -0.355
2026-05-02 3235 1099.626 0 0
2026-05-04 3307 1049.313 -50.313 -4.575
2026-05-05 3153 1150.431 101.118 9.637
2026-05-06 3162 1150.431 0 0
2026-05-07 3085 1202.582 52.151 4.533
2026-05-08 3196 1144.695 -57.887 -4.814
2026-05-09 3196 1144.622 -0.073 -0.006
2026-05-10 3196 1144.622 0 0
2026-05-11 3079 1203.539 58.917 5.147
2026-05-12 3099 1185.273 -18.266 -1.518
2026-05-13 3259 1096.612 -88.661 -7.48
2026-05-14 3338 1038.194 -58.418 -5.327
2026-05-15  990.211 -47.983 -4.622
2026-05-23 3279 1081.912 91.701 9.261
2026-05-24 3279 1081.912 0 0
2026-05-26 3217 1116.33 34.418 3.181
2026-05-27 3225 1112.428 -3.902 -0.35
2026-05-28 3310 1057.261 -55.167 -4.959
2026-05-29 3202 1123.321 66.06 6.248
2026-05-31 3197 1126.477 3.156 0.281
2026-06-01 3178 1136.655 10.178 0.904
2026-06-02 3218 1110.756 -25.899 -2.279
2026-06-03 3248 1088.47 -22.286 -2.006
2026-06-04 3341 1021.649 -66.821 -6.139
2026-06-05 3356 1006.002 -15.647 -1.532
2026-06-06 3360 1004.231 -1.771 -0.176
2026-06-07 3360 1004.231 0 0
2026-06-08  973.885 -30.346 -3.022
