2025-12-18 968 4169.499 0 0
2025-12-19 962 4239.252 69.753 1.673
2025-12-20 962 4239.252 0 0
2025-12-21 962 4239.252 0 0
2025-12-22 959 4256.446 17.194 0.406
2025-12-23 950 4301.476 45.03 1.058
2025-12-24 946 4322.533 21.057 0.49
2025-12-25 945 4322.533 0 0
2025-12-26 948 4317.674 -4.859 -0.112
2025-12-27 948 4317.674 0 0
2025-12-28 948 4317.674 0 0
2025-12-29 965 4248.669 -69.005 -1.598
2025-12-30 965 4246.077 -2.592 -0.061
2025-12-31 966 4248.669 2.592 0.061
2026-01-01 966 4248.669 0 0
2026-01-02 971 4203.961 -44.708 -1.052
2026-01-03 971 4203.961 0 0
2026-01-05 982 4151.478 -52.483 -1.248
2026-01-06 981 4176.424 24.946 0.601
2026-01-07 977 4197.806 21.382 0.512
2026-01-08 975 4224.371 26.565 0.633
2026-01-09 973 4200.721 -23.65 -0.56
2026-01-10 975 4200.721 0 0
2026-01-11 975 4200.721 0 0
2026-01-12 964 4271.994 71.273 1.697
2026-01-13 963 4276.206 4.212 0.099
2026-01-14 961 4294.348 18.142 0.424
2026-01-15 967 4271.67 -22.678 -0.528
2026-01-16 954 4317.35 45.68 1.069
2026-01-17 953 4317.35 0 0
2026-01-18 952 4317.35 0 0
2026-01-19 953 4317.35 0 0
2026-01-20 949 4318.322 0.972 0.023
2026-01-21 955 4290.785 -27.537 -0.638
2026-01-22 942 4376.96 86.175 2.008
2026-01-23 945 4378.256 1.296 0.03
2026-01-24 945 4378.256 0 0
2026-01-25 945 4378.256 0 0
2026-01-26 947 4340.676 -37.58 -0.858
2026-01-27 943 4388.299 47.623 1.097
2026-01-28 952 4323.829 -64.47 -1.469
2026-01-29 959 4304.715 -19.114 -0.442
2026-01-30 943 4319.942 15.227 0.354
2026-01-31 943 4319.942 0 0
2026-02-01 942 4319.942 0 0
2026-02-02 931 4346.507 26.565 0.615
2026-02-03 936 4336.788 -9.719 -0.224
2026-02-04 941 4344.887 8.099 0.187
2026-02-05 927 4384.735 39.848 0.917
2026-02-06 924 4420.372 35.637 0.813
2026-02-07 926 4420.372 0 0
2026-02-08 926 4420.372 0 0
2026-02-09 927 4422.64 2.268 0.051
2026-02-10 948 4355.254 -67.386 -1.524
2026-02-11 945 4347.155 -8.099 -0.186
2026-02-12 947 4332.577 -14.578 -0.335
2026-02-13 957 4331.281 -1.296 -0.03
2026-02-14 955 4331.281 0 0
2026-02-15 956 4331.281 0 0
2026-02-16 955 4331.281 0 0
2026-02-17 942 4383.44 52.159 1.204
2026-02-18 938 4433.655 50.215 1.146
2026-02-19 940 4430.091 -3.564 -0.08
2026-02-20 927 4501.364 71.273 1.609
2026-02-21 931 4501.364 0 0
2026-02-22 931 4501.364 0 0
2026-02-23 933 4496.181 -5.183 -0.115
2026-02-24 935 4507.52 11.339 0.252
2026-02-25 950 4448.881 -58.639 -1.301
2026-02-26 954 4471.883 23.002 0.517
2026-02-27 963 4427.175 -44.708 -1
2026-02-28 965 4427.175 0 0
2026-03-01 961 4427.175 0 0
2026-03-02 969 4373.397 -53.778 -1.215
2026-03-03 969 4326.097 -47.3 -1.082
2026-03-04 984 4277.178 -48.919 -1.131
2026-03-05 971 4315.082 37.904 0.886
2026-03-06 968 4307.955 -7.127 -0.165
2026-03-07 969 4307.955 0 0
2026-03-08 969 4307.955 0 0
2026-03-09 972 4294.348 -13.607 -0.316
2026-03-10 980 4277.178 -17.17 -0.4
2026-03-11 983 4261.303 -15.875 -0.371
2026-03-12 991 4218.54 -42.763 -1.004
2026-03-13 983 4231.174 12.634 0.299
2026-03-14 980 4231.174 0 0
2026-03-15 980 4231.174 0 0
2026-03-16 983 4240.569 9.395 0.222
2026-03-17 986 4253.852 13.283 0.313
2026-03-18 981 4257.092 3.24 0.076
2026-03-19 959 4300.18 43.088 1.012
2026-03-20 965 4272.318 -27.862 -0.648
2026-03-21 965 4272.318 0 0
2026-03-22 963 4272.318 0 0
2026-03-23 959 4264.219 -8.099 -0.19
2026-03-24 964 4249.641 -14.578 -0.342
2026-03-25 970 4270.375 20.734 0.488
2026-03-27 968 4227.935 -42.44 -0.994
2026-03-28 965 4227.935 0 0
2026-03-29 965 4227.935 0 0
2026-03-30 955 4268.755 40.82 0.965
2026-03-31 944 4329.661 60.906 1.427
2026-04-01 957 4313.462 -16.199 -0.374
2026-04-02 958 4322.533 9.071 0.21
2026-04-03 955 4322.533 0 0
2026-04-04 955 4322.533 0 0
2026-04-05 955 4322.533 0 0
2026-04-06 960 4309.575 -12.958 -0.3
2026-04-07 967 4284.953 -24.622 -0.571
2026-04-08 968 4324.477 39.524 0.922
2026-04-09 958 4368.213 43.736 1.011
2026-04-10 963 4365.297 -2.916 -0.067
2026-04-11 963 4365.297 0 0
2026-04-12 963 4365.297 0 0
2026-04-13 954 4417.78 52.483 1.202
2026-04-14 953 4432.359 14.579 0.33
2026-04-15 953 4440.782 8.423 0.19
2026-04-16 962 4408.709 -32.073 -0.722
2026-04-17 958 4431.387 22.678 0.514
2026-04-18 960 4431.387 0 0
2026-04-19 960 4431.387 0 0
2026-04-20 957 4451.473 20.086 0.453
2026-04-21 959 4427.175 -24.298 -0.546
2026-04-22 964 4415.836 -11.339 -0.256
2026-04-23 967 4385.707 -30.129 -0.682
2026-04-24 978 4338.084 -47.623 -1.086
2026-04-25 980 4338.084 0 0
2026-04-26 980 4338.084 0 0
2026-04-27 975 4353.311 15.227 0.351
2026-04-28 982 4321.238 -32.073 -0.737
2026-04-29 991 4294.024 -27.214 -0.63
2026-04-30 983 4328.689 34.665 0.807
2026-05-01 982 4337.76 9.071 0.21
2026-05-02 982 4337.76 0 0
2026-05-04 988 4319.618 -18.142 -0.418
2026-05-05 982 4356.226 36.608 0.847
2026-05-06 1019 4248.993 -107.233 -2.462
2026-05-07 1017 4244.133 -4.86 -0.114
2026-05-08 1042 4168.324 -75.809 -1.786
2026-05-09 1042 4168.324 0 0
2026-05-10 1042 4168.324 0 0
<<<<<<< HEAD
2026-05-11 1042 4159.577 -8.747 -0.21
2026-05-12 1042 4136.899 -22.678 -0.545
2026-05-13 1036 4142.083 5.184 0.125
2026-05-14 1033 4148.238 6.155 0.149
2026-05-15 1057 4060.443 -87.795 -2.116
2026-05-16 1055 4060.443 0 0
2026-05-17 1055 4060.443 0 0
2026-05-18 1052 4054.935 -5.508 -0.136
2026-05-19 1028 4109.362 54.427 1.342
2026-05-20 1048 4062.387 -46.975 -1.143
2026-05-21 1049 4062.387 0 0
2026-05-22 1041 4087.008 24.621 0.606
2026-05-23 1041 4087.008 0 0
2026-05-24 1041 4087.008 0 0
2026-05-26 1054 4059.471 -27.537 -0.674
2026-05-27 1056 4049.104 -10.367 -0.255
2026-05-28 1042 4080.205 31.101 0.768
2026-05-29 1054 4072.43 -7.775 -0.191
2026-05-31 1055 4072.43 0 0
2026-06-01 1062 4046.188 -26.242 -0.644
2026-06-02 1087 3963.252 -82.936 -2.05
2026-06-03 1070 4004.72 41.468 1.046
2026-06-04 1067 4004.072 -0.648 -0.016
2026-06-05 1073 3976.859 -27.213 -0.68
2026-06-06 1070 3976.859 0 0
2026-06-07 1070 3976.859 0 0
2026-06-08 1059 3983.014 6.155 0.155
2026-06-09 1035 4054.611 71.597 1.798
2026-06-10 1030 4071.782 17.171 0.423
2026-06-11 1029 4090.896 19.114 0.469
2026-06-12 1037 4074.049 -16.847 -0.412
2026-06-13 1038 4074.049 0 0
2026-06-15 1038 4097.375 23.326 0.573
2026-06-16 1043 4089.6 -7.775 -0.19
2026-06-17 1050 4067.894 -21.706 -0.531
2026-06-18 1055 4052.344 -15.55 -0.382
2026-06-19 1049 4052.344 0 0
2026-06-20 1049 4052.344 0 0
2026-06-21 1049 4052.344 0 0
2026-06-23 1049 4031.61 -20.734 -0.512
2026-06-24 1038 4055.907 24.297 0.603
2026-06-25 1021 4111.63 55.723 1.374
2026-06-26 1013 4147.266 35.636 0.867
2026-06-27 1014 4147.266 0 0
2026-06-28 1014 4147.266 0 0
2026-06-29 1016 4171.24 23.974 0.578
2026-06-30 1017 4165.733 -5.507 -0.132
2026-07-01 1005 4239.921 74.188 1.781
2026-07-02 993 4287.221 47.3 1.116
2026-07-03 995 4287.221 0 0
2026-07-04 995 4287.221 0 0
2026-07-05 995 4287.221 0 0
2026-07-06 997 4272.966 -14.255 -0.332
2026-07-07 991 4281.389 8.423 0.197
2026-07-08 1008 4193.594 -87.795 -2.051
2026-07-09 1002 4211.412 17.818 0.425
2026-07-10 1002 4217.568 6.156 0.146
2026-07-11 1001 4217.568 0 0
2026-07-12 1001 4217.568 0 0
2026-07-13 1003 4202.665 -14.903 -0.353
2026-07-14 1024 4140.463 -62.202 -1.48
2026-07-15 1015 4165.733 25.27 0.61
2026-07-16 997 4219.835 54.102 1.299
2026-07-17 1004 4177.072 -42.763 -1.013
2026-07-18 1004 4177.072 0 0
2026-07-19 1004 4177.072 0 0
2026-07-20 1013 4147.59 -29.482 -0.706
2026-07-21 1013 4154.394 6.804 0.164
2026-07-22 1027 4092.516 -61.878 -1.489
2026-07-23 1023 4107.094 14.578 0.356
2026-07-24 1013 4143.379 36.285 0.883
2026-07-25 1015 4143.379 0 0
2026-07-26 1015 4143.379 0 0
2026-07-27 1014 4174.156 30.777 0.743
2026-07-28 994 4200.397 26.241 0.629
2026-07-29 1003 4186.467 -13.93 -0.332
2026-07-30 1010 4155.366 -31.101 -0.743
2026-07-31 1020 4160.549 5.183 0.125
2026-08-01 1018 4160.549 0 0
2026-08-02 1018 4160.549 0 0
2026-08-03 1007 4199.101 38.552 0.927
2026-08-04 1005 4249.964 50.863 1.211
2026-08-05 1046 4075.831 -174.133 -4.097
2026-08-06 1073 4006.016 -69.815 -1.713
2026-08-07 1073 4029.342 23.326 0.582
2026-08-08 1074 4029.342 0 0
2026-08-09 1074 4029.342 0 0
2026-08-10 1091 3983.338 -46.004 -1.142
2026-08-11 1072 4023.186 39.848 1
2026-08-12 1067 4038.089 14.903 0.37
2026-08-13 1066 4040.681 2.592 0.064
=======
2026-05-11 1038 4168.324 0 0
2026-05-12 1041 4159.577 0 0
2026-05-13 1042 4136.899 0 0
2026-05-14 1034 4142.083 0 0
2026-05-15 1033 4148.238 0 0
2026-05-16 1057 4060.443 0 0
2026-05-17 1055 4060.443 0 0
2026-05-18 1050 4060.443 0 0
2026-05-19 1051 4054.935 0 0
2026-05-20 1030 4109.362 0 0
2026-05-21 1050 4062.387 0 0
2026-05-22 1038 4089.924 0 0
2026-05-23 1041 4087.008 0 0
2026-05-24 1041 4087.008 0 0
2026-05-25 1043 4087.008 0 0
2026-05-26 1041 4087.008 0 0
2026-05-27 1052 4059.471 0 0
2026-05-28 1055 4049.104 0 0
2026-05-29 1044 4080.205 0 0
2026-05-30 1054 4072.43 0 0
2026-05-31 1055 4072.43 0 0
2026-06-01 1057 4072.43 0 0
2026-06-02 1063 4046.188 0 0
2026-06-03 1085 3963.252 0 0
2026-06-04 1068 4004.72 0 0
2026-06-05 1066 4004.072 0 0
2026-06-06 1073 3976.859 0 0
2026-06-07 1070 3976.859 0 0
2026-06-09 1060 3983.014 0 0
2026-06-10 1032 4054.611 0 0
2026-06-11 1030 4071.782 0 0
2026-06-12 1032 4090.896 0 0
2026-06-13 1037 4074.049 0 0
2026-06-14 1038 4074.049 0 0
2026-06-16 1040 4097.375 0 0
2026-06-17 1044 4089.6 0 0
2026-06-18 1050 4067.894 0 0
2026-06-19 1056 4052.344 0 0
2026-06-20 1049 4052.344 0 0
2026-06-21 1049 4052.344 0 0
2026-06-22 1051 4052.344 0 0
2026-06-23 1063 4012.495 0 0
2026-06-24 1050 4031.61 0 0
2026-06-25 1037 4055.907 0 0
2026-06-26 1016 4111.63 0 0
2026-06-27 1013 4147.266 0 0
2026-06-28 1014 4147.266 0 0
2026-06-29 1016 4147.266 0 0
2026-06-30 1016 4171.24 0 0
2026-07-01 1019 4165.733 0 0
2026-07-02 1002 4239.921 0 0
2026-07-03 996 4287.221 0 0
2026-07-04 995 4287.221 0 0
2026-07-05 995 4287.221 0 0
2026-07-06 992 4287.221 0 0
2026-07-07 996 4272.966 0 0
2026-07-08 990 4281.389 0 0
2026-07-09 1005 4193.594 0 0
2026-07-10 1000 4211.412 0 0
2026-07-11 1002 4217.568 0 0
2026-07-12 1001 4217.568 0 0
2026-07-13 1001 4217.568 0 0
2026-07-14 1004 4202.665 0 0
2026-07-15 1024 4140.463 0 0
2026-07-16 1016 4165.733 0 0
2026-07-17 995 4219.835 0 0
2026-07-18 1004 4177.072 0 0
2026-07-19 1004 4177.072 0 0
2026-07-20 1006 4177.072 0 0
2026-07-21 1014 4147.59 0 0
2026-07-22 1014 4154.394 0 0
2026-07-23 1029 4092.516 0 0
2026-07-24 1023 4107.094 0 0
2026-07-25 1013 4143.379 0 0
2026-07-26 1015 4143.379 0 0
2026-07-27 1019 4143.379 0 0
2026-07-28 1009 4174.156 0 0
2026-07-29 996 4200.397 0 0
2026-07-30 1001 4186.467 0 0
2026-07-31 1015 4155.366 0 0
2026-08-01 1020 4160.549 0 0
2026-08-02 1018 4160.549 0 0
2026-08-03 1019 4160.549 0 0
2026-08-04 1009 4199.101 0 0
2026-08-05 1007 4249.964 0 0
2026-08-06 1048 4075.831 0 0
2026-08-07 1078 4006.016 0 0
2026-08-08 1073 4029.342 0 0
2026-08-09 1074 4029.342 0 0
2026-08-10 1072 4029.342 0 0
2026-08-11 1088 3983.338 0 0
2026-08-12 1074 4023.186 0 0
2026-08-13 1067 4038.089 0 0
2026-08-14 1066 4040.681 0 0
>>>>>>> 2b550085baac25c543016ca743053a87bf115d5d
2026-08-15 1066 4045.864 0 0
2026-08-16 1068 4045.864 0 0
2026-08-17 1067 4045.864 0 0
2026-08-18 1071 4018.003 0 0
2026-08-19 1078 3993.381 0 0
2026-08-20 1071 3986.578 0 0
2026-08-21 1088 3943.49 0 0
2026-08-22 1074 3997.917 0 0
2026-08-23 1075 3997.917 0 0
2026-08-24 1075 3997.917 0 0
2026-08-25 1069 4012.171 0 0
2026-08-26 1063 4042.625 0 0
2026-08-27 1081 4008.284 0 0
2026-08-28 1076 4010.552 0 0
