2026-03-10 2559 1543.73 0 0
2026-03-11 2575 1531.985 -11.745 -0.761
2026-03-12 2574 1523.65 -8.335 -0.544
2026-03-13 2574 1514.178 -9.472 -0.622
2026-03-14 2571 1514.178 0 0
2026-03-15 2571 1514.178 0 0
2026-03-16 2575 1509.252 -4.926 -0.325
2026-03-17 2588 1502.432 -6.82 -0.452
2026-03-18 2627 1473.638 -28.794 -1.916
2026-03-19 2569 1502.811 29.173 1.98
2026-03-20 2559 1501.296 -1.515 -0.101
2026-03-21 2561 1501.296 0 0
2026-03-22 2561 1501.296 0 0
2026-03-23 2537 1515.693 14.397 0.959
2026-03-24 2585 1474.395 -41.298 -2.725
2026-03-25 2700 1396.725 -77.67 -5.268
2026-03-27 2715 1384.222 -12.503 -0.895
2026-03-28 2710 1384.222 0 0
2026-03-29 2710 1384.222 0 0
2026-03-30 2714 1377.402 -6.82 -0.493
2026-03-31 2672 1397.862 20.46 1.485
2026-04-01 2750 1363.005 -34.857 -2.494
2026-04-02 2727 1378.16 15.155 1.112
2026-04-03 2721 1378.16 0 0
2026-04-04 2721 1378.16 0 0
2026-04-05 2721 1378.16 0 0
2026-04-06 2703 1396.725 18.565 1.347
2026-04-07 2743 1368.688 -28.037 -2.007
2026-04-08 2737 1394.452 25.764 1.882
2026-04-09 2818 1334.589 -59.863 -4.293
2026-04-10 2945 1253.129 -81.46 -6.104
2026-04-11 2946 1253.129 0 0
2026-04-12 2946 1253.129 0 0
2026-04-13 2866 1310.719 57.59 4.596
2026-04-14 2849 1326.253 15.534 1.185
2026-04-15 2819 1357.321 31.068 2.343
2026-04-16 2796 1380.054 22.733 1.675
2026-04-17 2786 1396.346 16.292 1.181
2026-04-18 2786 1396.346 0 0
2026-04-19 2786 1396.346 0 0
2026-04-20 2772 1401.271 4.925 0.353
2026-04-21 2787 1393.315 -7.956 -0.568
2026-04-22 2771 1401.65 8.335 0.598
2026-04-23 2904 1304.278 -97.372 -6.947
2026-04-24 2843 1334.21 29.932 2.295
2026-04-25 2843 1334.21 0 0
2026-04-26 2843 1334.21 0 0
2026-04-27 2890 1311.098 -23.112 -1.732
2026-04-28 2922 1291.775 -19.323 -1.474
2026-04-29 2872 1311.477 19.702 1.525
2026-04-30 2896 1303.142 -8.335 -0.636
2026-05-01 2852 1338.756 35.614 2.733
2026-05-02 2853 1338.756 0 0
2026-05-04 2854 1340.272 1.516 0.113
2026-05-05 2886 1323.222 -17.05 -1.272
2026-05-06 2953 1282.303 -40.919 -3.092
2026-05-07 2870 1341.03 58.727 4.58
2026-05-08 2921 1308.446 -32.584 -2.43
2026-05-09 2919 1308.446 0 0
2026-05-10 2919 1308.446 0 0
<<<<<<< HEAD
2026-05-11 2931 1303.899 -4.547 -0.348
2026-05-12 2920 1305.036 1.137 0.087
2026-05-13 2992 1251.235 -53.801 -4.123
2026-05-14 2976 1269.8 18.565 1.484
2026-05-15 2947 1282.303 12.503 0.985
2026-05-16 2942 1282.303 0 0
2026-05-17 2942 1282.303 0 0
2026-05-18 2859 1329.284 46.981 3.664
2026-05-19 2882 1317.918 -11.366 -0.855
2026-05-20 2862 1330.421 12.503 0.949
2026-05-21 2864 1330.421 0 0
2026-05-22 2872 1323.601 -6.82 -0.513
2026-05-23 2875 1323.601 0 0
2026-05-24 2875 1323.601 0 0
2026-05-26 2906 1307.688 -15.913 -1.202
2026-05-27 2949 1281.924 -25.764 -1.97
2026-05-28 2936 1287.229 5.305 0.414
2026-05-29 2898 1303.899 16.67 1.295
2026-05-31 2901 1303.899 0 0
2026-06-01 2765 1402.408 98.509 7.555
2026-06-02 2821 1355.427 -46.981 -3.35
2026-06-03 2884 1303.142 -52.285 -3.857
2026-06-04 2854 1319.812 16.67 1.279
2026-06-05 2860 1314.887 -4.925 -0.373
2026-06-06 2861 1314.887 0 0
2026-06-07 2861 1314.887 0 0
2026-06-08 2830 1318.297 3.41 0.259
2026-06-09 2837 1321.707 3.41 0.259
2026-06-10 2880 1296.701 -25.006 -1.892
2026-06-11 2970 1225.471 -71.23 -5.493
2026-06-12 2972 1229.26 3.789 0.309
2026-06-13 2979 1229.26 0 0
2026-06-15 3003 1223.956 -5.304 -0.431
2026-06-16 3035 1210.316 -13.64 -1.114
2026-06-17 3088 1178.869 -31.447 -2.598
2026-06-18 3084 1180.384 1.515 0.129
2026-06-19 3080 1180.384 0 0
2026-06-20 3080 1180.384 0 0
2026-06-21 3080 1180.384 0 0
2026-06-23 3142 1144.012 -36.372 -3.081
2026-06-24 3124 1153.105 9.093 0.795
2026-06-25 3111 1154.999 1.894 0.164
2026-06-26 3020 1203.875 48.876 4.232
2026-06-27 3021 1203.875 0 0
2026-06-28 3021 1203.875 0 0
2026-06-29 3047 1193.266 -10.609 -0.881
2026-06-30 3042 1199.707 6.441 0.54
2026-07-01 2961 1252.372 52.665 4.39
2026-07-02 2905 1289.502 37.13 2.965
2026-07-03 2929 1289.502 0 0
2026-07-04 2929 1289.502 0 0
2026-07-05 2929 1289.502 0 0
2026-07-06 2895 1302.384 12.882 0.999
2026-07-07 2898 1296.322 -6.062 -0.465
2026-07-08 2921 1266.39 -29.932 -2.309
2026-07-09 2926 1264.875 -1.515 -0.12
2026-07-10 2933 1267.148 2.273 0.18
2026-07-11 2935 1267.148 0 0
2026-07-12 2935 1267.148 0 0
2026-07-13 2916 1270.179 3.031 0.239
2026-07-14 2955 1247.446 -22.733 -1.79
2026-07-15 2934 1262.223 14.777 1.185
2026-07-16 2856 1321.707 59.484 4.713
2026-07-17 2883 1292.533 -29.174 -2.207
2026-07-18 2882 1292.533 0 0
2026-07-19 2881 1292.533 0 0
2026-07-20 2874 1292.912 0.379 0.029
2026-07-21 2942 1251.614 -41.298 -3.194
2026-07-22 3038 1194.024 -57.59 -4.601
2026-07-23 3018 1208.422 14.398 1.206
2026-07-24 2913 1256.918 48.496 4.013
2026-07-25 2918 1256.918 0 0
2026-07-26 2918 1256.918 0 0
2026-07-27 2807 1344.439 87.521 6.963
2026-07-28 2703 1425.141 80.702 6.003
2026-07-29 2650 1467.575 42.434 2.978
2026-07-30 2730 1401.271 -66.304 -4.518
2026-07-31 2732 1409.986 8.715 0.622
2026-08-01 2733 1409.986 0 0
2026-08-02 2733 1409.986 0 0
2026-08-03 2721 1427.035 17.049 1.209
2026-08-04 2725 1434.234 7.199 0.504
2026-08-05 2724 1432.719 -1.515 -0.106
2026-08-06 2764 1406.955 -25.764 -1.798
2026-08-07 2781 1401.271 -5.684 -0.404
2026-08-08 2783 1401.271 0 0
2026-08-09 2783 1401.271 0 0
2026-08-10 2785 1405.06 3.789 0.27
2026-08-11 2729 1440.675 35.615 2.535
2026-08-12 2753 1420.973 -19.702 -1.368
2026-08-13 2711 1452.42 31.447 2.213
=======
2026-05-11 2924 1308.446 0 0
2026-05-12 2930 1303.899 0 0
2026-05-13 2919 1305.036 0 0
2026-05-14 2987 1251.235 0 0
2026-05-15 2974 1269.8 0 0
2026-05-16 2947 1282.303 0 0
2026-05-17 2942 1282.303 0 0
2026-05-18 2939 1282.303 0 0
2026-05-19 2858 1329.284 0 0
2026-05-20 2877 1317.918 0 0
2026-05-21 2871 1330.421 0 0
2026-05-22 2859 1330.421 0 0
2026-05-23 2872 1323.601 0 0
2026-05-24 2875 1323.601 0 0
2026-05-25 2877 1323.601 0 0
2026-05-26 2873 1323.601 0 0
2026-05-27 2905 1307.688 0 0
2026-05-28 2940 1281.924 0 0
2026-05-29 2938 1287.229 0 0
2026-05-30 2898 1303.899 0 0
2026-05-31 2901 1303.899 0 0
2026-06-01 2913 1303.899 0 0
2026-06-02 2761 1402.408 0 0
2026-06-03 2820 1355.427 0 0
2026-06-04 2879 1303.142 0 0
2026-06-05 2854 1319.812 0 0
2026-06-06 2860 1314.887 0 0
2026-06-07 2861 1314.887 0 0
2026-06-09 2834 1318.297 0 0
2026-06-10 2828 1321.707 0 0
2026-06-11 2864 1296.701 0 0
2026-06-12 2979 1225.471 0 0
2026-06-13 2972 1229.26 0 0
2026-06-14 2979 1229.26 0 0
2026-06-16 3002 1223.956 0 0
2026-06-17 3037 1210.316 0 0
2026-06-18 3086 1178.869 0 0
2026-06-19 3085 1180.384 0 0
2026-06-20 3080 1180.384 0 0
2026-06-21 3080 1180.384 0 0
2026-06-22 3081 1180.384 0 0
2026-06-23 3112 1161.062 0 0
2026-06-24 3139 1144.012 0 0
2026-06-25 3120 1153.105 0 0
2026-06-26 3101 1154.999 0 0
2026-06-27 3020 1203.875 0 0
2026-06-28 3021 1203.875 0 0
2026-06-29 3018 1203.875 0 0
2026-06-30 3048 1193.266 0 0
2026-07-01 3048 1199.707 0 0
2026-07-02 2966 1252.372 0 0
2026-07-03 2913 1289.502 0 0
2026-07-04 2929 1289.502 0 0
2026-07-05 2929 1289.502 0 0
2026-07-06 2923 1289.502 0 0
2026-07-07 2891 1302.384 0 0
2026-07-08 2890 1296.322 0 0
2026-07-09 2914 1266.39 0 0
2026-07-10 2941 1264.875 0 0
2026-07-11 2933 1267.148 0 0
2026-07-12 2935 1267.148 0 0
2026-07-13 2927 1267.148 0 0
2026-07-14 2914 1270.179 0 0
2026-07-15 2960 1247.446 0 0
2026-07-16 2941 1262.223 0 0
2026-07-17 2844 1321.707 0 0
2026-07-18 2883 1292.533 0 0
2026-07-19 2882 1292.533 0 0
2026-07-20 2881 1292.533 0 0
2026-07-21 2876 1292.912 0 0
2026-07-22 2944 1251.614 0 0
2026-07-23 3042 1194.024 0 0
2026-07-24 3014 1208.422 0 0
2026-07-25 2913 1256.918 0 0
2026-07-26 2918 1256.918 0 0
2026-07-27 2926 1256.918 0 0
2026-07-28 2805 1344.439 0 0
2026-07-29 2703 1425.141 0 0
2026-07-30 2651 1467.575 0 0
2026-07-31 2743 1401.271 0 0
2026-08-01 2732 1409.986 0 0
2026-08-02 2733 1409.986 0 0
2026-08-03 2733 1409.986 0 0
2026-08-04 2720 1427.035 0 0
2026-08-05 2728 1434.234 0 0
2026-08-06 2733 1432.719 0 0
2026-08-07 2765 1406.955 0 0
2026-08-08 2781 1401.271 0 0
2026-08-09 2783 1401.271 0 0
2026-08-10 2785 1401.271 0 0
2026-08-11 2784 1405.06 0 0
2026-08-12 2733 1440.675 0 0
2026-08-13 2748 1420.973 0 0
2026-08-14 2716 1452.42 0 0
>>>>>>> 2b550085baac25c543016ca743053a87bf115d5d
2026-08-15 2723 1440.296 0 0
2026-08-16 2729 1440.296 0 0
2026-08-17 2729 1440.296 0 0
