2026-07-28 2596 1500 0 0
2026-07-29 2603 1500 0 0
2026-07-30 2432 1658.061 158.061 10.537
2026-07-31 2411 1694.888 36.827 2.221
2026-08-01 2405 1697.148 2.26 0.133
2026-08-02 2405 1697.148 0 0
2026-08-03 2370 1729.223 32.075 1.89
2026-08-04 2385 1727.797 -1.426 -0.082
2026-08-05 2416 1706.135 -21.662 -1.254
2026-08-06 2493 1633.457 -72.678 -4.26
2026-08-07 2482 1649.511 16.054 0.983
2026-08-08 2482 1649.902 0.391 0.024
2026-08-09 2482 1649.902 0 0
2026-08-10 2528 1612.805 -37.097 -2.248
2026-08-11 2550 1584.51 -28.295 -1.754
2026-08-12 2445 1683.447 98.937 6.244
2026-08-13 2463 1663.464 -19.983 -1.187
2026-08-15 2402 1736.614 73.15 4.397
2026-08-16 2401 1736.614 0 0
2026-08-17 2179 1944.957 208.343 11.997
2026-08-18 2261 1863.894 -81.063 -4.168
2026-08-19 2315 1811.041 -52.853 -2.836
2026-08-20 2315 1812.988 1.947 0.108
2026-08-21 2299 1830.278 17.29 0.954
2026-08-23 2302 1831.204 0.926 0.051
2026-08-24 2345 1787.002 -44.202 -2.414
2026-08-25 2351 1783.023 -3.979 -0.223
2026-08-26 2359 1770.636 -12.387 -0.695
2026-08-27 2258 1866.565 95.929 5.418
2026-08-28 2280 1850.34 -16.225 -0.869
2026-08-29 2281 1850.202 -0.138 -0.007
2026-08-30 2280 1850.202 0 0
2026-08-31 2302 1831.574 -18.628 -1.007
2026-09-01 2358 1789.897 0 0
2026-09-02 2402 1733.825 0 0
