2025-12-08 2280 1643.901 0 0
2025-12-09 2177 1737.975 94.074 5.723
2025-12-10 1914 2033.609 295.634 17.01
2025-12-11 1518 2605.969 572.36 28.145
2025-12-12 1740 2258.264 -347.705 -13.343
2025-12-13 1741 2259.128 0.864 0.038
2025-12-14 1741 2259.128 0 0
2025-12-15 1852 2120.566 -138.562 -6.133
2025-12-16 1952 1970.871 -149.695 -7.059
2025-12-17 1947 1985.33 14.459 0.734
2025-12-18 1971 1959.137 -26.193 -1.319
2025-12-19 2098 1844.67 -114.467 -5.843
2025-12-20 2095 1844.827 0.157 0.009
2025-12-21 2095 1844.827 0 0
2025-12-22 2069 1869.551 24.724 1.34
2025-12-23 2064 1880.935 11.384 0.609
2025-12-24 2178 1764.321 -116.614 -6.2
2025-12-25 2188 1753.132 -11.189 -0.634
2025-12-26 2217 1720.905 -32.227 -1.838
2025-12-27 2215 1722.845 1.94 0.113
2025-12-28 2215 1722.845 0 0
2025-12-29 2224 1716.482 -6.363 -0.369
2025-12-30 2240 1700.072 -16.41 -0.956
2025-12-31 2294 1645.181 -54.891 -3.229
2026-01-01 2294 1645.534 0.353 0.021
2026-01-02 2305 1645.534 0 0
2026-01-03 2305 1645.534 0 0
2026-01-05 2220 1734.403 88.869 5.401
2026-01-06 2239 1720.41 -13.993 -0.807
2026-01-07 2228 1730.23 9.82 0.571
2026-01-08 2079 1885.775 155.545 8.99
2026-01-09 2114 1861.183 -24.592 -1.304
2026-01-10 2113 1860.783 -0.4 -0.021
2026-01-11 2113 1860.783 0 0
2026-01-12 2157 1816.914 -43.869 -2.358
2026-01-13 2154 1823.478 6.564 0.361
2026-01-14 2157 1816.744 -6.734 -0.369
2026-01-15 2193 1783.215 -33.529 -1.846
2026-01-16 2152 1815.193 31.978 1.793
2026-01-17 2151 1815.402 0.209 0.012
2026-01-18 2150 1815.402 0 0
2026-01-19 2194 1777.62 -37.782 -2.081
2026-01-20 2229 1726.843 -50.777 -2.856
2026-01-21 2205 1762.828 35.985 2.084
2026-01-22 2213 1765.264 2.436 0.138
2026-01-23 2242 1737.534 -27.73 -1.571
2026-01-24 2241 1737.209 -0.325 -0.019
2026-01-25 2243 1737.209 0 0
2026-01-26 2285 1693.62 -43.589 -2.509
2026-01-27 2276 1702.075 8.455 0.499
2026-01-28 2292 1694.934 -7.141 -0.42
2026-01-29 2328 1661.79 -33.144 -1.955
2026-01-30 2322 1661.402 -0.388 -0.023
2026-01-31 2320 1660.876 -0.526 -0.032
2026-02-01 2319 1660.876 0 0
2026-02-02 2362 1604.548 -56.328 -3.391
2026-02-03 2449 1561.379 -43.169 -2.69
2026-02-04 2488 1533.663 -27.716 -1.775
2026-02-05 2494 1507.248 -26.415 -1.722
2026-02-06 2495 1513.28 6.032 0.4
2026-02-07 2497 1513.433 0.153 0.01
2026-02-08 2497 1513.433 0 0
2026-02-09 2401 1592.037 78.604 5.194
2026-02-10 2380 1617.719 25.682 1.613
2026-02-11 2411 1595.88 -21.839 -1.35
2026-02-12 2358 1646.532 50.652 3.174
2026-02-13 2369 1631.039 -15.493 -0.941
2026-02-14 2367 1628.797 -2.242 -0.137
2026-02-15 2366 1628.797 0 0
2026-02-16 2369 1628.797 0 0
2026-02-17 2372 1628.797 0 0
2026-02-18 2368 1628.797 0 0
2026-02-19 2370 1628.797 0 0
2026-02-20 2373 1628.797 0 0
2026-02-21 2385 1628.797 0 0
2026-02-22 2385 1628.797 0 0
2026-02-23 2385 1628.797 0 0
2026-02-24 2333 1673.741 44.944 2.759
2026-02-25 2348 1669.94 -3.801 -0.227
2026-02-26 2286 1731.973 62.033 3.715
2026-02-27 2282 1739.55 7.577 0.437
2026-02-28 2298 1735.541 -4.009 -0.23
2026-03-01 2296 1735.541 0 0
2026-03-02 2376 1669.435 -66.106 -3.809
2026-03-03 2466 1555.05 -114.385 -6.852
2026-03-04 2406 1584.914 29.864 1.92
2026-03-05 2362 1641.079 56.165 3.544
2026-03-06 2345 1646.961 5.882 0.358
2026-03-07 2344 1647.391 0.43 0.026
2026-03-08 2344 1647.391 0 0
2026-03-09 2374 1611.948 -35.443 -2.151
2026-03-10 2446 1639.453 27.505 1.706
2026-03-11 2461 1631.423 -8.03 -0.49
2026-03-12 2499 1586.358 -45.065 -2.762
2026-03-13 2518 1563.292 -23.066 -1.454
2026-03-14 2519 1557.041 -6.251 -0.4
2026-03-15 2519 1557.041 0 0
2026-03-16 2500 1572.003 14.962 0.961
2026-03-17 2478 1585.324 13.321 0.847
2026-03-18 2465 1594.565 9.241 0.583
2026-03-19 2506 1560.829 -33.736 -2.116
2026-03-20 2506 1555.044 -5.785 -0.371
2026-03-21 2497 1559.36 4.316 0.278
2026-03-22 2494 1559.36 0 0
2026-03-23 2616 1436.261 -123.099 -7.894
2026-03-24 2495 1554.875 118.614 8.259
2026-03-25 2440 1600.717 45.842 2.948
2026-03-27 2483 1568.969 -31.748 -1.983
2026-03-28 2484 1563.838 -5.131 -0.327
2026-03-29 2481 1563.838 0 0
2026-03-30 2460 1574.027 10.189 0.652
2026-03-31 2451 1578.512 4.485 0.285
2026-04-01 2425 1618.722 40.21 2.547
2026-04-02 2486 1570.479 -48.243 -2.98
2026-04-03 2404 1642.603 72.124 4.592
2026-04-04 2404 1642.603 0 0
2026-04-05 2404 1642.603 0 0
2026-04-06 2405 1642.603 0 0
2026-04-07 2397 1654.237 11.634 0.708
2026-04-08 2382 1685.959 31.722 1.918
2026-04-09 2387 1690.364 4.405 0.261
2026-04-10 2407 1675.485 -14.879 -0.88
2026-04-11 2407 1677.348 1.863 0.111
2026-04-12 2407 1677.348 0 0
2026-04-13 2374 1707.804 30.456 1.816
2026-04-14 2372 1720.18 12.376 0.725
2026-04-15 2306 1795.336 75.156 4.369
2026-04-16 2239 1858.203 62.867 3.502
2026-04-17 2231 1883.292 25.089 1.35
2026-04-18 2236 1881.389 -1.903 -0.101
2026-04-19 2236 1881.389 0 0
2026-04-20 2262 1851.533 -29.856 -1.587
2026-04-21 2319 1795.211 -56.322 -3.042
2026-04-22 2298 1804.165 8.954 0.499
2026-04-23 2369 1736.456 -67.709 -3.753
2026-04-24 2263 1827.596 91.14 5.249
2026-04-25 2262 1827.409 -0.187 -0.01
2026-04-26 2262 1827.409 0 0
2026-04-27 2125 1973.373 145.964 7.987
2026-04-28 2046 2030.814 57.441 2.911
2026-04-29 2118 1973.052 -57.762 -2.844
2026-04-30 2030 2048.688 75.636 3.833
2026-05-01 2032 2048.568 -0.12 -0.006
2026-05-02 2033 2048.568 0 0
2026-05-04 2033 2048.568 0 0
2026-05-05 1980 2115.546 66.978 3.27
2026-05-06 1985 2115.546 0 0
2026-05-07 1988 2132.581 17.035 0.805
2026-05-08 2079 2021.713 -110.868 -5.199
2026-05-09 2079 2021.624 -0.089 -0.004
2026-05-10 2079 2021.624 0 0
<<<<<<< HEAD
2026-05-11 2045 2061.884 40.26 1.991
2026-05-12 2031 2064.171 2.287 0.111
2026-05-13 2032 2067.21 3.039 0.147
2026-05-14 2148 1964.526 -102.684 -4.967
2026-05-15 2182 1914.842 -49.684 -2.529
2026-05-16 2183 1909.636 -5.206 -0.272
2026-05-17 2183 1909.636 0 0
2026-05-18 2083 2002.307 92.671 4.853
2026-05-19 2014 2060.589 58.282 2.911
2026-05-20 2009 2082.868 22.279 1.081
2026-05-21 2012 2082.164 -0.704 -0.034
2026-05-22 2103 1987.297 -94.867 -4.556
2026-05-23 2103 1990.631 3.334 0.168
2026-05-24 2103 1990.631 0 0
2026-05-26 2052 2038.187 47.556 2.389
2026-05-27 2163 1942.369 -95.818 -4.701
2026-05-28 2137 1962.403 20.034 1.031
2026-05-29 2244 1854.999 -107.404 -5.473
2026-05-31 2244 1858.151 3.152 0.17
2026-06-01 2367 1733.976 -124.175 -6.683
2026-06-02 2312 1782.177 48.201 2.78
2026-06-03 2160 1931.789 149.612 8.395
2026-06-04 2197 1894.486 -37.303 -1.931
2026-06-05 2258 1829.947 -64.539 -3.407
2026-06-06 2251 1831.434 1.487 0.081
2026-06-07 2251 1831.434 0 0
2026-06-08 2295 1779.463 -51.971 -2.838
2026-06-09 2299 1775.585 -3.878 -0.218
2026-06-10 2318 1755.699 -19.886 -1.12
2026-06-11 2268 1800.448 44.749 2.549
2026-06-12 2322 1762.059 -38.389 -2.132
2026-06-13 2323 1766.255 4.196 0.238
2026-06-15 2276 1817.025 50.77 2.874
2026-06-16 2258 1843.918 26.893 1.48
2026-06-17 2255 1849.625 5.707 0.31
2026-06-18 2159 1936.634 87.009 4.704
2026-06-19 2145 1935.173 -1.461 -0.075
2026-06-20 2145 1935.173 0 0
2026-06-21 2145 1935.173 0 0
2026-06-23 2028 2032.234 97.061 5.016
2026-06-24 2030 2031.309 -0.925 -0.046
2026-06-25 2042 2012.227 -19.082 -0.939
2026-06-26 2122 1935.402 -76.825 -3.818
2026-06-27 2127 1935.061 -0.341 -0.018
2026-06-28 2127 1935.061 0 0
2026-06-29 2043 2022.528 87.467 4.52
2026-06-30 2001 2063.056 40.528 2.004
2026-07-01 2139 1942.336 -120.72 -5.852
2026-07-02 2247 1847.226 -95.11 -4.897
2026-07-03 2237 1855.53 8.304 0.45
2026-07-04 2237 1855.53 0 0
2026-07-05 2236 1855.53 0 0
2026-07-06 2269 1831.608 -23.922 -1.289
2026-07-07 2170 1909.725 78.117 4.265
2026-07-08 2146 1916.942 7.217 0.378
2026-07-09 1896 2183.402 266.46 13.9
2026-07-10 2046 2018.305 -165.097 -7.561
2026-07-11 2040 2022.801 4.496 0.223
2026-07-12 2040 2022.801 0 0
2026-07-13 1992 2065.766 42.965 2.124
2026-07-14 2050 2004.917 -60.849 -2.946
2026-07-15 2214 1870.549 -134.368 -6.702
2026-07-16 2206 1874.508 3.959 0.212
2026-07-17 2303 1771.582 -102.926 -5.491
2026-07-18 2301 1769.177 -2.405 -0.136
2026-07-19 2300 1769.177 0 0
2026-07-20 2335 1740.373 -28.804 -1.628
2026-07-21 2202 1862.513 122.14 7.018
2026-07-22 2262 1803.517 -58.996 -3.168
2026-07-23 2316 1762.395 -41.122 -2.28
2026-07-24 2334 1733.406 -28.989 -1.645
2026-07-25 2335 1732.484 -0.922 -0.053
2026-07-26 2335 1732.484 0 0
2026-07-27 2332 1749.376 16.892 0.975
2026-07-28 2460 1628.097 -121.279 -6.933
2026-07-29 2453 1631.729 3.632 0.223
2026-07-30 2530 1561.152 -70.577 -4.325
2026-07-31 2454 1651.509 90.357 5.788
2026-08-01 2449 1653.712 2.203 0.133
2026-08-02 2449 1653.712 0 0
2026-08-03 2474 1632.029 -21.683 -1.311
2026-08-04 2452 1669.857 37.828 2.318
2026-08-05 2408 1717.97 48.113 2.881
2026-08-06 2424 1698.198 -19.772 -1.151
2026-08-07 2393 1732.347 34.149 2.011
2026-08-08 2394 1732.758 0.411 0.024
2026-08-09 2394 1732.758 0 0
2026-08-10 2473 1663.435 -69.323 -4.001
2026-08-11 2472 1657.725 -5.71 -0.343
2026-08-12 2470 1659.982 2.257 0.136
2026-08-13 2433 1694.405 34.423 2.074
=======
2026-05-11 2081 2022.458 0 0
2026-05-12 2019 2091.216 0 0
2026-05-13 2044 2045.202 0 0
2026-05-14 2148 1954.877 0 0
2026-05-15 2160 1947.848 0 0
2026-05-16 2182 1914.842 0 0
2026-05-17 2183 1909.636 0 0
2026-05-18 2057 2020.789 0 0
2026-05-19 2082 2002.335 0 0
2026-05-20 2000 2088.815 0 0
2026-05-21 2018 2063.865 0 0
2026-05-22 2111 1981.836 0 0
2026-05-23 2103 1987.297 0 0
2026-05-24 2103 1990.631 0 0
2026-05-25 2054 2037.669 0 0
2026-05-26 2075 2011.646 0 0
2026-05-27 2125 1971.862 0 0
2026-05-28 2138 1960.755 0 0
2026-05-29 2250 1851.935 0 0
2026-05-30 2244 1854.999 0 0
2026-05-31 2244 1858.151 0 0
2026-06-01 2258 1842.575 0 0
2026-06-02 2285 1804.689 0 0
2026-06-03 2209 1884.99 0 0
2026-06-04 2177 1906.161 0 0
2026-06-05 2193 1896.305 0 0
2026-06-06 2258 1829.947 0 0
2026-06-07 2251 1831.434 0 0
2026-06-09 2279 1798.01 0 0
2026-06-10 2315 1760.247 0 0
2026-06-11 2305 1767.776 0 0
2026-06-12 2248 1842.323 0 0
2026-06-13 2322 1762.059 0 0
2026-06-14 2323 1766.255 0 0
2026-06-16 2272 1823.766 0 0
2026-06-17 2292 1814.392 0 0
2026-06-18 2178 1921.989 0 0
2026-06-19 2155 1936.634 0 0
2026-06-20 2145 1935.173 0 0
2026-06-21 2145 1935.173 0 0
2026-06-22 2229 1868.324 0 0
2026-06-23 1994 2078.879 0 0
2026-06-24 2091 1980.189 0 0
2026-06-25 2018 2046.008 0 0
2026-06-26 2132 1925.903 0 0
2026-06-27 2122 1935.402 0 0
2026-06-28 2127 1935.061 0 0
2026-06-29 2061 2002.567 0 0
2026-06-30 1992 2070.619 0 0
2026-07-01 2089 1994.584 0 0
2026-07-02 2147 1937.119 0 0
2026-07-03 2183 1902.794 0 0
2026-07-04 2237 1855.53 0 0
2026-07-05 2237 1855.53 0 0
2026-07-06 2231 1870.517 0 0
2026-07-07 2140 1941.272 0 0
2026-07-08 2169 1907.71 0 0
2026-07-09 1915 2150.659 0 0
2026-07-10 1909 2171.895 0 0
2026-07-11 2046 2018.305 0 0
2026-07-12 2040 2022.801 0 0
2026-07-13 1926 2141.079 0 0
2026-07-14 2061 1999.687 0 0
2026-07-15 2161 1915.159 0 0
2026-07-16 2203 1879.004 0 0
2026-07-17 2236 1837.532 0 0
2026-07-18 2303 1771.582 0 0
2026-07-19 2301 1769.177 0 0
2026-07-20 2299 1780.779 0 0
2026-07-21 2296 1774.574 0 0
2026-07-22 2235 1839.242 0 0
2026-07-23 2324 1758.047 0 0
2026-07-24 2341 1731.528 0 0
2026-07-25 2334 1733.406 0 0
2026-07-26 2335 1732.484 0 0
2026-07-27 2357 1718.134 0 0
2026-07-28 2385 1699.597 0 0
2026-07-29 2493 1589.685 0 0
2026-07-30 2493 1586.524 0 0
2026-07-31 2422 1673.495 0 0
2026-08-01 2454 1651.509 0 0
2026-08-02 2449 1653.712 0 0
2026-08-03 2461 1640.784 0 0
2026-08-04 2466 1648.552 0 0
2026-08-05 2432 1691.229 0 0
2026-08-06 2409 1711.858 0 0
2026-08-07 2409 1713.384 0 0
2026-08-08 2393 1732.347 0 0
2026-08-09 2394 1732.758 0 0
2026-08-10 2447 1686.417 0 0
2026-08-11 2486 1648.451 0 0
2026-08-12 2461 1665.666 0 0
2026-08-13 2455 1678.858 0 0
2026-08-14 2447 1684.459 0 0
>>>>>>> 2b550085baac25c543016ca743053a87bf115d5d
2026-08-15 2456 1673.15 0 0
2026-08-16 2462 1673.919 0 0
2026-08-17 2461 1673.919 0 0
2026-08-18 2429 1711.692 0 0
2026-08-19 2461 1680.461 0 0
2026-08-20 2539 1589.701 0 0
2026-08-21 2545 1587.925 0 0
2026-08-22 2557 1579.258 0 0
2026-08-24 2562 1580.057 0 0
