2026-03-10 3189 1125.132 0 0
2026-03-11 3164 1145.382 20.25 1.8
2026-03-12 3156 1145.681 0.299 0.026
2026-03-13 3165 1133.514 -12.167 -1.062
2026-03-14 3186 1117.043 -16.471 -1.453
2026-03-15 3185 1117.043 0 0
2026-03-16 3189 1117.043 0 0
2026-03-17 3167 1127.072 10.029 0.898
2026-03-18 3179 1127.072 0 0
2026-03-19 3152 1131.36 4.288 0.38
2026-03-20 3154 1123.391 -7.969 -0.704
2026-03-21 3156 1122.908 -0.483 -0.043
2026-03-22 3156 1122.908 0 0
2026-03-23 3137 1122.908 0 0
2026-03-24 3153 1115.321 -7.587 -0.676
2026-03-25 3172 1109.426 -5.895 -0.529
2026-03-26 3167 1109.426 0 0
2026-03-27 3159 1109.426 0 0
2026-03-28 3187 1094.63 -14.796 -1.334
2026-03-29 3186 1094.63 0 0
2026-03-30 3182 1094.63 0 0
2026-03-31 3195 1088.178 -6.452 -0.589
2026-04-01 3206 1086.895 -1.283 -0.118
2026-04-02 3171 1105.556 18.661 1.717
2026-04-03 3181 1099.278 -6.278 -0.568
2026-04-04 3181 1099.278 0 0
2026-04-05 3181 1099.278 0 0
2026-04-06 3186 1099.278 0 0
2026-04-07 3175 1101.052 1.774 0.161
2026-04-08 3201 1101.052 0 0
2026-04-09 3166 1127.85 26.798 2.434
2026-04-10 3171 1128.142 0.292 0.026
2026-04-11 3167 1132.73 4.588 0.407
2026-04-12 3167 1132.73 0 0
2026-04-13 3172 1132.73 0 0
2026-04-14 3179 1129.115 -3.615 -0.319
2026-04-15 3178 1144.186 15.071 1.335
2026-04-16 3175 1146.98 2.794 0.244
2026-04-17 3182 1148.081 1.101 0.096
2026-04-18 3171 1155.732 7.651 0.666
2026-04-19 3171 1155.732 0 0
2026-04-20 3176 1155.732 0 0
2026-04-21 3184 1147.98 -7.752 -0.671
2026-04-22 3184 1148.682 0.702 0.061
2026-04-23 3160 1147.58 -1.102 -0.096
2026-04-24 3155 1147.88 0.3 0.026
2026-04-25 3161 1143.788 -4.092 -0.356
2026-04-26 3161 1143.788 0 0
2026-04-27 3160 1143.788 0 0
2026-04-28 3147 1154.014 10.226 0.894
2026-04-29 3151 1148.782 -5.232 -0.453
2026-04-30 3153 1143.987 -4.795 -0.417
2026-05-01 3143 1153.408 9.421 0.824
2026-05-02 3135 1158.674 5.266 0.457
2026-05-04 3133 1158.674 0 0
2026-05-05 3143 1153.004 -5.67 -0.489
2026-05-06 3152 1153.004 0 0
2026-05-07 3155 1163.366 10.362 0.899
2026-05-08 3153 1166.751 3.385 0.291
2026-05-09 3160 1164.083 -2.668 -0.229
2026-05-10 3160 1164.083 0 0
2026-05-11 3155 1164.083 0 0
2026-05-12 3130 1166.237 2.154 0.185
2026-05-13 3138 1161.322 -4.915 -0.421
2026-05-14 3127 1166.649 5.327 0.459
2026-05-15 3134 1160.812 -5.837 -0.5
2026-05-16 3158 1146.58 -14.232 -1.226
2026-05-17 3158 1146.58 0 0
2026-05-18 3151 1146.58 0 0
2026-05-19 3151 1147.38 0.8 0.07
2026-05-20 3177 1133.122 -14.258 -1.243
2026-05-21 3155 1146.58 13.458 1.188
2026-05-22 3160 1146.58 0 0
2026-05-23 3166 1141.304 -5.276 -0.46
2026-05-24 3166 1141.304 0 0
2026-05-26 3168 1141.304 0 0
2026-05-27 3157 1149.083 7.779 0.682
2026-05-28 3172 1141.304 -7.779 -0.677
2026-05-29 3162 1145.781 4.477 0.392
2026-05-31 3145 1154.418 8.637 0.754
2026-06-01 3150 1154.418 0 0
2026-06-02 3161 1144.087 -10.331 -0.895
2026-06-03 3146 1152.4 8.313 0.727
2026-06-04 3144 1144.983 -7.417 -0.644
2026-06-05 3135 1143.788 -1.195 -0.104
2026-06-06 3156 1132.24 -11.548 -1.01
2026-06-07 3156 1132.24 0 0
2026-06-08 3136 1132.24 0 0
2026-06-09 3148 1127.85 -4.39 -0.388
2026-06-10 3147 1124.261 -3.589 -0.318
2026-06-11 3158 1120.498 -3.763 -0.335
2026-06-12 3180 1113.605 -6.893 -0.615
2026-06-13 3165 1126.49 12.885 1.157
2026-06-15 3171 1126.49 0 0
2026-06-16 3169 1133.318 6.828 0.606
2026-06-17 3168 1131.556 -1.762 -0.155
2026-06-18 3172 1129.505 -2.051 -0.181
2026-06-19 3174 1123.391 -6.114 -0.541
2026-06-20 3174 1123.391 0 0
2026-06-21 3174 1123.391 0 0
2026-06-23 3164 1118.48 -4.911 -0.437
2026-06-24 3183 1102.925 -15.555 -1.391
2026-06-25 3194 1095.372 -7.553 -0.685
2026-06-26 3187 1098.346 2.974 0.272
2026-06-27 3191 1096.95 -1.396 -0.127
2026-06-28 3191 1096.95 0 0
2026-06-29 3200 1096.95 0 0
2026-06-30 3208 1093.058 -3.892 -0.355
2026-07-01 3193 1102.362 9.304 0.851
2026-07-02 3208 1097.508 -4.854 -0.44
2026-07-03 3202 1103.488 5.98 0.545
2026-07-04 3202 1103.488 0 0
2026-07-05 3202 1103.488 0 0
2026-07-06 3203 1103.488 0 0
2026-07-07 3199 1104.239 0.751 0.068
2026-07-08 3192 1104.991 0.752 0.068
2026-07-09 3196 1100.398 -4.593 -0.416
2026-07-10 3199 1104.427 4.029 0.366
2026-07-11 3199 1105.744 1.317 0.119
2026-07-12 3199 1105.744 0 0
2026-07-13 3191 1105.744 0 0
2026-07-14 3201 1103.675 -2.069 -0.187
2026-07-15 3186 1113.986 10.311 0.934
2026-07-16 3183 1116.277 2.291 0.206
2026-07-17 3159 1117.234 0.957 0.086
2026-07-18 3159 1112.558 -4.676 -0.419
2026-07-19 3158 1112.558 0 0
2026-07-20 3161 1112.558 0 0
2026-07-21 3161 1116.373 3.815 0.343
2026-07-22 3162 1117.234 0.861 0.077
2026-07-23 3169 1115.703 -1.531 -0.137
2026-07-24 3159 1111.038 -4.665 -0.418
2026-07-25 3156 1114.176 3.138 0.282
2026-07-26 3156 1114.176 0 0
2026-07-27 3160 1114.176 0 0
2026-07-28 3162 1114.94 0.764 0.069
2026-07-29 3175 1110.089 -4.851 -0.435
2026-07-30 3188 1101.707 -8.382 -0.755
2026-07-31 3177 1117.234 15.527 1.409
2026-08-01 3171 1120.979 3.745 0.335
2026-08-02 3171 1120.979 0 0
2026-08-03 3186 1120.979 0 0
2026-08-04 3203 1116.181 -4.798 -0.428
2026-08-05 3196 1123.874 7.693 0.689
2026-08-06 3186 1127.655 3.781 0.336
2026-08-07 3201 1124.454 -3.201 -0.284
2026-08-08 3197 1128.239 3.785 0.337
2026-08-09 3197 1128.239 0 0
2026-08-10 3202 1128.239 0 0
2026-08-11 3205 1128.239 0 0
2026-08-12 3201 1129.018 0.779 0.069
2026-08-13 3197 1130.286 1.268 0.112
2026-08-15 3190 1134.397 4.111 0.364
2026-08-16 3190 1134.397 0 0
2026-08-17 3190 1134.397 0 0
2026-08-18 3182 1138.237 3.84 0.339
2026-08-19 3182 1135.871 -2.366 -0.208
2026-08-20 3177 1139.917 4.046 0.356
2026-08-21 3181 1140.511 0.594 0.052
2026-08-23 3172 1148.381 7.87 0.69
2026-08-24 3168 1148.381 0 0
2026-08-25 3174 1146.58 -1.801 -0.157
2026-08-26 3172 1146.98 0.4 0.035
2026-08-27 3176 1148.682 1.702 0.148
2026-08-28 3177 1153.812 5.13 0.447
2026-08-29 3175 1152.601 -1.211 -0.105
2026-08-30 3175 1152.601 0 0
2026-08-31 3172 1152.601 0 0
2026-09-01 3176 1152.601 0 0
2026-09-02 3169 1148.882 0 0
2026-09-03 3169 1146.78 0 0
2026-09-04 3175 1149.484 0 0
2026-09-05 3175 1154.216 0 0
