2026-03-27 555 6800 0 0
2026-03-28 555 6800 0 0
2026-03-29 556 6800 0 0
2026-03-30 555 6800 0 0
2026-03-31 558 6800 0 0
2026-04-01 563 6800 0 0
2026-04-02 566 6800 0 0
2026-04-03 563 6800 0 0
2026-04-04 563 6800 0 0
2026-04-05 563 6800 0 0
2026-04-06 564 6800 0 0
2026-04-07 563 6800 0 0
2026-04-08 570 6800 0 0
2026-04-09 571 6800 0 0
2026-04-10 573 6800 0 0
2026-04-11 575 6800 0 0
2026-04-12 575 6800 0 0
2026-04-13 573 6800 0 0
2026-04-14 577 6800 0 0
2026-04-15 583 6800 0 0
2026-04-16 585 6800 0 0
2026-04-17 588 6800 0 0
2026-04-18 588 6800 0 0
2026-04-19 588 6800 0 0
2026-04-20 587 6800 0 0
2026-04-21 585 6800 0 0
2026-04-22 586 6800 0 0
2026-04-23 577 6800 0 0
2026-04-24 583 6800 0 0
2026-04-25 581 6800 0 0
2026-04-26 581 6800 0 0
2026-04-27 579 6800 0 0
2026-04-28 578 6800 0 0
2026-04-29 583 6800 0 0
2026-04-30 583 6800 0 0
2026-05-01 581 6800 0 0
2026-05-02 581 6800 0 0
2026-05-04 582 6800 0 0
<<<<<<< HEAD
2026-05-05 587 6800 0 0
2026-05-06 586 6800 0 0
2026-05-07 595 6800 0 0
2026-05-08 589 6800 0 0
2026-05-09 589 6800 0 0
2026-05-10 589 6800 0 0
2026-05-11 590 6800 0 0
2026-05-12 588 6800 0 0
2026-05-13 585 6800 0 0
2026-05-14 584 6800 0 0
2026-05-15 585 6800 0 0
2026-05-16 584 6800 0 0
2026-05-17 584 6800 0 0
2026-05-18 576 6800 0 0
2026-05-19 573 6800 0 0
2026-05-20 573 6800 0 0
2026-05-21 574 6800 0 0
2026-05-22 581 6800 0 0
2026-05-23 583 6800 0 0
2026-05-24 583 6800 0 0
2026-05-26 585 6800 0 0
2026-05-27 586 6800 0 0
2026-05-28 582 6800 0 0
2026-05-29 582 6800 0 0
2026-05-31 583 6800 0 0
2026-06-01 587 6800 0 0
2026-06-02 585 6800 0 0
2026-06-03 584 6800 0 0
2026-06-04 584 6800 0 0
2026-06-05 579 6800 0 0
2026-06-06 578 6800 0 0
2026-06-07 578 6800 0 0
2026-06-08 576 6800 0 0
2026-06-09 578 6800 0 0
2026-06-10 574 6800 0 0
2026-06-11 575 6800 0 0
2026-06-12 584 6800 0 0
2026-06-13 584 6800 0 0
2026-06-15 589 6800 0 0
2026-06-16 591 6800 0 0
2026-06-17 588 6800 0 0
2026-06-18 588 6800 0 0
2026-06-19 588 6800 0 0
2026-06-20 588 6800 0 0
2026-06-21 588 6800 0 0
2026-06-23 582 6800 0 0
2026-06-24 582 6800 0 0
2026-06-25 582 6800 0 0
2026-06-26 582 6800 0 0
2026-06-27 582 6800 0 0
2026-06-28 582 6800 0 0
2026-06-29 583 6800 0 0
2026-06-30 587 6800 0 0
2026-07-01 586 6800 0 0
2026-07-02 585 6800 0 0
2026-07-03 587 6800 0 0
2026-07-04 587 6800 0 0
2026-07-05 587 6800 0 0
2026-07-06 584 6800 0 0
2026-07-07 581 6800 0 0
2026-07-08 584 6800 0 0
2026-07-09 590 6800 0 0
2026-07-10 589 6800 0 0
2026-07-11 589 6800 0 0
2026-07-12 589 6800 0 0
2026-07-13 590 6800 0 0
2026-07-14 584 6800 0 0
2026-07-15 589 6800 0 0
2026-07-16 587 6800 0 0
2026-07-17 581 6800 0 0
2026-07-18 580 6800 0 0
2026-07-19 580 6800 0 0
2026-07-20 581 6800 0 0
2026-07-21 584 6800 0 0
2026-07-22 581 6800 0 0
2026-07-23 582 6800 0 0
2026-07-24 575 6800 0 0
2026-07-25 576 6800 0 0
2026-07-26 576 6800 0 0
2026-07-27 580 6800 0 0
2026-07-28 579 6800 0 0
2026-07-29 583 6800 0 0
2026-07-30 580 6800 0 0
2026-07-31 586 6800 0 0
2026-08-01 586 6800 0 0
2026-08-02 586 6800 0 0
2026-08-03 587 6800 0 0
2026-08-04 586 6800 0 0
2026-08-05 588 6800 0 0
2026-08-06 585 6800 0 0
2026-08-07 583 6800 0 0
2026-08-08 583 6800 0 0
2026-08-09 583 6800 0 0
2026-08-10 587 6800 0 0
2026-08-11 585 6800 0 0
2026-08-12 588 6800 0 0
2026-08-13 584 6800 0 0
=======
2026-05-05 582 6800.0 0 0
2026-05-06 588 6800.0 0 0
2026-05-07 585 6800.0 0 0
2026-05-08 594 6800.0 0 0
2026-05-09 589 6800.0 0 0
2026-05-10 589 6800.0 0 0
2026-05-11 589 6800.0 0 0
2026-05-12 587 6800.0 0 0
2026-05-13 586 6800.0 0 0
2026-05-14 583 6800.0 0 0
2026-05-15 585 6800.0 0 0
2026-05-16 585 6800.0 0 0
2026-05-17 584 6800.0 0 0
2026-05-18 578 6800.0 0 0
2026-05-19 575 6800.0 0 0
2026-05-20 569 6800.0 0 0
2026-05-21 578 6800.0 0 0
2026-05-22 579 6800.0 0 0
2026-05-23 581 6800.0 0 0
2026-05-24 583 6800.0 0 0
2026-05-25 584 6800.0 0 0
2026-05-26 584 6800.0 0 0
2026-05-27 585 6800.0 0 0
2026-05-28 581 6800.0 0 0
2026-05-29 583 6800.0 0 0
2026-05-30 582 6800.0 0 0
2026-05-31 583 6800.0 0 0
2026-06-01 584 6800.0 0 0
2026-06-02 587 6800.0 0 0
2026-06-03 586 6800.0 0 0
2026-06-04 584 6800.0 0 0
2026-06-05 582 6800.0 0 0
2026-06-06 579 6800.0 0 0
2026-06-07 578 6800.0 0 0
2026-06-09 576 6800.0 0 0
2026-06-10 576 6800.0 0 0
2026-06-11 570 6800.0 0 0
2026-06-12 578 6800.0 0 0
2026-06-13 584 6800.0 0 0
2026-06-14 584 6800.0 0 0
2026-06-16 590 6800.0 0 0
2026-06-17 590 6800.0 0 0
2026-06-18 589 6800.0 0 0
2026-06-19 588 6800.0 0 0
2026-06-20 588 6800.0 0 0
2026-06-21 588 6800.0 0 0
2026-06-22 586 6800.0 0 0
2026-06-23 581 6800.0 0 0
2026-06-24 583 6800.0 0 0
2026-06-25 581 6800.0 0 0
2026-06-26 579 6800.0 0 0
2026-06-27 582 6800.0 0 0
2026-06-28 582 6800.0 0 0
2026-06-29 582 6800.0 0 0
2026-06-30 585 6800.0 0 0
2026-07-01 587 6800.0 0 0
2026-07-02 584 6800.0 0 0
2026-07-03 587 6800.0 0 0
2026-07-04 587 6800.0 0 0
2026-07-05 587 6800.0 0 0
2026-07-06 586 6800.0 0 0
2026-07-07 586 6800.0 0 0
2026-07-08 581 6800.0 0 0
2026-07-09 584 6800.0 0 0
2026-07-10 592 6800.0 0 0
2026-07-11 589 6800.0 0 0
2026-07-12 589 6800.0 0 0
2026-07-13 587 6800.0 0 0
2026-07-14 591 6800.0 0 0
2026-07-15 586 6800.0 0 0
2026-07-16 589 6800.0 0 0
2026-07-17 582 6800.0 0 0
2026-07-18 581 6800.0 0 0
2026-07-19 580 6800.0 0 0
2026-07-20 582 6800.0 0 0
2026-07-21 579 6800.0 0 0
2026-07-22 584 6800.0 0 0
2026-07-23 581 6800.0 0 0
2026-07-24 577 6800.0 0 0
2026-07-25 575 6800.0 0 0
2026-07-26 576 6800.0 0 0
2026-07-27 578 6800.0 0 0
2026-07-28 579 6800.0 0 0
2026-07-29 581 6800.0 0 0
2026-07-30 584 6800.0 0 0
2026-07-31 581 6800.0 0 0
2026-08-01 586 6800.0 0 0
2026-08-02 586 6800.0 0 0
2026-08-03 585 6800.0 0 0
2026-08-04 587 6800.0 0 0
2026-08-05 587 6800.0 0 0
2026-08-06 587 6800.0 0 0
2026-08-07 584 6800.0 0 0
2026-08-08 583 6800.0 0 0
2026-08-09 583 6800.0 0 0
2026-08-10 584 6800.0 0 0
2026-08-11 587 6800.0 0 0
2026-08-12 585 6800.0 0 0
2026-08-13 585 6800.0 0 0
2026-08-14 583 6800.0 0 0
>>>>>>> 2b550085baac25c543016ca743053a87bf115d5d
2026-08-15 583 6800.0 0 0
2026-08-16 583 6800.0 0 0
2026-08-17 582 6800.0 0 0
2026-08-18 584 6800.0 0 0
2026-08-19 583 6800.0 0 0
2026-08-20 582 6800.0 0 0
2026-08-21 585 6800.0 0 0
