2025-05-13 2995 1004.65 0 0
2025-05-14 2998 1004.768 0.118 0.012
2025-05-15 2969 1022.994 18.226 1.814
2025-05-16 2980 1015.116 -7.878 -0.77
2025-05-17 2981 1015.116 0 0
2025-05-18 2981 1015.116 0 0
2025-05-19 3004 1001.24 -13.876 -1.367
2025-05-20  988.07 -13.17 -1.315
2026-07-19 3297 1036.399 0 0
2026-07-20 3296 1036.399 0 0
2026-07-21 3327 1011.118 0 0
2026-07-22 3363 991.01 0 0
2026-07-30 3348 1001.24 0 0
2026-07-31 3353 1000.182 0 0
2026-08-01 3337 1008.413 0 0
2026-08-02 3345 1008.413 0 0
2026-08-03 3348 1008.413 0 0
2026-08-04 3317 1036.164 0 0
2026-08-05 3334 1029.814 0 0
2026-08-06 3327 1031.343 0 0
2026-08-07 3325 1034.4 0 0
2026-08-08 3345 1024.052 0 0
2026-08-09 3350 1024.052 0 0
2026-08-10 3349 1024.052 0 0
2026-08-11 3371 1007.002 0 0
2026-08-12 3334 1032.401 0 0
2026-08-13 3332 1038.398 0 0
2026-08-14 3324 1048.158 0 0
