2026-03-10 1338 3170 0 0
2026-03-11 1340 3170 0 0
2026-03-12 1333 3170 0 0
2026-03-13 1323 3170 0 0
2026-03-14 1317 3170 0 0
2026-03-15 1317 3170 0 0
2026-03-16 1317 3170 0 0
2026-03-17 1319 3170 0 0
2026-03-18 1323 3170 0 0
2026-03-19 1315 3170 0 0
2026-03-20 1307 3170 0 0
2026-03-21 1304 3170 0 0
2026-03-22 1303 3170 0 0
2026-03-23 1304 3170 0 0
2026-03-24 1302 3170 0 0
2026-03-25 1315 3170 0 0
2026-03-27 1304 3170 0 0
2026-03-28 1293 3170 0 0
2026-03-29 1293 3170 0 0
2026-03-30 1287 3170 0 0
2026-03-31 1293 3170 0 0
2026-04-01 1301 3170 0 0
2026-04-02 1300 3170 0 0
2026-04-03 1304 3170 0 0
2026-04-04 1304 3170 0 0
2026-04-05 1304 3170 0 0
2026-04-06 1307 3170 0 0
2026-04-07 1302 3170 0 0
2026-04-08 1313 3170 0 0
2026-04-09 1322 3170 0 0
2026-04-10 1326 3170 0 0
2026-04-11 1326 3170 0 0
2026-04-12 1326 3170 0 0
2026-04-13 1330 3170 0 0
2026-04-14 1332 3170 0 0
2026-04-15 1346 3170 0 0
2026-04-16 1348 3170 0 0
2026-04-17 1349 3170 0 0
2026-04-18 1352 3170 0 0
2026-04-19 1352 3170 0 0
2026-04-20 1354 3170 0 0
2026-04-21 1355 3170 0 0
2026-04-22 1357 3170 0 0
2026-04-23 1350 3170 0 0
2026-04-24 1348 3170 0 0
2026-04-25 1347 3170 0 0
2026-04-26 1347 3170 0 0
2026-04-27 1348 3170 0 0
2026-04-28 1346 3170 0 0
2026-04-29 1344 3170 0 0
2026-04-30 1339 3170 0 0
2026-05-01 1339 3170 0 0
2026-05-02 1343 3170 0 0
2026-05-04 1353 3170 0 0
<<<<<<< HEAD
2026-05-05 1350 3170 0 0
2026-05-06 1351 3170 0 0
2026-05-07 1365 3170 0 0
2026-05-08 1364 3170 0 0
2026-05-09 1364 3170 0 0
2026-05-10 1364 3170 0 0
2026-05-11 1364 3170 0 0
2026-05-12 1361 3170 0 0
2026-05-13 1354 3170 0 0
2026-05-14 1354 3170 0 0
2026-05-15 1350 3170 0 0
2026-05-16 1347 3170 0 0
2026-05-17 1347 3170 0 0
2026-05-18 1343 3170 0 0
2026-05-19 1351 3170 0 0
2026-05-20 1348 3170 0 0
2026-05-21 1348 3170 0 0
2026-05-22 1343 3170 0 0
2026-05-23 1343 3170 0 0
2026-05-24 1343 3170 0 0
2026-05-26 1347 3170 0 0
2026-05-27 1351 3170 0 0
2026-05-28 1351 3170 0 0
2026-05-29 1343 3170 0 0
2026-05-31 1349 3170 0 0
2026-06-01 1353 3170 0 0
2026-06-02 1348 3170 0 0
2026-06-03 1349 3170 0 0
2026-06-04 1347 3170 0 0
2026-06-05 1335 3170 0 0
2026-06-06 1335 3170 0 0
2026-06-07 1335 3170 0 0
2026-06-08 1326 3170 0 0
2026-06-09 1336 3170 0 0
2026-06-10 1330 3170 0 0
2026-06-11 1332 3170 0 0
2026-06-12 1335 3170 0 0
2026-06-13 1339 3170 0 0
2026-06-15 1350 3170 0 0
2026-06-16 1370 3135 -35 -1.104
2026-06-17 1365 3135 0 0
2026-06-18 1360 3135 0 0
2026-06-19 1357 3135 0 0
2026-06-20 1357 3135 0 0
2026-06-21 1357 3135 0 0
2026-06-23 1344 3135 0 0
2026-06-24 1343 3135 0 0
2026-06-25 1343 3135 0 0
2026-06-26 1337 3135 0 0
2026-06-27 1339 3135 0 0
2026-06-28 1339 3135 0 0
2026-06-29 1341 3135 0 0
2026-06-30 1350 3135 0 0
2026-07-01 1354 3135 0 0
2026-07-02 1347 3135 0 0
2026-07-03 1354 3135 0 0
2026-07-04 1354 3135 0 0
2026-07-05 1354 3135 0 0
2026-07-06 1357 3135 0 0
2026-07-07 1343 3135 0 0
2026-07-08 1341 3135 0 0
2026-07-09 1342 3135 0 0
2026-07-10 1345 3135 0 0
2026-07-11 1345 3135 0 0
2026-07-12 1345 3135 0 0
2026-07-13 1337 3135 0 0
2026-07-14 1344 3135 0 0
2026-07-15 1344 3135 0 0
2026-07-16 1345 3135 0 0
2026-07-17 1340 3135 0 0
2026-07-18 1338 3135 0 0
2026-07-19 1338 3135 0 0
2026-07-20 1338 3135 0 0
2026-07-21 1341 3135 0 0
2026-07-22 1337 3135 0 0
2026-07-23 1335 3135 0 0
2026-07-24 1330 3135 0 0
2026-07-25 1332 3135 0 0
2026-07-26 1332 3135 0 0
2026-07-27 1335 3135 0 0
2026-07-28 1336 3135 0 0
2026-07-29 1333 3135 0 0
2026-07-30 1330 3135 0 0
2026-07-31 1341 3135 0 0
2026-08-01 1341 3135 0 0
2026-08-02 1341 3135 0 0
2026-08-03 1343 3135 0 0
2026-08-04 1350 3135 0 0
2026-08-05 1355 3135 0 0
2026-08-06 1354 3135 0 0
2026-08-07 1357 3135 0 0
2026-08-08 1358 3135 0 0
2026-08-09 1358 3135 0 0
2026-08-10 1367 3135 0 0
2026-08-11 1359 3135 0 0
2026-08-12 1359 3135 0 0
2026-08-13 1359 3135 0 0
=======
2026-05-05 1356 3170.0 0 0
2026-05-06 1354 3170.0 0 0
2026-05-07 1357 3170.0 0 0
2026-05-08 1365 3170.0 0 0
2026-05-09 1367 3170.0 0 0
2026-05-10 1367 3170.0 0 0
2026-05-11 1371 3170.0 0 0
2026-05-12 1368 3170.0 0 0
2026-05-13 1362 3170.0 0 0
2026-05-14 1351 3170.0 0 0
2026-05-15 1354 3170.0 0 0
2026-05-16 1353 3170.0 0 0
2026-05-17 1350 3170.0 0 0
2026-05-18 1347 3170.0 0 0
2026-05-19 1345 3170.0 0 0
2026-05-20 1353 3170.0 0 0
2026-05-21 1352 3170.0 0 0
2026-05-22 1345 3170.0 0 0
2026-05-23 1346 3170.0 0 0
2026-05-24 1346 3170.0 0 0
2026-05-25 1347 3170.0 0 0
2026-05-26 1351 3170.0 0 0
2026-05-27 1351 3170.0 0 0
2026-05-28 1356 3170.0 0 0
2026-05-29 1349 3170.0 0 0
2026-05-30 1346 3170.0 0 0
2026-05-31 1352 3170.0 0 0
2026-06-01 1354 3170.0 0 0
2026-06-02 1357 3170.0 0 0
2026-06-03 1356 3170.0 0 0
2026-06-04 1350 3170.0 0 0
2026-06-05 1346 3170.0 0 0
2026-06-06 1338 3170.0 0 0
2026-06-07 1338 3170.0 0 0
2026-06-09 1335 3170.0 0 0
2026-06-10 1333 3170.0 0 0
2026-06-11 1330 3170.0 0 0
2026-06-12 1340 3170.0 0 0
2026-06-13 1338 3170.0 0 0
2026-06-14 1342 3170.0 0 0
2026-06-16 1361 3170.0 0 0
2026-06-17 1371 3135.0 0 0
2026-06-18 1365 3135.0 0 0
2026-06-19 1362 3135.0 0 0
2026-06-20 1360 3135.0 0 0
2026-06-21 1360 3135.0 0 0
2026-06-22 1364 3135.0 0 0
2026-06-23 1358 3135.0 0 0
2026-06-24 1347 3135.0 0 0
2026-06-25 1347 3135.0 0 0
2026-06-26 1340 3135.0 0 0
2026-06-27 1340 3135.0 0 0
2026-06-28 1342 3135.0 0 0
2026-06-29 1340 3135.0 0 0
2026-06-30 1348 3135.0 0 0
2026-07-01 1354 3135.0 0 0
2026-07-02 1356 3135.0 0 0
2026-07-03 1357 3135.0 0 0
2026-07-04 1357 3135.0 0 0
2026-07-05 1357 3135.0 0 0
2026-07-06 1356 3135.0 0 0
2026-07-07 1355 3135.0 0 0
2026-07-08 1345 3135.0 0 0
2026-07-09 1343 3135.0 0 0
2026-07-10 1348 3135.0 0 0
2026-07-11 1348 3135.0 0 0
2026-07-12 1348 3135.0 0 0
2026-07-13 1345 3135.0 0 0
2026-07-14 1341 3135.0 0 0
2026-07-15 1348 3135.0 0 0
2026-07-16 1347 3135.0 0 0
2026-07-17 1346 3135.0 0 0
2026-07-18 1343 3135.0 0 0
2026-07-19 1341 3135.0 0 0
2026-07-20 1342 3135.0 0 0
2026-07-21 1338 3135.0 0 0
2026-07-22 1343 3135.0 0 0
2026-07-23 1341 3135.0 0 0
2026-07-24 1335 3135.0 0 0
2026-07-25 1333 3135.0 0 0
2026-07-26 1335 3135.0 0 0
2026-07-27 1336 3135.0 0 0
2026-07-28 1334 3135.0 0 0
2026-07-29 1339 3135.0 0 0
2026-07-30 1336 3135.0 0 0
2026-07-31 1337 3135.0 0 0
2026-08-01 1344 3135.0 0 0
2026-08-02 1344 3135.0 0 0
2026-08-03 1346 3135.0 0 0
2026-08-04 1346 3135.0 0 0
2026-08-05 1357 3135.0 0 0
2026-08-06 1356 3135.0 0 0
2026-08-07 1361 3135.0 0 0
2026-08-08 1360 3135.0 0 0
2026-08-09 1361 3135.0 0 0
2026-08-10 1364 3135.0 0 0
2026-08-11 1370 3135.0 0 0
2026-08-12 1362 3135.0 0 0
2026-08-13 1365 3135.0 0 0
2026-08-14 1365 3135.0 0 0
>>>>>>> 2b550085baac25c543016ca743053a87bf115d5d
2026-08-15 1360 3135.0 0 0
2026-08-16 1360 3135.0 0 0
2026-08-17 1359 3135.0 0 0
2026-08-18 1369 3135.0 0 0
2026-08-19 1363 3135.0 0 0
2026-08-20 1366 3135.0 0 0
2026-08-21 1368 3135.0 0 0
2026-08-22 1369 3135.0 0 0
2026-08-23 1369 3135.0 0 0
2026-08-24 1368 3135.0 0 0
2026-08-25 1362 3135.0 0 0
2026-08-26 1369 3135.0 0 0
2026-08-27 1369 3135.0 0 0
2026-08-28 1375 3135.0 0 0
2026-08-29 1368 3135.0 0 0
2026-08-30 1369 3135.0 0 0
2026-08-31 1364 3135.0 0 0
