2026-03-11 3346 1017.425 0 0
2026-03-12 3339 1017.283 -0.142 -0.014
2026-03-13  980.636 -36.647 -3.602
2026-03-19 3316 1016.7 36.064 3.678
2026-03-20 3306 1017.194 0.494 0.049
2026-03-21 3309 1017.296 0.102 0.01
2026-03-22 3309 1017.296 0 0
2026-03-23  977.335 -39.961 -3.928
2026-03-25 3280 1035.186 57.851 5.919
2026-03-27 3292 1020.827 -14.359 -1.387
2026-03-28 3311 1011.592 -9.235 -0.905
2026-03-29  996.057 -15.535 -1.536
2026-03-30  952.732 -43.325 -4.35
2026-04-09 3329 1027.151 74.419 7.811
2026-04-10 3315 1036.063 8.912 0.868
2026-04-11 3317 1036.063 0 0
2026-04-12 3317 1036.063 0 0
2026-04-14 3352 1015.202 -20.861 -2.013
2026-04-15 3359 1021.472 6.27 0.618
2026-04-16 3364 1021.224 -0.248 -0.024
2026-04-17 3389 1007.286 -13.938 -1.365
2026-04-18 3400 1001.681 -5.605 -0.556
2026-04-19 3400 1001.681 0 0
2026-04-20  989.518 -12.163 -1.214
2026-04-22 3343 1035.386 45.868 4.635
2026-04-23 3326 1040.43 5.044 0.487
2026-04-24 3353 1018.554 -21.876 -2.103
2026-04-25 3359 1016.221 -2.333 -0.229
2026-04-26 3359 1016.221 0 0
2026-04-27 3363 1014.967 -1.254 -0.123
2026-04-28 3336 1028.146 13.179 1.298
2026-04-29 3345 1021.801 -6.345 -0.617
2026-04-30 3367 1001.524 -20.277 -1.984
2026-05-05  999.885 -1.639 -0.164
2026-05-06  999.885 0 0
2026-05-07 3315 1056.941 57.056 5.706
2026-05-08 3349 1040.534 -16.407 -1.552
2026-05-09 3362 1028.753 -11.781 -1.132
2026-05-10 3362 1028.753 0 0
<<<<<<< HEAD
2026-05-11 3379 1013.271 -15.482 -1.505
2026-05-12  980.264 -33.007 -3.257
2026-05-16 3359 1014.981 34.717 3.542
2026-05-17 3359 1014.981 0 0
2026-05-18  985.111 -29.87 -2.943
2026-05-27  986.565 1.454 0.148
2026-05-31 3367 1018.197 31.632 3.206
2026-06-01 3342 1028.332 10.135 0.995
2026-06-02 3313 1050.853 22.521 2.19
2026-06-03 3314 1042.537 -8.316 -0.791
2026-06-04 3280 1070.633 28.096 2.695
2026-06-05 3333 1019.188 -51.445 -4.805
2026-06-06 3343 1012.209 -6.979 -0.685
2026-06-07 3343 1012.209 0 0
2026-06-08  989.498 -22.711 -2.244
2026-06-10 3243 1068.628 79.13 7.997
2026-06-11 3247 1063.149 -5.479 -0.513
2026-06-12 3214 1093.191 30.042 2.826
2026-06-13 3206 1100.276 7.085 0.648
2026-06-15 3106 1174.319 74.043 6.729
2026-06-16 3190 1113.438 -60.881 -5.184
2026-06-17 3298 1045.493 -67.945 -6.102
2026-06-18 3340 1013.338 -32.155 -3.076
2026-06-19 3338 1014.687 1.349 0.133
2026-06-20 3338 1014.687 0 0
2026-06-21 3338 1014.687 0 0
2026-07-07 3234 1083.679 68.992 6.799
2026-07-08 3253 1067.798 -15.881 -1.465
2026-07-09 3250 1069.788 1.99 0.186
2026-07-10 3274 1063.33 -6.458 -0.604
2026-07-11 3277 1066.162 2.832 0.266
2026-07-12 3277 1066.162 0 0
2026-07-13 3287 1046.878 -19.284 -1.809
2026-07-14 3314 1033.659 -13.219 -1.263
2026-07-15 3263 1069.502 35.843 3.468
2026-07-16 3220 1095.234 25.732 2.406
2026-07-17 3189 1099.341 4.107 0.375
2026-07-18 3187 1099.231 -0.11 -0.01
2026-07-19 3186 1099.231 0 0
2026-07-20 3243 1065.696 -33.535 -3.051
2026-07-21 3223 1081.348 15.652 1.469
2026-07-22 3215 1085.859 4.511 0.417
2026-07-23 3154 1123.476 37.617 3.464
2026-07-24 3196 1085.141 -38.335 -3.412
2026-07-25 3196 1085.659 0.518 0.048
2026-07-26 3196 1085.659 0 0
2026-07-27 3226 1081.085 -4.574 -0.421
2026-07-28 3264 1057.388 -23.697 -2.192
2026-07-29 3282 1044.57 -12.818 -1.212
2026-07-30 3263 1060.041 15.471 1.481
2026-07-31 3235 1085.968 25.927 2.446
2026-08-01 3222 1094.994 9.026 0.831
2026-08-02 3222 1094.994 0 0
2026-08-03 3236 1089.618 -5.376 -0.491
2026-08-04 3232 1094.726 5.108 0.469
2026-08-05 3232 1101.261 6.535 0.597
2026-08-06 3160 1145.447 44.186 4.012
2026-08-07 3187 1134.77 -10.677 -0.932
2026-08-08 3178 1139.734 4.964 0.437
2026-08-09 3178 1139.734 0 0
2026-08-10 3184 1138.421 -1.313 -0.115
2026-08-11 3265 1088.36 -50.061 -4.397
2026-08-12 3202 1128.483 40.123 3.687
2026-08-13 3171 1150.488 22.005 1.95
=======
2026-05-11 3370 1021.203 0 0
2026-05-12 3410 984.608 0 0
2026-05-13 3407 977.931 0 0
2026-05-17 3359 1014.981 0 0
2026-05-18 3392 984.135 0 0
2026-05-19 3393 959.966 0 0
2026-05-28 3398 991.696 0 0
2026-05-31 3367 1018.197 0 0
2026-06-01 3334 1039.288 0 0
2026-06-02 3326 1037.717 0 0
2026-06-03 3311 1050.853 0 0
2026-06-04 3288 1062.085 0 0
2026-06-05 3345 1018.08 0 0
2026-06-06 3333 1019.188 0 0
2026-06-07 3343 1012.209 0 0
2026-06-09 3247 1070.747 0 0
2026-06-11 3235 1068.182 0 0
2026-06-12 3152 1133.292 0 0
2026-06-13 3214 1093.191 0 0
2026-06-14 3206 1100.276 0 0
2026-06-16 3177 1120.593 0 0
2026-06-17 3280 1066.244 0 0
2026-06-18 3337 1016.235 0 0
2026-06-19 3354 1005.331 0 0
2026-06-20 3338 1014.687 0 0
2026-06-21 3338 1014.687 0 0
2026-06-22 3352 1000.812 0 0
2026-06-23 3377 946.974 0 0
2026-07-08 3285 1050.534 0 0
2026-07-09 3339 1002.643 0 0
2026-07-10 3224 1087.21 0 0
2026-07-11 3274 1063.33 0 0
2026-07-12 3277 1066.162 0 0
2026-07-13 3285 1054.006 0 0
2026-07-14 3321 1024.141 0 0
2026-07-15 3264 1067.552 0 0
2026-07-16 3255 1075.616 0 0
2026-07-17 3210 1095.234 0 0
2026-07-18 3189 1099.341 0 0
2026-07-19 3187 1099.231 0 0
2026-07-20 3274 1056.598 0 0
2026-07-21 3197 1092.112 0 0
2026-07-22 3192 1097.32 0 0
2026-07-23 3159 1122.197 0 0
2026-07-24 3214 1082.28 0 0
2026-07-25 3196 1085.141 0 0
2026-07-26 3196 1085.659 0 0
2026-07-27 3198 1088.311 0 0
2026-07-28 3254 1064.403 0 0
2026-07-29 3277 1053.435 0 0
2026-07-30 3245 1073.437 0 0
2026-07-31 3266 1062.146 0 0
2026-08-01 3235 1085.968 0 0
2026-08-02 3222 1094.994 0 0
2026-08-03 3228 1093.017 0 0
2026-08-04 3228 1093.372 0 0
2026-08-05 3203 1118.14 0 0
2026-08-06 3183 1129.008 0 0
2026-08-07 3177 1134.21 0 0
2026-08-08 3187 1134.77 0 0
2026-08-09 3178 1139.734 0 0
2026-08-10 3196 1128.442 0 0
2026-08-11 3185 1136.79 0 0
2026-08-12 3165 1149.277 0 0
2026-08-13 3200 1128.444 0 0
2026-08-14 3182 1141.256 0 0
>>>>>>> 2b550085baac25c543016ca743053a87bf115d5d
2026-08-15 3160 1153.405 0 0
2026-08-16 3161 1155.326 0 0
2026-08-17 3160 1155.326 0 0
2026-08-18 3198 1125.627 0 0
2026-08-19 3275 1077.628 0 0
2026-08-20 3265 1078.272 0 0
2026-08-21 3295 1060.136 0 0
2026-08-22 3284 1074.206 0 0
2026-08-24 3280 1077.823 0 0
2026-08-25 3244 1099.53 0 0
2026-08-26 3217 1118.729 0 0
2026-08-27 3269 1095.74 0 0
2026-08-28 3230 1114.881 0 0
2026-08-29 3225 1118.192 0 0
2026-08-30 3212 1124.873 0 0
2026-08-31 3200 1127.994 0 0
