2025-12-05 948 4300 0 0
2025-12-06 947 4300 0 0
2025-12-07 944 4300 0 0
2025-12-08 945 4279.521 -20.479 -0.476
2025-12-09 889 4524.422 244.901 5.723
2025-12-10 766 5294.038 769.616 17.01
2025-12-11 559 6784.047 1490.009 28.145
2025-12-12 662 5878.875 -905.172 -13.343
2025-12-13 661 5881.125 2.25 0.038
2025-12-14 661 5881.125 0 0
2025-12-15 726 5520.411 -360.714 -6.133
2025-12-16 790 5130.712 -389.699 -7.059
2025-12-17 781 5168.354 37.642 0.734
2025-12-18 794 5100.167 -68.187 -1.319
2025-12-19 850 4802.177 -297.99 -5.843
2025-12-20 852 4802.586 0.409 0.009
2025-12-21 852 4802.586 0 0
2025-12-22 840 4866.949 64.363 1.34
2025-12-23 831 4896.585 29.636 0.609
2025-12-24 884 4593.007 -303.578 -6.2
2025-12-25 889 4563.88 -29.127 -0.634
2025-12-26 914 4479.985 -83.895 -1.838
2025-12-27 909 4485.035 5.05 0.113
2025-12-28 909 4485.035 0 0
2025-12-29 916 4468.469 -16.566 -0.369
2025-12-30 924 4425.751 -42.718 -0.956
2025-12-31 959 4282.854 -142.897 -3.229
2026-01-01 954 4283.774 0.92 0.021
2026-01-02 957 4283.774 0 0
2026-01-03 961 4283.774 0 0
2026-01-05 909 4515.122 231.348 5.401
2026-01-06 920 4478.696 -36.426 -0.807
2026-01-07 910 4504.26 25.564 0.571
2026-01-08 834 4909.186 404.926 8.99
2026-01-09 845 4845.165 -64.021 -1.304
2026-01-10 847 4844.124 -1.041 -0.021
2026-01-11 847 4844.124 0 0
2026-01-12 865 4729.921 -114.203 -2.358
2026-01-13 865 4747.009 17.088 0.361
2026-01-14 876 4729.48 -17.529 -0.369
2026-01-15 889 4642.195 -87.285 -1.846
2026-01-16 870 4725.441 83.246 1.793
2026-01-17 868 4725.984 0.543 0.011
2026-01-18 868 4725.984 0 0
2026-01-19 882 4627.629 -98.355 -2.081
2026-01-20 909 4495.443 -132.186 -2.856
2026-01-21 888 4589.121 93.678 2.084
2026-01-22 889 4595.462 6.341 0.138
2026-01-23 914 4523.273 -72.189 -1.571
2026-01-24 914 4522.428 -0.845 -0.019
2026-01-25 914 4522.428 0 0
2026-01-26 934 4408.953 -113.475 -2.509
2026-01-27 937 4430.964 22.011 0.499
2026-01-28 935 4412.374 -18.59 -0.42
2026-01-29 949 4326.092 -86.282 -1.955
2026-01-30 942 4325.081 -1.011 -0.023
2026-01-31 942 4323.711 -1.37 -0.032
2026-02-01 941 4323.711 0 0
2026-02-02 968 4177.074 -146.637 -3.391
2026-02-03 1003 4064.693 -112.381 -2.69
2026-02-04 1021 3992.541 -72.152 -1.775
2026-02-05 1037 3923.777 -68.764 -1.722
2026-02-06 1035 3939.479 15.702 0.4
2026-02-07 1036 3939.876 0.397 0.01
2026-02-08 1035 3939.876 0 0
2026-02-09 987 4144.504 204.628 5.194
2026-02-10 981 4211.362 66.858 1.613
2026-02-11 996 4154.51 -56.852 -1.35
2026-02-12 960 4286.371 131.861 3.174
2026-02-13 981 4246.039 -40.332 -0.941
2026-02-14 980 4240.202 -5.837 -0.137
2026-02-15 980 4240.202 0 0
2026-02-16 982 4240.202 0 0
2026-02-17 982 4240.202 0 0
2026-02-18 982 4240.202 0 0
2026-02-19 984 4240.202 0 0
2026-02-20 984 4240.202 0 0
2026-02-21 989 4240.202 0 0
2026-02-22 989 4240.202 0 0
2026-02-23 986 4240.202 0 0
2026-02-24 961 4357.204 117.002 2.759
2026-02-25 967 4347.307 -9.897 -0.227
2026-02-26 950 4508.797 161.49 3.715
2026-02-27 946 4528.522 19.725 0.437
2026-02-28 949 4518.085 -10.437 -0.23
2026-03-01 946 4518.085 0 0
2026-03-02 973 4345.992 -172.093 -3.809
2026-03-03 1046 4048.219 -297.773 -6.852
2026-03-04 1014 4125.962 77.743 1.92
2026-03-05 987 4272.176 146.214 3.544
2026-03-06 971 4287.487 15.311 0.358
2026-03-07 972 4288.606 1.119 0.026
2026-03-08 972 4288.606 0 0
2026-03-09 992 4196.338 -92.268 -2.151
2026-03-10 985 4267.941 71.603 1.706
2026-03-11 988 4247.038 -20.903 -0.49
2026-03-12 1018 4129.722 -117.316 -2.762
2026-03-13 1023 4069.675 -60.047 -1.454
2026-03-14 1020 4053.402 -16.273 -0.4
2026-03-15 1020 4053.402 0 0
2026-03-16 1016 4092.352 38.95 0.961
2026-03-17 1016 4127.029 34.677 0.847
2026-03-18 1008 4151.087 24.058 0.583
2026-03-19 1020 4063.262 -87.825 -2.116
2026-03-20 1014 4048.202 -15.06 -0.371
2026-03-21 1012 4059.438 11.236 0.278
2026-03-22 1012 4059.438 0 0
2026-03-23 1105 3738.977 -320.461 -7.894
2026-03-24 1019 4047.763 308.786 8.259
2026-03-25 991 4167.103 119.34 2.948
2026-03-27 1003 4084.452 -82.651 -1.983
2026-03-28 1008 4071.095 -13.357 -0.327
2026-03-29 1008 4071.095 0 0
2026-03-30 1003 4097.621 26.526 0.652
2026-03-31 999 4109.296 11.675 0.285
2026-04-01 983 4213.972 104.676 2.547
2026-04-02 1010 4088.385 -125.587 -2.98
2026-04-03 967 4276.142 187.757 4.592
2026-04-04 967 4276.142 0 0
2026-04-05 967 4276.142 0 0
2026-04-06 966 4276.142 0 0
2026-04-07 961 4306.428 30.286 0.708
2026-04-08 949 4389.011 82.583 1.918
2026-04-09 947 4400.477 11.466 0.261
2026-04-10 964 4361.743 -38.734 -0.88
2026-04-11 962 4366.594 4.851 0.111
2026-04-12 962 4366.594 0 0
2026-04-13 948 4445.878 79.284 1.816
2026-04-14 939 4478.096 32.218 0.725
2026-04-15 911 4673.749 195.653 4.369
2026-04-16 885 4837.407 163.658 3.502
2026-04-17 876 4902.722 65.315 1.35
2026-04-18 877 4897.766 -4.956 -0.101
2026-04-19 877 4897.766 0 0
2026-04-20 892 4820.043 -77.723 -1.587
2026-04-21 917 4673.422 -146.621 -3.042
2026-04-22 917 4696.733 23.311 0.499
2026-04-23 938 4520.466 -176.267 -3.753
2026-04-24 896 4757.729 237.263 5.249
2026-04-25 896 4757.242 -0.487 -0.01
2026-04-26 896 4757.242 0 0
2026-04-27 829 5137.225 379.983 7.987
2026-04-28 798 5286.761 149.536 2.911
2026-04-29 828 5136.392 -150.369 -2.844
2026-04-30 795 5333.291 196.899 3.833
2026-05-01 799 5332.979 -0.312 -0.006
2026-05-02 798 5332.979 0 0
2026-05-04 797 5332.979 0 0
2026-05-05 775 5507.342 174.363 3.27
2026-05-06 776 5507.342 0 0
2026-05-07 772 5551.689 44.347 0.805
2026-05-08 819 5263.068 -288.621 -5.199
2026-05-09 819 5262.836 -0.232 -0.004
2026-05-10 819 5262.836 0 0
<<<<<<< HEAD
2026-05-11 801 5367.644 104.808 1.991
2026-05-12 796 5373.598 5.954 0.111
2026-05-13 795 5381.509 7.911 0.147
2026-05-14 833 5114.196 -267.313 -4.967
2026-05-15 853 4984.854 -129.342 -2.529
2026-05-16 854 4971.302 -13.552 -0.272
2026-05-17 854 4971.302 0 0
2026-05-18 810 5212.549 241.247 4.853
2026-05-19 785 5364.273 151.724 2.911
2026-05-20 779 5422.271 57.998 1.081
2026-05-21 779 5420.439 -1.832 -0.034
2026-05-22 817 5173.474 -246.965 -4.556
2026-05-23 818 5182.154 8.68 0.168
2026-05-24 818 5182.154 0 0
2026-05-26 795 5305.956 123.802 2.389
2026-05-27 835 5056.514 -249.442 -4.701
2026-05-28 828 5108.669 52.155 1.031
2026-05-29 886 4829.067 -279.602 -5.473
2026-05-31 885 4837.272 8.205 0.17
2026-06-01 945 4514.01 -323.262 -6.683
2026-06-02 924 4639.492 125.482 2.78
2026-06-03 840 5028.973 389.481 8.395
2026-06-04 855 4931.862 -97.111 -1.931
2026-06-05 885 4763.85 -168.012 -3.407
2026-06-06 885 4767.72 3.87 0.081
2026-06-07 885 4767.72 0 0
2026-06-08 905 4632.427 -135.293 -2.838
2026-06-09 909 4622.329 -10.098 -0.218
2026-06-10 917 4570.563 -51.766 -1.12
2026-06-11 896 4687.056 116.493 2.549
2026-06-12 920 4587.12 -99.936 -2.132
2026-06-13 920 4598.043 10.923 0.238
2026-06-15 901 4730.211 132.168 2.874
2026-06-16 892 4800.219 70.008 1.48
2026-06-17 886 4815.077 14.858 0.31
2026-06-18 835 5041.584 226.507 4.704
2026-06-19 835 5037.782 -3.802 -0.075
2026-06-20 835 5037.782 0 0
2026-06-21 835 5037.782 0 0
2026-06-23 786 5290.459 252.677 5.016
2026-06-24 789 5288.051 -2.408 -0.046
2026-06-25 794 5238.375 -49.676 -0.939
2026-06-26 833 5038.379 -199.996 -3.818
2026-06-27 836 5037.49 -0.889 -0.018
2026-06-28 836 5037.49 0 0
2026-06-29 792 5265.19 227.7 4.52
2026-06-30 782 5370.695 105.505 2.004
2026-07-01 838 5056.429 -314.266 -5.851
2026-07-02 885 4808.832 -247.597 -4.897
2026-07-03 885 4830.449 21.617 0.45
2026-07-04 885 4830.449 0 0
2026-07-05 885 4830.449 0 0
2026-07-06 900 4768.174 -62.275 -1.289
2026-07-07 854 4971.535 203.361 4.265
2026-07-08 844 4990.32 18.785 0.378
2026-07-09 728 5683.989 693.669 13.9
2026-07-10 800 5254.196 -429.793 -7.561
2026-07-11 796 5265.9 11.704 0.223
2026-07-12 796 5265.9 0 0
2026-07-13 778 5377.752 111.852 2.124
2026-07-14 803 5219.345 -158.407 -2.946
2026-07-15 873 4869.547 -349.798 -6.702
2026-07-16 868 4879.855 10.308 0.212
2026-07-17 911 4611.909 -267.946 -5.491
2026-07-18 910 4605.649 -6.26 -0.136
2026-07-19 910 4605.649 0 0
2026-07-20 922 4530.664 -74.985 -1.628
2026-07-21 871 4848.628 317.964 7.018
2026-07-22 894 4695.046 -153.582 -3.168
2026-07-23 902 4587.994 -107.052 -2.28
2026-07-24 918 4512.526 -75.468 -1.645
2026-07-25 918 4510.128 -2.398 -0.053
2026-07-26 918 4510.128 0 0
2026-07-27 917 4554.101 43.973 0.975
2026-07-28 982 4238.38 -315.721 -6.933
2026-07-29 986 4247.835 9.455 0.223
2026-07-30 1037 4064.102 -183.733 -4.325
2026-07-31 988 4299.328 235.226 5.788
2026-08-01 984 4305.063 5.735 0.133
2026-08-02 984 4305.063 0 0
2026-08-03 999 4248.616 -56.447 -1.311
2026-08-04 973 4347.092 98.476 2.318
2026-08-05 945 4472.343 125.251 2.881
2026-08-06 955 4420.872 -51.471 -1.151
2026-08-07 941 4509.771 88.899 2.011
2026-08-08 941 4510.84 1.069 0.024
2026-08-09 941 4510.84 0 0
2026-08-10 987 4330.373 -180.467 -4.001
2026-08-11 993 4315.51 -14.863 -0.343
2026-08-12 990 4321.384 5.874 0.136
2026-08-13 968 4410.998 89.614 2.074
=======
2026-05-11 821 5265.007 0 0
2026-05-12 793 5401.931 0 0
2026-05-13 806 5324.218 0 0
2026-05-14 842 5089.077 0 0
2026-05-15 844 5070.779 0 0
2026-05-16 853 4984.854 0 0
2026-05-17 854 4971.302 0 0
2026-05-18 800 5260.663 0 0
2026-05-19 808 5212.623 0 0
2026-05-20 778 5437.754 0 0
2026-05-21 787 5372.802 0 0
2026-05-22 818 5159.259 0 0
2026-05-23 817 5173.474 0 0
2026-05-24 818 5182.154 0 0
2026-05-25 796 5304.607 0 0
2026-05-26 807 5236.86 0 0
2026-05-27 824 5133.292 0 0
2026-05-28 827 5104.379 0 0
2026-05-29 888 4821.091 0 0
2026-05-30 886 4829.067 0 0
2026-05-31 885 4837.272 0 0
2026-06-01 892 4796.723 0 0
2026-06-02 910 4698.097 0 0
2026-06-03 868 4907.143 0 0
2026-06-04 852 4962.256 0 0
2026-06-05 859 4936.599 0 0
2026-06-06 885 4763.85 0 0
2026-06-07 885 4767.72 0 0
2026-06-09 898 4680.708 0 0
2026-06-10 913 4582.402 0 0
2026-06-11 911 4602.001 0 0
2026-06-12 877 4796.068 0 0
2026-06-13 920 4587.12 0 0
2026-06-14 920 4598.043 0 0
2026-06-16 897 4747.759 0 0
2026-06-17 904 4723.355 0 0
2026-06-18 847 5003.46 0 0
2026-06-19 836 5041.584 0 0
2026-06-20 835 5037.782 0 0
2026-06-21 835 5037.782 0 0
2026-06-22 880 4863.756 0 0
2026-06-23 769 5411.888 0 0
2026-06-24 810 5154.972 0 0
2026-06-25 783 5326.316 0 0
2026-06-26 833 5013.649 0 0
2026-06-27 833 5038.379 0 0
2026-06-28 836 5037.49 0 0
2026-06-29 800 5213.226 0 0
2026-06-30 774 5390.384 0 0
2026-07-01 811 5192.444 0 0
2026-07-02 837 5042.847 0 0
2026-07-03 859 4953.489 0 0
2026-07-04 885 4830.449 0 0
2026-07-05 885 4830.449 0 0
2026-07-06 881 4869.464 0 0
2026-07-07 836 5053.66 0 0
2026-07-08 855 4966.287 0 0
2026-07-09 732 5634.716 0 0
2026-07-10 737 5654.033 0 0
2026-07-11 800 5254.196 0 0
2026-07-12 796 5265.9 0 0
2026-07-13 744 5573.812 0 0
2026-07-14 806 5205.73 0 0
2026-07-15 847 4985.679 0 0
2026-07-16 868 4891.56 0 0
2026-07-17 881 4783.597 0 0
2026-07-18 911 4611.909 0 0
2026-07-19 910 4605.649 0 0
2026-07-20 902 4635.853 0 0
2026-07-21 904 4619.699 0 0
2026-07-22 885 4788.048 0 0
2026-07-23 909 4576.674 0 0
2026-07-24 926 4507.639 0 0
2026-07-25 918 4512.526 0 0
2026-07-26 918 4510.128 0 0
2026-07-27 929 4472.77 0 0
2026-07-28 937 4424.512 0 0
2026-07-29 1020 4138.383 0 0
2026-07-30 1022 4130.154 0 0
2026-07-31 965 4356.562 0 0
2026-08-01 988 4299.328 0 0
2026-08-02 984 4305.063 0 0
2026-08-03 992 4271.406 0 0
2026-08-04 991 4291.63 0 0
2026-08-05 963 4402.728 0 0
2026-08-06 949 4456.433 0 0
2026-08-07 946 4460.404 0 0
2026-08-08 941 4509.771 0 0
2026-08-09 941 4510.84 0 0
2026-08-10 970 4390.202 0 0
2026-08-11 995 4291.367 0 0
2026-08-12 988 4336.182 0 0
2026-08-13 976 4370.524 0 0
2026-08-14 975 4385.105 0 0
>>>>>>> 2b550085baac25c543016ca743053a87bf115d5d
2026-08-15 980 4355.664 0 0
2026-08-16 983 4357.666 0 0
2026-08-17 981 4357.666 0 0
2026-08-18 958 4456.0 0 0
