2026-03-10 2307 1770.363 0 0
2026-03-11 2405 1680.819 -89.544 -5.058
2026-03-12 2489 1594.653 -86.166 -5.126
2026-03-13 2553 1536.509 -58.144 -3.646
2026-03-14 2557 1530.365 -6.144 -0.4
2026-03-15 2557 1530.365 0 0
2026-03-16 2611 1485.862 -44.503 -2.908
2026-03-17 2630 1467.617 -18.245 -1.228
2026-03-18 2581 1505.228 37.611 2.563
2026-03-19 2759 1368.714 -136.514 -9.069
2026-03-20 2805 1325.441 -43.273 -3.162
2026-03-21 2796 1329.12 3.679 0.278
2026-03-22 2796 1329.12 0 0
2026-03-23 2877 1269.475 -59.645 -4.488
2026-03-24 2755 1350.577 81.102 6.389
2026-03-25 2685 1404.067 53.49 3.961
2026-03-27 2809 1317.947 -86.12 -6.134
2026-03-28 2809 1313.637 -4.31 -0.327
2026-03-29 2809 1313.637 0 0
2026-03-30 2776 1328.582 14.945 1.138
2026-03-31 2851 1292.896 -35.686 -2.686
2026-04-01 2786 1334.774 41.878 3.239
2026-04-02 2834 1305.916 -28.858 -2.162
2026-04-03 2651 1423.286 117.37 8.988
2026-04-04 2651 1423.286 0 0
2026-04-05 2651 1423.286 0 0
2026-04-06 2654 1423.286 0 0
2026-04-07 2597 1486.671 63.385 4.453
2026-04-08 2488 1588.856 102.185 6.873
2026-04-09 2530 1565.063 -23.793 -1.497
2026-04-10 2506 1585.929 20.866 1.333
2026-04-11 2506 1587.693 1.764 0.111
2026-04-12 2506 1587.693 0 0
2026-04-13 2589 1521.039 -66.654 -4.198
2026-04-14 2560 1554.297 33.258 2.187
2026-04-15 2654 1478.99 -75.307 -4.845
2026-04-16 2558 1564.068 85.078 5.752
2026-04-17 2673 1477.908 -86.16 -5.509
2026-04-18 2673 1476.414 -1.494 -0.101
2026-04-19 2673 1476.414 0 0
2026-04-20 2687 1469.044 -7.37 -0.499
2026-04-21 2599 1540.425 71.381 4.859
2026-04-22 2557 1570.378 29.953 1.944
2026-04-23 2565 1553.903 -16.475 -1.049
2026-04-24 2582 1544.655 -9.248 -0.595
2026-04-25 2581 1544.497 -0.158 -0.01
2026-04-26 2581 1544.497 0 0
2026-04-27 2648 1494.899 -49.598 -3.211
2026-04-28 2669 1472.751 -22.148 -1.482
2026-04-29 2676 1468.874 -3.877 -0.263
2026-04-30 2698 1447.472 -21.402 -1.457
2026-05-01 2700 1447.388 -0.084 -0.006
2026-05-02 2701 1447.388 0 0
2026-05-04 2705 1447.388 0 0
2026-05-05 2614 1525.667 78.279 5.408
2026-05-06 2617 1525.667 0 0
2026-05-07 2463 1673.702 148.035 9.703
2026-05-08 2488 1643.831 -29.871 -1.785
2026-05-09 2491 1643.759 -0.072 -0.004
2026-05-10 2491 1643.759 0 0
<<<<<<< HEAD
2026-05-11 2482 1652.713 8.954 0.545
2026-05-12 2454 1671.417 18.704 1.132
2026-05-13 2442 1683.745 12.328 0.738
2026-05-14 2494 1618.026 -65.719 -3.903
2026-05-15 2475 1632.27 14.244 0.88
2026-05-16 2474 1627.833 -4.437 -0.272
2026-05-17 2474 1627.833 0 0
2026-05-18 2482 1616.547 -11.286 -0.693
2026-05-19 2324 1770.865 154.318 9.546
2026-05-20 2382 1727.346 -43.519 -2.457
2026-05-21 2381 1726.762 -0.584 -0.034
2026-05-22 2278 1843.099 116.337 6.737
2026-05-23 2274 1846.191 3.092 0.168
2026-05-24 2274 1846.191 0 0
2026-05-26 2412 1705.886 -140.305 -7.6
2026-05-27 2570 1556.362 -149.524 -8.765
2026-05-28 2491 1613.901 57.539 3.697
2026-05-29 2678 1461.933 -151.968 -9.416
2026-05-31 2678 1464.417 2.484 0.17
2026-06-01 2677 1466.765 2.348 0.16
2026-06-02 2702 1446.364 -20.401 -1.391
2026-06-03 2681 1461.495 15.131 1.046
2026-06-04 2511 1596.034 134.539 9.206
2026-06-05 2609 1510.408 -85.626 -5.365
2026-06-06 2603 1511.635 1.227 0.081
2026-06-07 2603 1511.635 0 0
2026-06-08 2771 1369.663 -141.972 -9.392
2026-06-09 2683 1436.352 66.689 4.869
2026-06-10 2694 1423.762 -12.59 -0.877
2026-06-11 2801 1338.594 -85.168 -5.982
2026-06-12 2805 1344.495 5.901 0.441
2026-06-13 2806 1347.696 3.201 0.238
2026-06-15 2710 1437.777 90.081 6.684
2026-06-16 2657 1493.929 56.152 3.905
2026-06-17 2621 1510.714 16.785 1.124
2026-06-18 2623 1507.32 -3.394 -0.225
2026-06-19 2624 1506.184 -1.136 -0.075
2026-06-20 2624 1506.184 0 0
2026-06-21 2624 1506.184 0 0
2026-06-23 2471 1617.923 111.739 7.419
2026-06-24 2336 1737.551 119.628 7.394
2026-06-25 2166 1897.266 159.715 9.192
2026-06-26 2322 1756.921 -140.345 -7.397
2026-06-27 2323 1756.611 -0.31 -0.018
2026-06-28 2323 1756.611 0 0
2026-06-29 2350 1730.91 -25.701 -1.463
2026-06-30 2178 1896.914 166.004 9.591
2026-07-01 2044 2024.344 127.43 6.718
2026-07-02 2235 1855.818 -168.526 -8.325
2026-07-03 2272 1821.054 -34.764 -1.873
2026-07-04 2273 1821.054 0 0
2026-07-05 2273 1821.054 0 0
2026-07-06 2098 1993.911 172.857 9.492
2026-07-07 2264 1827.632 -166.279 -8.339
2026-07-08 2374 1721.222 -106.41 -5.822
2026-07-09 2318 1775.174 53.952 3.135
2026-07-10 2448 1661.7 -113.474 -6.392
2026-07-11 2445 1665.402 3.702 0.223
2026-07-12 2445 1665.402 0 0
2026-07-13 2605 1511.09 -154.312 -9.266
2026-07-14 2492 1618.978 107.888 7.14
2026-07-15 2536 1578.47 -40.508 -2.502
2026-07-16 2641 1496.729 -81.741 -5.178
2026-07-17 2787 1360.488 -136.241 -9.103
2026-07-18 2787 1358.641 -1.847 -0.136
2026-07-19 2786 1358.641 0 0
2026-07-20 2860 1303.936 -54.705 -4.026
2026-07-21 2790 1362.355 58.419 4.48
2026-07-22 2830 1329.441 -32.914 -2.416
2026-07-23 2855 1305.686 -23.755 -1.787
2026-07-24 2950 1239.479 -66.207 -5.071
2026-07-25 2960 1238.82 -0.659 -0.053
2026-07-26 2960 1238.82 0 0
2026-07-27 2894 1292.376 53.556 4.323
2026-07-28 2921 1271.351 -21.025 -1.627
2026-07-29 2847 1323.825 52.474 4.127
2026-07-30 3028 1200.809 -123.016 -9.292
2026-07-31 2867 1313.379 112.57 9.375
2026-08-01 2865 1315.131 1.752 0.133
2026-08-02 2865 1315.131 0 0
2026-08-03 2876 1313.561 -1.57 -0.119
2026-08-04 2792 1384.378 70.817 5.391
2026-08-05 2751 1411.703 27.325 1.974
2026-08-06 2787 1396.741 -14.962 -1.06
2026-08-07 2805 1387.47 -9.271 -0.664
2026-08-08 2806 1387.799 0.329 0.024
2026-08-09 2806 1387.799 0 0
2026-08-10 2689 1478.828 91.029 6.559
2026-08-11 2739 1437.237 -41.591 -2.812
2026-08-12 2768 1410.875 -26.362 -1.834
2026-08-13 2720 1444.371 33.496 2.374
=======
2026-05-11 2468 1666.729 0 0
2026-05-12 2457 1683.47 0 0
2026-05-13 2451 1676.093 0 0
2026-05-14 2485 1623.723 0 0
2026-05-15 2412 1706.941 0 0
2026-05-16 2475 1632.27 0 0
2026-05-17 2474 1627.833 0 0
2026-05-18 2437 1662.857 0 0
2026-05-19 2316 1769.096 0 0
2026-05-20 2398 1713.602 0 0
2026-05-21 2320 1785.729 0 0
2026-05-22 2251 1862.553 0 0
2026-05-23 2278 1843.099 0 0
2026-05-24 2274 1846.191 0 0
2026-05-25 2216 1892.18 0 0
2026-05-26 2360 1751.875 0 0
2026-05-27 2544 1574.154 0 0
2026-05-28 2497 1612.546 0 0
2026-05-29 2669 1479.963 0 0
2026-05-30 2678 1461.933 0 0
2026-05-31 2678 1464.417 0 0
2026-06-01 2635 1510.975 0 0
2026-06-02 2716 1436.639 0 0
2026-06-03 2669 1478.462 0 0
2026-06-04 2709 1436.824 0 0
2026-06-05 2597 1528.392 0 0
2026-06-06 2609 1510.408 0 0
2026-06-07 2603 1511.635 0 0
2026-06-09 2690 1425.982 0 0
2026-06-10 2718 1407.079 0 0
2026-06-11 2787 1347.098 0 0
2026-06-12 2747 1390.169 0 0
2026-06-13 2805 1344.495 0 0
2026-06-14 2806 1347.696 0 0
2026-06-16 2689 1451.877 0 0
2026-06-17 2678 1473.55 0 0
2026-06-18 2584 1549.118 0 0
2026-06-19 2621 1507.32 0 0
2026-06-20 2624 1506.184 0 0
2026-06-21 2624 1506.184 0 0
2026-06-22 2522 1585.291 0 0
2026-06-23 2461 1636.594 0 0
2026-06-24 2544 1559.303 0 0
2026-06-25 2160 1902.215 0 0
2026-06-26 2275 1798.414 0 0
2026-06-27 2322 1756.921 0 0
2026-06-28 2323 1756.611 0 0
2026-06-29 2326 1754.664 0 0
2026-06-30 2190 1886.283 0 0
2026-07-01 2002 2077.405 0 0
2026-07-02 2154 1923.263 0 0
2026-07-03 2200 1893.628 0 0
2026-07-04 2272 1821.054 0 0
2026-07-05 2273 1821.054 0 0
2026-07-06 2097 1993.911 0 0
2026-07-07 2213 1878.413 0 0
2026-07-08 2335 1758.238 0 0
2026-07-09 2381 1709.531 0 0
2026-07-10 2391 1714.028 0 0
2026-07-11 2448 1661.7 0 0
2026-07-12 2445 1665.402 0 0
2026-07-13 2525 1583.753 0 0
2026-07-14 2537 1570.861 0 0
2026-07-15 2459 1654.512 0 0
2026-07-16 2549 1567.14 0 0
2026-07-17 2713 1428.287 0 0
2026-07-18 2787 1360.488 0 0
2026-07-19 2787 1358.641 0 0
2026-07-20 2789 1358.25 0 0
2026-07-21 2921 1257.437 0 0
2026-07-22 2773 1378.792 0 0
2026-07-23 2831 1325.527 0 0
2026-07-24 2939 1249.393 0 0
2026-07-25 2950 1239.479 0 0
2026-07-26 2960 1238.82 0 0
2026-07-27 2942 1249.766 0 0
2026-07-28 2871 1302.54 0 0
2026-07-29 2896 1291.699 0 0
2026-07-30 3024 1203.3 0 0
2026-07-31 2871 1311.574 0 0
2026-08-01 2867 1313.379 0 0
2026-08-02 2865 1315.131 0 0
2026-08-03 2872 1313.561 0 0
2026-08-04 2803 1368.505 0 0
2026-08-05 2792 1386.339 0 0
2026-08-06 2756 1411.31 0 0
2026-08-07 2770 1406.549 0 0
2026-08-08 2805 1387.47 0 0
2026-08-09 2806 1387.799 0 0
2026-08-10 2750 1427.821 0 0
2026-08-11 2772 1414.48 0 0
2026-08-12 2771 1412.911 0 0
2026-08-13 2697 1471.33 0 0
2026-08-14 2714 1454.186 0 0
>>>>>>> 2b550085baac25c543016ca743053a87bf115d5d
2026-08-15 2798 1396.474 0 0
2026-08-16 2799 1397.116 0 0
2026-08-17 2799 1397.116 0 0
2026-08-18 2628 1527.519 0 0
2026-08-19 2555 1583.817 0 0
2026-08-20 2728 1435.481 0 0
2026-08-21 2735 1437.311 0 0
2026-08-22 2740 1439.473 0 0
