2026-03-10 1449 2898.215 0 0
2026-03-11 1449 2911.717 13.502 0.466
2026-03-12 1456 2891.511 -20.206 -0.694
2026-03-13 1451 2880.516 -10.995 -0.38
2026-03-14 1456 2861.067 -19.449 -0.675
2026-03-15 1456 2861.067 0 0
2026-03-16 1460 2861.067 0 0
2026-03-17 1455 2871.253 10.186 0.356
2026-03-18 1460 2871.253 0 0
2026-03-19 1448 2878.195 6.942 0.242
2026-03-20 1437 2878.526 0.331 0.012
2026-03-21 1438 2886.169 7.643 0.266
2026-03-22 1438 2886.169 0 0
2026-03-23 1419 2886.169 0 0
2026-03-24 1418 2896.536 10.367 0.359
2026-03-25 1431 2894.524 -2.012 -0.069
2026-03-27 1422 2894.524 0 0
2026-03-28 1427 2880.184 -14.34 -0.495
2026-03-29 1426 2880.184 0 0
2026-03-30 1415 2880.184 0 0
2026-03-31 1421 2866.315 -13.869 -0.482
2026-04-01 1424 2880.516 14.201 0.495
2026-04-02 1414 2905.963 25.447 0.883
2026-04-03 1424 2887.836 -18.127 -0.624
2026-04-04 1424 2887.836 0 0
2026-04-05 1424 2887.836 0 0
2026-04-06 1423 2887.836 0 0
2026-04-07 1419 2885.503 -2.333 -0.081
2026-04-08 1438 2885.503 0 0
2026-04-09 1420 2923.635 38.132 1.322
2026-04-10 1433 2921.243 -2.392 -0.082
2026-04-11 1432 2932.207 10.964 0.375
2026-04-12 1432 2932.207 0 0
2026-04-13 1430 2932.207 0 0
2026-04-14 1430 2927.743 -4.464 -0.152
2026-04-15 1430 2952.291 24.548 0.838
2026-04-16 1429 2949.504 -2.787 -0.094
2026-04-17 1442 2942.908 -6.596 -0.224
2026-04-18 1439 2953.337 10.429 0.354
2026-04-19 1439 2953.337 0 0
2026-04-20 1435 2953.337 0 0
2026-04-21 1443 2942.908 -10.429 -0.353
2026-04-22 1442 2938.066 -4.842 -0.165
2026-04-23 1438 2929.459 -8.607 -0.293
2026-04-24 1435 2927.743 -1.716 -0.059
2026-04-25 1437 2926.372 -1.371 -0.047
2026-04-26 1437 2926.372 0 0
2026-04-27 1437 2926.372 0 0
2026-04-28 1433 2933.928 7.556 0.258
2026-04-29 1437 2925.345 -8.583 -0.293
2026-04-30 1433 2925.003 -0.342 -0.012
2026-05-01 1434 2932.551 7.548 0.258
2026-05-02 1431 2941.869 9.318 0.318
2026-05-04 1430 2941.869 0 0
2026-05-05 1442 2927.058 -14.811 -0.503
2026-05-06 1446 2927.058 0 0
2026-05-07 1451 2939.102 12.044 0.411
2026-05-08 1450 2944.294 5.192 0.177
2026-05-09 1450 2943.601 -0.693 -0.024
2026-05-10 1450 2943.601 0 0
2026-05-11 1452 2943.601 0 0
2026-05-12 1447 2944.988 1.387 0.047
2026-05-13 1451 2933.928 -11.06 -0.376
2026-05-14 1452 2927.058 -6.87 -0.234
2026-05-15 1453 2919.879 -7.179 -0.245
2026-05-16 1455 2907.653 -12.226 -0.419
2026-05-17 1455 2907.653 0 0
2026-05-18 1455 2907.653 0 0
2026-05-19 1453 2910.361 2.708 0.093
2026-05-20 1459 2899.223 -11.138 -0.383
2026-05-21 1455 2904.95 5.727 0.198
2026-05-22 1458 2904.95 0 0
2026-05-23 1463 2899.559 -5.391 -0.186
2026-05-24 1463 2899.559 0 0
2026-05-26 1457 2899.559 0 0
2026-05-27 1450 2905.963 6.404 0.221
2026-05-28 1452 2906.639 0.676 0.023
2026-05-29 1453 2911.717 5.078 0.175
2026-05-31 1453 2917.493 5.776 0.198
2026-06-01 1455 2917.493 0 0
2026-06-02 1458 2904.275 -13.218 -0.453
2026-06-03 1443 2911.039 6.764 0.233
2026-06-04 1447 2902.926 -8.113 -0.279
2026-06-05 1443 2907.653 4.727 0.163
2026-06-06 1447 2889.839 -17.814 -0.613
2026-06-07 1447 2889.839 0 0
2026-06-08 1436 2889.839 0 0
2026-06-09 1443 2885.503 -4.336 -0.15
2026-06-10 1440 2890.508 5.005 0.173
2026-06-11 1439 2888.17 -2.338 -0.081
2026-06-12 1451 2879.521 -8.649 -0.299
2026-06-13 1444 2893.519 13.998 0.486
2026-06-15 1450 2893.519 0 0
2026-06-16 1450 2901.915 8.396 0.29
2026-06-17 1448 2901.915 0 0
2026-06-18 1451 2897.207 -4.708 -0.162
2026-06-19 1462 2871.583 -25.624 -0.884
2026-06-20 1462 2871.583 0 0
2026-06-21 1462 2871.583 0 0
2026-06-23 1465 2861.394 -10.189 -0.355
2026-06-24 1465 2845.76 -15.634 -0.546
2026-06-25 1465 2835.11 -10.65 -0.374
2026-06-26 1466 2844.141 9.031 0.319
2026-06-27 1465 2848.678 4.537 0.16
2026-06-28 1465 2848.678 0 0
2026-06-29 1467 2848.678 0 0
2026-06-30 1469 2855.511 6.833 0.24
2026-07-01 1476 2858.123 2.612 0.091
2026-07-02 1475 2848.354 -9.769 -0.342
2026-07-03 1472 2860.739 12.385 0.435
2026-07-04 1472 2860.739 0 0
2026-07-05 1472 2860.739 0 0
2026-07-06 1469 2860.739 0 0
2026-07-07 1465 2854.533 -6.206 -0.217
2026-07-08 1450 2858.45 3.917 0.137
2026-07-09 1459 2851.603 -6.847 -0.24
2026-07-10 1450 2858.123 6.52 0.229
2026-07-11 1453 2855.837 -2.286 -0.08
2026-07-12 1453 2855.837 0 0
2026-07-13 1453 2855.837 0 0
2026-07-14 1457 2851.277 -4.56 -0.16
2026-07-15 1459 2861.067 9.79 0.343
2026-07-16 1460 2859.103 -1.964 -0.069
2026-07-17 1446 2860.739 1.636 0.057
2026-07-18 1446 2860.085 -0.654 -0.023
2026-07-19 1446 2860.085 0 0
2026-07-20 1449 2860.085 0 0
2026-07-21 1455 2851.603 -8.482 -0.297
2026-07-22 1453 2851.277 -0.326 -0.011
2026-07-23 1456 2852.579 1.302 0.046
2026-07-24 1454 2842.847 -9.732 -0.341
2026-07-25 1454 2844.788 1.941 0.068
2026-07-26 1454 2844.788 0 0
2026-07-27 1456 2844.788 0 0
2026-07-28 1455 2842.847 -1.941 -0.068
2026-07-29 1456 2846.408 3.561 0.125
2026-07-30 1458 2845.436 -0.972 -0.034
2026-07-31 1442 2875.877 30.441 1.07
2026-08-01 1443 2876.539 0.662 0.023
2026-08-02 1443 2876.539 0 0
2026-08-03 1453 2876.539 0 0
2026-08-04 1462 2878.526 1.987 0.069
2026-08-05 1461 2880.848 2.322 0.081
2026-08-06 1461 2888.17 7.322 0.254
2026-08-07 1475 2883.839 -4.331 -0.15
2026-08-08 1470 2888.504 4.665 0.162
2026-08-09 1470 2888.504 0 0
2026-08-10 1477 2888.504 0 0
2026-08-11 1465 2888.504 0 0
2026-08-12 1472 2885.503 -3.001 -0.104
2026-08-13 1471 2885.503 0 0
2026-08-15 1469 2895.194 9.691 0.336
2026-08-16 1468 2895.194 0 0
2026-08-17 1465 2895.194 0 0
2026-08-18 1459 2896.871 1.677 0.058
2026-08-19 1457 2895.529 -1.342 -0.046
2026-08-20 1458 2915.792 20.263 0.7
2026-08-21 1459 2920.902 5.11 0.175
2026-08-23 1459 2918.174 -2.728 -0.093
2026-08-24 1452 2918.174 0 0
2026-08-25 1455 2916.472 -1.702 -0.058
2026-08-26 1454 2917.493 1.021 0.035
2026-08-27 1462 2911.378 -6.115 -0.21
2026-08-28 1454 2911.378 0 0
2026-08-29 1457 2905.288 -6.09 -0.209
2026-08-30 1457 2905.288 0 0
2026-08-31 1465 2905.288 0 0
2026-09-01 1462 2905.288 0 0
2026-09-02 1458 2903.938 0 0
2026-09-03 1462 2898.887 0 0
2026-09-04 1463 2898.215 0 0
2026-09-05 1463 2904.95 0 0
