2026-05-27 3356 1026.499 0 0
2026-05-28 3238 1100.472 73.973 7.206
2026-05-29 3090 1192.042 91.57 8.321
2026-05-31 3086 1192.393 0.351 0.029
2026-06-01 3078 1196.022 3.629 0.304
2026-06-02 2936 1283.703 87.681 7.331
2026-06-03 2981 1245.006 -38.697 -3.014
2026-06-04 3080 1184.304 -60.702 -4.876
2026-06-05 3119 1154.306 -29.998 -2.533
2026-06-06 3111 1154.603 0.297 0.026
2026-06-07 3111 1154.603 0 0
2026-06-08 3134 1133.533 -21.07 -1.825
2026-06-09 3042 1185.801 52.268 4.611
2026-06-10 3118 1139.731 -46.07 -3.885
2026-06-11 3112 1144.487 4.756 0.417
2026-06-12 3152 1130.95 -13.537 -1.183
2026-06-13 3154 1131.885 0.935 0.083
2026-06-15 3101 1176.667 44.782 3.956
2026-06-16 3058 1199.42 22.753 1.934
2026-06-17 3067 1188.994 -10.426 -0.869
2026-06-18 3091 1175.688 -13.306 -1.119
2026-06-19 3092 1175.169 -0.519 -0.044
2026-06-20 3092 1175.169 0 0
2026-06-21 3092 1175.169 0 0
2026-06-23 3152 1128.942 -46.227 -3.934
2026-06-24 3153 1125.87 -3.072 -0.272
2026-06-25 3122 1144.289 18.419 1.636
2026-06-26 3174 1103.788 -40.501 -3.539
2026-06-27 3176 1103.621 -0.167 -0.015
2026-06-28 3176 1103.621 0 0
2026-06-29 3287 1037.675 -65.946 -5.975
2026-06-30 3248 1066.729 29.054 2.8
2026-07-01 3256 1066.134 -0.595 -0.056
2026-07-02 3321 1027.662 -38.472 -3.609
2026-07-03 3346 1013.005 -14.657 -1.426
2026-07-04 3346 1013.005 0 0
2026-07-05 3346 1013.005 0 0
2026-07-06 3352 1007.563 -5.442 -0.537
2026-07-07 3348 1007.369 -0.194 -0.019
2026-07-08 3278 1051.861 44.492 4.417
2026-07-09 3237 1076.839 24.978 2.375
2026-07-10 3247 1077.457 0.618 0.057
2026-07-11 3252 1077.952 0.495 0.046
2026-07-12 3252 1077.952 0 0
2026-07-13 3321 1027.043 -50.909 -4.723
2026-07-14 3310 1034.83 7.787 0.758
2026-07-15 3298 1047.995 13.165 1.272
2026-07-16 3350 1011.588 -36.407 -3.474
2026-07-17  979.272 -32.316 -3.195
2026-07-22 3295 1036.16 56.888 5.809
2026-07-23 3278 1047.7 11.54 1.114
2026-07-24 3282 1036.968 -10.732 -1.024
2026-07-25 3281 1036.71 -0.258 -0.025
2026-07-26 3281 1036.71 0 0
2026-07-27 3269 1058.798 22.088 2.131
2026-07-28 3327 1015.863 -42.935 -4.055
2026-07-29 3327 1013.711 -2.152 -0.212
2026-07-30 3338 1003.41 -10.301 -1.016
2026-07-31 3315 1027.749 24.339 2.426
2026-08-01 3318 1028.413 0.664 0.065
2026-08-02 3318 1028.413 0 0
2026-08-03 3214 1099.622 71.209 6.924
2026-08-04 3259 1082.944 -16.678 -1.517
2026-08-05 3214 1109.981 27.037 2.497
2026-08-06 3213 1114.066 4.085 0.368
2026-08-07 3135 1163.686 49.62 4.454
2026-08-08 3135 1163.688 0.002 0
2026-08-09 3135 1163.688 0 0
2026-08-10 3036 1226.605 62.917 5.407
2026-08-11 3012 1243.105 16.5 1.345
2026-08-12 3014 1237.282 -5.823 -0.468
2026-08-13 2818 1378.985 141.703 11.453
2026-08-15 2899 1322.063 -56.922 -4.128
2026-08-16 2899 1322.063 0 0
2026-08-17 2877 1339.312 17.249 1.305
2026-08-18 2933 1298.32 -40.992 -3.061
2026-08-19 2998 1247.912 -50.408 -3.883
2026-08-20 3020 1229.375 -18.537 -1.485
2026-08-21 2984 1262.099 32.724 2.662
2026-08-23 2986 1262.602 0.503 0.04
2026-08-24 3005 1246.592 -16.01 -1.268
2026-08-25 2981 1264.655 18.063 1.449
2026-08-26 2978 1268.475 3.82 0.302
2026-08-27 2933 1305.382 36.907 2.91
2026-08-28 2982 1271.7 -33.682 -2.58
2026-08-29 2983 1271.615 -0.085 -0.007
2026-08-30 2983 1271.615 0 0
2026-08-31 2954 1282.975 11.36 0.893
2026-09-01 2970 1272.858 0 0
2026-09-02 2928 1292.814 0 0
