2026-04-10 3347 1016.242 0 0
2026-04-11 3353 1016.242 0 0
2026-04-12 3353 1016.242 0 0
2026-04-13 3309 1045.125 28.883 2.842
2026-04-14 3274 1079.25 34.125 3.265
2026-04-15 3281 1082.526 3.276 0.304
2026-04-16 3291 1079.632 -2.894 -0.267
2026-04-17 3317 1062.925 -16.707 -1.547
2026-04-18 3317 1062.925 0 0
2026-04-19 3317 1062.925 0 0
2026-04-20 3329 1055.554 -7.371 -0.693
2026-04-21 3328 1051.186 -4.368 -0.414
2026-04-22 3332 1046.326 -4.86 -0.462
2026-04-23 3340 1033.441 -12.885 -1.231
2026-04-24 3346 1025.742 -7.699 -0.745
2026-04-25 3349 1025.742 0 0
2026-04-26 3349 1025.742 0 0
2026-04-27 3324 1042.723 16.981 1.655
2026-04-28 3335 1028.472 -14.251 -1.367
2026-04-29 3343 1022.193 -6.279 -0.611
2026-04-30 3337 1025.96 3.767 0.369
2026-05-01 3324 1037.426 11.466 1.118
2026-05-02 3324 1037.426 0 0
2026-05-04 3346 1020.391 -17.035 -1.642
2026-05-05 3345 1021.483 1.092 0.107
2026-05-06 3351 1022.684 1.201 0.118
2026-05-07 3359 1028.417 5.733 0.561
2026-05-08 3354 1036.334 7.917 0.77
2026-05-09 3353 1036.334 0 0
2026-05-10 3353 1036.334 0 0
<<<<<<< HEAD
2026-05-11 3355 1029.236 -7.098 -0.685
2026-05-12 3344 1034.15 4.914 0.477
2026-05-13 3343 1037.153 3.003 0.29
2026-05-14 3309 1063.471 26.318 2.538
2026-05-15 3321 1046.654 -16.817 -1.581
2026-05-16 3322 1046.654 0 0
2026-05-17 3322 1046.654 0 0
2026-05-18 3314 1048.565 1.911 0.183
2026-05-19 3333 1031.748 -16.817 -1.604
2026-05-20 3329 1039.883 8.135 0.788
2026-05-21 3333 1039.883 0 0
2026-05-22 3326 1046.818 6.935 0.667
2026-05-23 3329 1046.818 0 0
2026-05-24 3329 1046.818 0 0
2026-05-26 3362 1025.524 -21.294 -2.034
2026-05-27 3343 1034.587 9.063 0.884
2026-05-28 3325 1041.958 7.371 0.712
2026-05-29 3346 1026.834 -15.124 -1.451
2026-05-31 3352 1026.834 0 0
2026-06-01 3321 1045.125 18.291 1.781
2026-06-02 3316 1048.019 2.894 0.277
2026-06-03 3319 1037.426 -10.593 -1.011
2026-06-04 3288 1066.31 28.884 2.784
2026-06-05 3293 1050.421 -15.889 -1.49
2026-06-06 3290 1050.421 0 0
2026-06-07 3290 1050.421 0 0
2026-06-08 3274 1050.803 0.382 0.036
2026-06-09 3238 1076.52 25.717 2.447
2026-06-10 3272 1050.585 -25.935 -2.409
2026-06-11 3290 1032.676 -17.909 -1.705
2026-06-12 3320 1023.94 -8.736 -0.846
2026-06-13 3326 1023.94 0 0
2026-06-15 3301 1045.78 21.84 2.133
2026-06-16 3289 1061.177 15.397 1.472
2026-06-17 3307 1038.355 -22.822 -2.151
2026-06-18 3304 1040.866 2.511 0.242
2026-06-19 3305 1040.866 0 0
2026-06-20 3305 1040.866 0 0
2026-06-21 3305 1040.866 0 0
2026-06-23 3295 1039.447 -1.419 -0.136
2026-06-24 3307 1028.308 -11.139 -1.072
2026-06-25 3307 1024.049 -4.259 -0.414
2026-06-26 3312 1019.9 -4.149 -0.405
2026-06-27 3319 1019.9 0 0
2026-06-28 3319 1019.9 0 0
2026-06-29  983.755 -36.145 -3.544
2026-07-01 3296 1043.323 59.568 6.055
2026-07-02 3239 1081.925 38.602 3.7
2026-07-03 3243 1081.925 0 0
2026-07-04 3243 1081.925 0 0
2026-07-05 3243 1081.925 0 0
2026-07-06 3176 1131.229 49.304 4.557
2026-07-07 3184 1112.338 -18.891 -1.67
2026-07-08 3288 1043.76 -68.578 -6.165
2026-07-09 3271 1058.72 14.96 1.433
2026-07-10 3296 1048.783 -9.937 -0.939
2026-07-11 3301 1048.783 0 0
2026-07-12 3301 1048.783 0 0
2026-07-13 3285 1049.93 1.147 0.109
2026-07-14 3225 1091.262 41.332 3.937
2026-07-15 3191 1112.338 21.076 1.931
2026-07-16 3200 1105.021 -7.317 -0.658
2026-07-17 3179 1101.745 -3.276 -0.296
2026-07-18 3176 1101.745 0 0
2026-07-19 3175 1101.745 0 0
2026-07-20 3198 1089.515 -12.23 -1.11
2026-07-21 3175 1103.602 14.087 1.293
2026-07-22 3210 1088.75 -14.852 -1.346
2026-07-23 3214 1088.532 -0.218 -0.02
2026-07-24 3155 1115.122 26.59 2.443
2026-07-25 3155 1115.122 0 0
2026-07-26 3155 1115.122 0 0
2026-07-27 3162 1113.757 -1.365 -0.122
2026-07-28 3128 1137.836 24.079 2.162
2026-07-29 3209 1093.337 -44.499 -3.911
2026-07-30 3180 1106.823 13.486 1.233
2026-07-31 3188 1110.973 4.15 0.375
2026-08-01 3191 1110.973 0 0
2026-08-02 3191 1110.973 0 0
2026-08-03 3178 1123.148 12.175 1.096
2026-08-04 3182 1126.97 3.822 0.34
2026-08-05 3164 1142.095 15.125 1.342
2026-08-06 3175 1135.215 -6.88 -0.602
2026-08-07 3196 1127.516 -7.699 -0.678
2026-08-08 3199 1127.516 0 0
2026-08-09 3199 1127.516 0 0
2026-08-10 3225 1116.706 -10.81 -0.959
2026-08-11 3172 1148.647 31.941 2.86
2026-08-12 3208 1123.421 -25.226 -2.196
2026-08-13 3127 1168.576 45.155 4.019
=======
2026-05-11 3350 1036.334 0 0
2026-05-12 3353 1029.236 0 0
2026-05-13 3344 1034.15 0 0
2026-05-14 3335 1037.153 0 0
2026-05-15 3309 1063.471 0 0
2026-05-16 3321 1046.654 0 0
2026-05-17 3322 1046.654 0 0
2026-05-18 3314 1046.654 0 0
2026-05-19 3314 1048.565 0 0
2026-05-20 3330 1031.748 0 0
2026-05-21 3332 1039.883 0 0
2026-05-22 3329 1042.723 0 0
2026-05-23 3326 1046.818 0 0
2026-05-24 3329 1046.818 0 0
2026-05-25 3333 1046.818 0 0
2026-05-26 3330 1046.818 0 0
2026-05-27 3356 1025.524 0 0
2026-05-28 3340 1034.587 0 0
2026-05-29 3324 1041.958 0 0
2026-05-30 3346 1026.834 0 0
2026-05-31 3352 1026.834 0 0
2026-06-01 3353 1026.834 0 0
2026-06-02 3316 1045.125 0 0
2026-06-03 3315 1048.019 0 0
2026-06-04 3318 1037.426 0 0
2026-06-05 3286 1066.31 0 0
2026-06-06 3293 1050.421 0 0
2026-06-07 3290 1050.421 0 0
2026-06-09 3275 1050.803 0 0
2026-06-10 3235 1076.52 0 0
2026-06-11 3267 1050.585 0 0
2026-06-12 3296 1032.676 0 0
2026-06-13 3320 1023.94 0 0
2026-06-14 3326 1023.94 0 0
2026-06-16 3297 1045.78 0 0
2026-06-17 3286 1061.177 0 0
2026-06-18 3305 1038.355 0 0
2026-06-19 3305 1040.866 0 0
2026-06-20 3305 1040.866 0 0
2026-06-21 3305 1040.866 0 0
2026-06-22 3304 1040.866 0 0
2026-06-23 3308 1035.843 0 0
2026-06-24 3292 1039.447 0 0
2026-06-25 3304 1028.308 0 0
2026-06-26 3304 1024.049 0 0
2026-06-27 3312 1019.9 0 0
2026-06-28 3319 1019.9 0 0
2026-06-29 3318 1019.9 0 0
2026-06-30 3359 983.755 0 0
2026-07-02 3294 1043.323 0 0
2026-07-03 3240 1081.925 0 0
2026-07-04 3243 1081.925 0 0
2026-07-05 3243 1081.925 0 0
2026-07-06 3245 1081.925 0 0
2026-07-07 3168 1131.229 0 0
2026-07-08 3183 1112.338 0 0
2026-07-09 3286 1043.76 0 0
2026-07-10 3277 1058.72 0 0
2026-07-11 3296 1048.783 0 0
2026-07-12 3301 1048.783 0 0
2026-07-13 3296 1048.783 0 0
2026-07-14 3282 1049.93 0 0
2026-07-15 3223 1091.262 0 0
2026-07-16 3187 1112.338 0 0
2026-07-17 3191 1105.021 0 0
2026-07-18 3179 1101.745 0 0
2026-07-19 3176 1101.745 0 0
2026-07-20 3180 1101.745 0 0
2026-07-21 3202 1089.515 0 0
2026-07-22 3177 1103.602 0 0
2026-07-23 3218 1088.75 0 0
2026-07-24 3198 1088.532 0 0
2026-07-25 3155 1115.122 0 0
2026-07-26 3155 1115.122 0 0
2026-07-27 3158 1115.122 0 0
2026-07-28 3160 1113.757 0 0
2026-07-29 3131 1137.836 0 0
2026-07-30 3206 1093.337 0 0
2026-07-31 3190 1106.823 0 0
2026-08-01 3188 1110.973 0 0
2026-08-02 3191 1110.973 0 0
2026-08-03 3196 1110.973 0 0
2026-08-04 3184 1123.148 0 0
2026-08-05 3190 1126.97 0 0
2026-08-06 3161 1142.095 0 0
2026-08-07 3175 1135.215 0 0
2026-08-08 3196 1127.516 0 0
2026-08-09 3199 1127.516 0 0
2026-08-10 3200 1127.516 0 0
2026-08-11 3224 1116.706 0 0
2026-08-12 3176 1148.647 0 0
2026-08-13 3205 1123.421 0 0
2026-08-14 3131 1168.576 0 0
>>>>>>> 2b550085baac25c543016ca743053a87bf115d5d
2026-08-15 3172 1144.006 0 0
2026-08-16 3172 1144.006 0 0
2026-08-17 3171 1144.006 0 0
2026-08-18 3199 1125.442 0 0
2026-08-19 3209 1118.671 0 0
2026-08-20 3182 1136.525 0 0
2026-08-21 3204 1124.513 0 0
2026-08-22 3171 1147.282 0 0
