2026-03-10 2484 1602.606 0 0
2026-03-11 2497 1598.576 -4.03 -0.251
2026-03-12 2498 1589.233 -9.343 -0.584
2026-03-13 2466 1601.874 12.641 0.795
2026-03-14 2460 1601.874 0 0
2026-03-15 2460 1601.874 0 0
2026-03-16 2441 1615.43 13.556 0.846
2026-03-17 2455 1608.011 -7.419 -0.459
2026-03-18 2471 1591.706 -16.305 -1.014
2026-03-19 2455 1592.714 1.008 0.063
2026-03-20 2457 1582.363 -10.351 -0.65
2026-03-21 2454 1582.363 0 0
2026-03-22 2454 1582.363 0 0
2026-03-23 2441 1588.866 6.503 0.411
2026-03-24 2429 1598.576 9.71 0.611
2026-03-25 2447 1596.836 -1.74 -0.109
2026-03-27 2473 1574.943 -21.893 -1.371
2026-03-28 2464 1574.943 0 0
2026-03-29 2461 1574.943 0 0
2026-03-30 2445 1591.523 16.58 1.053
2026-03-31 2434 1594.454 2.931 0.184
2026-04-01 2464 1581.813 -12.641 -0.793
2026-04-02 2456 1595.004 13.191 0.834
2026-04-03 2447 1595.004 0 0
2026-04-04 2447 1595.004 0 0
2026-04-05 2447 1595.004 0 0
2026-04-06 2438 1603.064 8.06 0.505
2026-04-07 2431 1613.14 10.076 0.629
2026-04-08 2434 1638.697 25.557 1.584
2026-04-09 2427 1648.956 10.259 0.626
2026-04-10 2455 1631.644 -17.312 -1.05
2026-04-11 2455 1631.644 0 0
2026-04-12 2454 1631.644 0 0
2026-04-13 2433 1646.116 14.472 0.887
2026-04-14 2450 1641.811 -4.305 -0.262
2026-04-15 2465 1643.826 2.015 0.123
2026-04-16 2464 1652.528 8.702 0.529
2026-04-17 2464 1668.833 16.305 0.987
2026-04-18 2463 1668.833 0 0
2026-04-19 2463 1668.833 0 0
2026-04-20 2474 1656.284 -12.549 -0.752
2026-04-21 2468 1661.322 5.038 0.304
2026-04-22 2462 1668.467 7.145 0.43
2026-04-23 2437 1681.382 12.915 0.774
2026-04-24 2441 1670.665 -10.717 -0.637
2026-04-25 2441 1670.665 0 0
2026-04-26 2441 1670.665 0 0
2026-04-27 2426 1686.054 15.389 0.921
2026-04-28 2420 1686.787 0.733 0.043
2026-04-29 2445 1663.154 -23.633 -1.401
2026-04-30 2435 1678.36 15.206 0.914
2026-05-01 2446 1668.833 -9.527 -0.568
2026-05-02 2448 1668.833 0 0
2026-05-04 2456 1661.688 -7.145 -0.428
2026-05-05 2445 1679.642 17.954 1.08
2026-05-06 2454 1666.543 -13.099 -0.78
2026-05-07 2457 1684.772 18.229 1.094
2026-05-08 2441 1699.977 15.205 0.902
2026-05-09 2439 1699.977 0 0
2026-05-10 2439 1699.977 0 0
2026-05-11 2449 1694.298 -5.679 -0.334
2026-05-12 2403 1718.755 24.457 1.443
2026-05-13 2424 1699.061 -19.694 -1.146
2026-05-14 2428 1690.451 -8.61 -0.507
2026-05-15 2428 1685.596 -4.855 -0.287
2026-05-16 2424 1685.596 0 0
2026-05-17 2424 1685.596 0 0
2026-05-18 2391 1708.771 23.175 1.375
2026-05-19 2393 1716.099 7.328 0.429
2026-05-20 2378 1729.839 13.74 0.801
2026-05-21 2374 1729.839 0 0
2026-05-22 2397 1712.435 -17.404 -1.006
2026-05-23 2396 1712.435 0 0
2026-05-24 2396 1712.435 0 0
2026-05-26 2402 1717.29 4.855 0.284
2026-05-27 2420 1696.954 -20.336 -1.184
2026-05-28 2438 1671.215 -25.739 -1.517
2026-05-29 2424 1684.955 13.74 0.822
2026-05-31 2425 1684.955 0 0
2026-06-01 2421 1690.359 5.404 0.321
2026-06-02 2416 1688.71 -1.649 -0.098
2026-06-03 2423 1673.138 -15.572 -0.922
2026-06-04 2420 1680.558 7.42 0.443
2026-06-05 2369 1716.465 35.907 2.137
2026-06-06 2372 1716.465 0 0
2026-06-07 2372 1716.465 0 0
2026-06-08 2365 1712.526 -3.939 -0.229
2026-06-09 2371 1713.168 0.642 0.037
2026-06-10 2370 1715.641 2.473 0.144
2026-06-11 2392 1695.122 -20.519 -1.196
2026-06-12 2374 1711.519 16.397 0.967
2026-06-13 2379 1711.519 0 0
2026-06-15 2399 1712.435 0.916 0.054
2026-06-16 2386 1726.908 14.473 0.845
2026-06-17 2396 1715.824 -11.084 -0.642
2026-06-18 2376 1727.457 11.633 0.678
2026-06-19 2362 1727.457 0 0
2026-06-20 2362 1727.457 0 0
2026-06-21 2362 1727.457 0 0
2026-06-23 2316 1762.357 34.9 2.02
2026-06-24 2309 1767.028 4.671 0.265
2026-06-25 2336 1740.739 -26.289 -1.488
2026-06-26 2306 1771.425 30.686 1.763
2026-06-27 2306 1771.425 0 0
2026-06-28 2306 1771.425 0 0
2026-06-29 2313 1768.952 -2.473 -0.14
2026-06-30 2327 1763.639 -5.313 -0.3
2026-07-01 2314 1781.226 17.587 0.997
2026-07-02 2302 1798.997 17.771 0.998
2026-07-03 2310 1798.997 0 0
2026-07-04 2310 1798.997 0 0
2026-07-05 2310 1798.997 0 0
2026-07-06 2297 1804.859 5.862 0.326
2026-07-07 2288 1802.294 -2.565 -0.142
2026-07-08 2293 1795.699 -6.595 -0.366
2026-07-09 2305 1792.676 -3.023 -0.168
2026-07-10 2305 1787.822 -4.854 -0.271
2026-07-11 2306 1787.822 0 0
2026-07-12 2306 1787.822 0 0
2026-07-13 2286 1797.898 10.076 0.564
2026-07-14 2309 1774.265 -23.633 -1.314
2026-07-15 2345 1751.182 -23.083 -1.301
2026-07-16 2315 1771.608 20.426 1.166
2026-07-17 2313 1760.25 -11.358 -0.641
2026-07-18 2311 1760.25 0 0
2026-07-19 2310 1760.25 0 0
2026-07-20 2313 1760.708 0.458 0.026
2026-07-21 2327 1755.853 -4.855 -0.276
2026-07-22 2355 1728.098 -27.755 -1.581
2026-07-23 2327 1753.014 24.916 1.442
2026-07-24 2294 1769.685 16.671 0.951
2026-07-25 2297 1769.685 0 0
2026-07-26 2297 1769.685 0 0
2026-07-27 2301 1780.127 10.442 0.59
2026-07-28 2290 1790.112 9.985 0.561
2026-07-29 2307 1779.669 -10.443 -0.583
2026-07-30 2317 1764.647 -15.022 -0.844
2026-07-31 2322 1768.219 3.572 0.202
2026-08-01 2324 1768.219 0 0
2026-08-02 2324 1768.219 0 0
2026-08-03 2329 1769.502 1.283 0.073
2026-08-04 2343 1763.456 -6.046 -0.342
2026-08-05 2326 1791.028 27.572 1.564
2026-08-06 2343 1771.15 -19.878 -1.11
2026-08-07 2340 1790.02 18.87 1.065
2026-08-08 2341 1790.02 0 0
2026-08-09 2340 1790.02 0 0
2026-08-10 2362 1766.57 -23.45 -1.31
2026-08-11 2367 1755.762 -10.808 -0.612
2026-08-12 2371 1753.563 -2.199 -0.125
2026-08-13 2381 1748.067 -5.496 -0.313
2026-08-15 2384 1752.281 4.214 0.241
2026-08-16 2383 1752.281 0 0
2026-08-17 2375 1761.441 9.16 0.523
2026-08-18 2377 1760.891 -0.55 -0.031
2026-08-19 2382 1742.48 -18.411 -1.046
2026-08-20 2397 1738.449 -4.031 -0.231
2026-08-21 2379 1755.212 16.763 0.964
2026-08-23 2380 1755.212 0 0
2026-08-24 2369 1760.525 5.313 0.303
2026-08-25 2392 1744.037 -16.488 -0.937
2026-08-26 2393 1749.441 5.404 0.31
2026-08-27 2424 1727.182 -22.259 -1.272
2026-08-28 2414 1730.205 3.023 0.175
2026-08-29 2418 1730.205 0 0
2026-08-30 2418 1730.205 0 0
2026-08-31 2433 1720.954 -9.251 -0.535
2026-09-01 2435 1720.954 0 0
