2026-07-10 1974 2099.944 0 0
2026-07-11 1974 2099.944 0 0
2026-07-12 1974 2099.944 0 0
2026-07-13 2064 1997.441 -102.503 -4.881
2026-07-14 2074 1989.504 -7.937 -0.397
2026-07-15 2296 1795.474 -194.03 -9.753
2026-07-16 2329 1760.686 -34.788 -1.938
2026-07-17 2396 1686.21 -74.476 -4.23
2026-07-18 2395 1686.21 0 0
2026-07-19 2394 1686.21 0 0
2026-07-20 2354 1725.604 39.394 2.336
2026-07-21 2015 2036.149 310.545 17.996
2026-07-22 2004 2048.203 12.054 0.592
2026-07-23 1905 2148.157 99.954 4.88
2026-07-24 2110 1943.544 -204.613 -9.525
2026-07-25 2110 1943.544 0 0
2026-07-26 2110 1943.544 0 0
2026-07-27 2231 1840.552 -102.992 -5.299
2026-07-28 2187 1880.828 40.276 2.188
2026-07-29 2441 1652.206 -228.622 -12.155
2026-07-30 2072 1982.252 330.046 19.976
2026-07-31 2142 1939.527 -42.725 -2.155
2026-08-01 2141 1939.527 0 0
2026-08-02 2141 1939.527 0 0
2026-08-03 1935 2147.863 208.336 10.742
2026-08-04 1885 2218.224 70.361 3.276
2026-08-05 2001 2092.3 -125.924 -5.677
2026-08-06 2016 2062.902 -29.398 -1.405
2026-08-07 1897 2214.108 151.206 7.33
2026-08-08 1897 2214.108 0 0
2026-08-09 1897 2214.108 0 0
2026-08-10 1877 2246.25 32.142 1.452
2026-08-11 1820 2292.798 46.548 2.072
2026-08-12 1644 2560.324 267.526 11.668
2026-08-13 1867 2256.05 -304.274 -11.884
2026-08-15 1958 2138.162 -117.888 -5.225
2026-08-16 1957 2138.162 0 0
2026-08-17 1712 2461.545 323.383 15.124
2026-08-18 1954 2148.255 -313.29 -12.727
2026-08-19 1991 2105.922 -42.333 -1.971
2026-08-20 2048 2048.693 -57.229 -2.718
2026-08-21 2205 1914.244 -134.449 -6.563
2026-08-23 2206 1914.244 0 0
2026-08-24 2319 1809.389 -104.855 -5.478
2026-08-25 2341 1794.543 -14.846 -0.82
2026-08-26 2355 1777.247 -17.296 -0.964
2026-08-27 2316 1821.541 44.294 2.492
2026-08-28 2396 1747.163 -74.378 -4.083
2026-08-29 2399 1747.163 0 0
2026-08-30 2399 1747.163 0 0
2026-08-31 2347 1797.728 50.565 2.894
2026-09-01 2351 1797.728 0 0
