<<<<<<< HEAD
2026-05-07 2659 1500 0 0
2026-05-08 2664 1500 0 0
2026-05-09 2664 1500 0 0
2026-05-10 2664 1500 0 0
2026-05-11 2670 1500 0 0
2026-05-12 2655 1500 0 0
2026-05-13 2648 1500 0 0
2026-05-14 2640 1500 0 0
2026-05-15 2635 1500 0 0
2026-05-16 2632 1500 0 0
2026-05-17 2632 1500 0 0
2026-05-18 2627 1500 0 0
=======
2026-05-08 2657 1500.0 0 0
2026-05-09 2665 1500.0 0 0
2026-05-10 2665 1500.0 0 0
2026-05-11 2672 1500.0 0 0
2026-05-12 2666 1500.0 0 0
2026-05-13 2651 1500.0 0 0
2026-05-14 2636 1500.0 0 0
2026-05-15 2649 1500.0 0 0
2026-05-16 2636 1500.0 0 0
2026-05-17 2633 1500.0 0 0
2026-05-18 2637 1500.0 0 0
2026-05-19 2630 1500.0 0 0
>>>>>>> 2b550085baac25c543016ca743053a87bf115d5d
