2025-04-02 1434 2563.038 0 0
2025-04-03 1578 2287.312 -275.726 -10.758
2025-04-04 1568 2292.017 4.705 0.206
2025-04-05 1555 2310.157 18.14 0.791
2025-04-06 1555 2310.157 0 0
2025-04-07 1759 1969.209 -340.948 -14.759
2025-04-08 1819 1893.071 -76.138 -3.866
2025-04-09 1742 1996.314 103.243 5.454
2025-04-10 1684 2078.758 82.444 4.13
2025-04-11 1602 2222.724 143.966 6.926
2025-04-12 1616 2225.396 2.672 0.12
2025-04-13 1616 2225.396 0 0
2025-04-14 1621 2225.045 -0.351 -0.016
2025-04-15 1526 2373.867 148.822 6.688
2025-04-16 1570 2293.474 -80.393 -3.387
2025-04-17 1564 2311.768 18.294 0.798
2025-04-18 1463 2478.383 166.615 7.207
2025-04-19 1463 2476.648 -1.735 -0.07
2025-04-20 1463 2476.648 0 0
2025-04-21 1385 2628.98 152.332 6.151
2025-04-22 1495 2429.152 -199.828 -7.601
2025-04-23 1515 2411.907 -17.245 -0.71
2025-04-24 1554 2355.009 -56.898 -2.359
2025-04-25 1511 2435.378 80.369 3.413
2025-04-26 1509 2437.352 1.974 0.081
2025-04-27 1509 2437.352 0 0
2025-04-28 1528 2405.631 -31.721 -1.301
2025-04-29 1581 2327.141 -78.49 -3.263
2025-04-30 1598 2299.808 -27.333 -1.175
2025-05-01 1595 2299.766 -0.042 -0.002
2025-05-02 1599 2297.4 -2.366 -0.103
2025-05-03 1603 2291.721 -5.679 -0.247
2025-05-04 1603 2291.721 0 0
2025-05-05 1611 2291.721 0 0
2025-05-06 1481 2505.388 213.667 9.323
2025-05-07 1514 2456.394 -48.994 -1.956
2025-05-08 1467 2544.123 87.729 3.571
2025-05-09 1519 2448.534 -95.589 -3.757
2025-05-10 1521 2445.168 -3.366 -0.137
2025-05-11 1521 2445.168 0 0
2025-05-12 1471 2543.659 98.491 4.028
2025-05-13 1488 2520.823 -22.836 -0.898
2025-05-14 1460 2582.053 61.23 2.429
2025-05-15 1535 2430.774 -151.279 -5.859
2025-05-16 1542 2432.526 1.752 0.072
2025-05-17 1541 2433.202 0.676 0.028
2025-05-18 1541 2433.202 0 0
2025-05-19 1552 2398.635 -34.567 -1.421
2025-05-20 1480 2535.6 136.965 5.71
2025-05-21 1500 2504.547 -31.053 -1.225
2025-05-22 1540 2413.569 -90.978 -3.633
2025-05-23 1546 2393.184 -20.385 -0.845
2025-05-24 1544 2396.181 2.997 0.125
2025-05-25 1539 2401.362 5.181 0.216
2025-05-26 1461 2562.392 161.03 6.706
2025-05-27 1468 2555.251 -7.141 -0.279
2025-05-28 1413 2666.6 111.349 4.358
2025-05-29 1393 2703.922 37.322 1.4
2025-05-30 1362 2779.456 75.534 2.793
2025-05-31 1362 2778.19 -1.266 -0.046
2025-06-01 1362 2778.19 0 0
2025-06-02 1362 2778.19 0 0
2025-06-03 1391 2725.993 -52.197 -1.879
2025-06-04 1361 2789.682 63.689 2.336
2025-06-05 1156 3294.931 505.249 18.111
2025-06-06 1174 3269.509 -25.422 -0.772
2025-06-07 1170 3265.591 -3.918 -0.12
2025-06-08 1170 3265.591 0 0
2025-06-09 1161 3287.031 21.44 0.657
2025-06-10 1116 3423.962 136.931 4.166
2025-06-11 1098 3500.945 76.983 2.248
2025-06-12 1101 3471.509 -29.436 -0.841
2025-06-13 1108 3439.259 -32.25 -0.929
2025-06-14 1101 3444.309 5.05 0.147
2025-06-15 1099 3444.309 0 0
2025-06-16 1029 3687.044 242.735 7.047
2025-06-17 1034 3654.615 -32.429 -0.88
2025-06-18 977 3867.861 213.246 5.835
2025-06-19 965 3867.612 -0.249 -0.006
2025-06-20 1006 3743.855 -123.757 -3.2
2025-06-21 1003 3746.93 3.075 0.082
2025-06-22 1003 3746.93 0 0
2025-06-23 1005 3731.205 -15.725 -0.42
2025-06-24 979 3845.542 114.337 3.064
2025-06-25 933 4071.55 226.008 5.877
2025-06-26 890 4274.311 202.761 4.98
2025-06-27 861 4419.832 145.521 3.405
2025-06-28 862 4417.357 -2.475 -0.056
2025-06-29 862 4417.357 0 0
2025-06-30 841 4484.683 67.326 1.524
2025-07-01 823 4600.234 115.551 2.577
2025-07-02 845 4495.109 -105.125 -2.285
2025-07-03 797 4778.955 283.846 6.315
2025-07-04 776 4913.336 134.381 2.812
2025-07-05 776 4909.708 -3.628 -0.074
2025-07-06 776 4909.708 0 0
2025-07-07 785 4835.139 -74.569 -1.519
2025-07-08 721 5292.668 457.529 9.463
2025-07-09 749 5133.592 -159.076 -3.006
2025-07-10 785 4852.926 -280.666 -5.467
2025-07-11 784 4853.118 0.192 0.004
2025-07-12 782 4859.12 6.002 0.124
2025-07-13 782 4859.12 0 0
2025-07-14 785 4834.06 -25.06 -0.516
2025-07-15 684 5539.507 705.447 14.593
2025-07-16 736 5214.771 -324.736 -5.862
2025-07-17 643 5741.821 527.05 10.107
2025-07-18 697 5458.204 -283.617 -4.939
2025-07-19 698 5459.855 1.651 0.03
2025-07-20 698 5459.855 0 0
2025-07-21 725 5308.54 -151.315 -2.771
2025-07-22 753 5138.497 -170.043 -3.203
2025-07-23 754 5143.356 4.859 0.095
2025-07-24 749 5208.402 65.046 1.265
2025-07-25 745 5240.302 31.9 0.612
2025-07-26 745 5227.66 -12.642 -0.241
2025-07-27 745 5227.66 0 0
2025-07-28 602 6203.321 975.661 18.663
2025-07-29 569 6430.347 227.026 3.66
2025-07-30 560 6528.819 98.472 1.531
2025-07-31 555 6522.49 -6.329 -0.097
2025-08-01 556 6487.422 -35.068 -0.538
2025-08-02 558 6476.864 -10.558 -0.163
2025-08-03 558 6476.864 0 0
2025-08-04 575 6376.467 -100.397 -1.55
2025-08-05 569 6402.992 26.525 0.416
2025-08-06 541 6720.962 317.97 4.966
2025-08-07 560 6503.418 -217.544 -3.237
2025-08-08 555 6540.12 36.702 0.564
2025-08-09 557 6532.252 -7.868 -0.12
2025-08-10 557 6532.252 0 0
2025-08-11 522 6892.545 360.293 5.516
2025-08-12 469 7409.348 516.803 7.498
2025-08-13 401 8147.56 738.212 9.963
2025-08-14 439 7724.98 -422.58 -5.187
2025-08-15 421 7906.773 181.793 2.353
2025-08-16 424 7898.341 -8.432 -0.107
2025-08-17 423 7898.341 0 0
2025-08-18 422 7936.589 38.248 0.484
2025-08-19 416 8042.427 105.838 1.334
2025-08-20 453 7679.941 -362.486 -4.507
2025-08-21 484 7386.108 -293.833 -3.826
2025-08-22 467 7529.115 143.007 1.936
2025-08-23 470 7519.94 -9.175 -0.122
2025-08-24 470 7519.94 0 0
2025-08-25 413 8227.857 707.917 9.414
2025-08-26 468 7581.442 -646.415 -7.856
2025-08-27 483 7412.892 -168.55 -2.223
2025-08-28 368 8933.427 1520.535 20.512
2025-08-29 348 9261.155 327.728 3.669
2025-08-30 348 9271.934 10.779 0.116
2025-08-31 345 9271.934 0 0
2025-09-01 339 9382.793 110.859 1.196
2025-09-02 334 9387.472 4.679 0.05
2025-09-03 344 9361.59 -25.882 -0.276
2025-09-04 397 8504.602 -856.988 -9.154
2025-09-05 287 10281.03 1776.428 20.888
2025-09-06 289 10286.04 5.01 0.049
2025-09-07 289 10286.04 0 0
2025-09-08 341 9480.374 -805.666 -7.833
2025-09-09 372 8987.318 -493.056 -5.201
2025-09-10 300 10118.461 1131.143 12.586
2025-09-11 242 11826.502 1708.041 16.88
2025-09-12 241 11877.572 51.07 0.432
2025-09-13 241 11880.573 3.001 0.025
2025-09-14 241 11880.573 0 0
2025-09-15 247 11519.397 -361.176 -3.04
2025-09-16 239 12146.668 627.271 5.445
2025-09-17 246 11685.214 -461.454 -3.799
2025-09-18 254 11329.855 -355.359 -3.041
2025-09-19 261 11125.807 -204.048 -1.801
2025-09-20 260 11115.486 -10.321 -0.093
2025-09-21 260 11115.486 0 0
2025-09-22 281 10518.291 -597.195 -5.373
2025-09-23 283 10471.517 -46.774 -0.445
2025-09-24 300 10260.966 -210.551 -2.011
2025-09-25 313 9989.848 -271.118 -2.642
2025-09-26 335 9532.883 -456.965 -4.574
2025-09-27 335 9520.59 -12.293 -0.129
2025-09-28 335 9520.59 0 0
2025-09-29 328 9694.676 174.086 1.829
2025-09-30 337 9543.076 -151.6 -1.564
2025-10-01 337 9545.087 2.011 0.021
2025-10-02 337 9545.087 0 0
2025-10-03 337 9545.087 0 0
2025-10-04 338 9545.087 0 0
2025-10-05 338 9545.087 0 0
2025-10-06 336 9545.087 0 0
2025-10-07 339 9545.087 0 0
2025-10-08 339 9545.087 0 0
2025-10-09 336 9543.794 -1.293 -0.014
2025-10-10 377 8911.174 -632.62 -6.629
2025-10-11 377 8913.802 2.628 0.029
2025-10-12 377 8913.802 0 0
2025-10-13 391 8662.591 -251.211 -2.818
2025-10-14 403 8417.086 -245.505 -2.834
2025-10-15 375 8915.936 498.85 5.927
2025-10-16 374 8941.284 25.348 0.284
2025-10-17 387 8692.683 -248.601 -2.78
2025-10-18 387 8690.854 -1.829 -0.021
2025-10-19 388 8690.854 0 0
2025-10-20 383 8847.707 156.853 1.805
2025-10-21 349 9398.068 550.361 6.22
2025-10-22 352 9324.111 -73.957 -0.787
2025-10-23 334 9560.024 235.913 2.53
2025-10-24 301 10298.522 738.498 7.725
2025-10-25 301 10296.931 -1.591 -0.015
2025-10-26 301 10296.931 0 0
2025-10-27 259 11308.864 1011.933 9.828
2025-10-28 272 10898.207 -410.657 -3.631
2025-10-29 260 11302.101 403.894 3.706
2025-10-30 269 10967.545 -334.556 -2.96
2025-10-31 315 9830.357 -1137.188 -10.369
2025-11-01 315 9826.764 -3.593 -0.037
2025-11-02 315 9826.764 0 0
2025-11-03 312 9960.947 134.183 1.365
2025-11-04 316 9831.597 -129.35 -1.299
2025-11-05 310 9955.411 123.814 1.259
2025-11-06 282 10528.31 572.899 5.755
2025-11-07 287 10397.518 -130.792 -1.242
2025-11-08 287 10397.372 -0.146 -0.001
2025-11-09 287 10397.372 0 0
2025-11-10 303 10070.89 -326.482 -3.14
2025-11-11 321 9665.346 -405.544 -4.027
2025-11-12 324 9639.038 -26.308 -0.272
2025-11-13 320 9669.495 30.457 0.316
2025-11-14 346 9235.02 -434.475 -4.493
2025-11-15 346 9229.427 -5.593 -0.061
2025-11-16 346 9229.427 0 0
2025-11-17 333 9429.616 200.189 2.169
2025-11-18 334 9381.678 -47.938 -0.508
2025-11-19 343 9283.32 -98.358 -1.048
2025-11-20 341 9259.473 -23.847 -0.257
2025-11-21 375 8560.296 -699.177 -7.551
2025-11-22 373 8568.001 7.705 0.09
2025-11-23 373 8568.001 0 0
2025-11-24 386 8466.429 -101.572 -1.185
2025-11-25 363 8900.473 434.044 5.127
2025-11-26 347 9302.336 401.863 4.515
2025-11-27 347 9325.989 23.653 0.254
2025-11-28 356 9115.814 -210.175 -2.254
2025-11-29 356 9117.102 1.288 0.014
2025-11-30 356 9117.102 0 0
2025-12-01 358 9056.022 -61.08 -0.67
2025-12-02 354 9171.034 115.012 1.27
2025-12-03 359 9044.278 -126.756 -1.382
2025-12-04 353 9241.678 197.4 2.183
2025-12-05 359 9170.731 -70.947 -0.768
2025-12-06 359 9168.526 -2.205 -0.024
2025-12-07 359 9168.526 0 0
2025-12-08 327 9658.733 490.207 5.347
2025-12-09 283 10667.515 1008.782 10.444
2025-12-10 302 10187.1 -480.415 -4.504
2025-12-11 316 10026.29 -160.81 -1.579
2025-12-12 309 10177.484 151.194 1.508
2025-12-13 307 10181.379 3.895 0.038
2025-12-14 307 10181.379 0 0
2025-12-15 329 9711.951 -469.428 -4.611
2025-12-16 328 9689.29 -22.661 -0.233
2025-12-17 304 10257.654 568.364 5.866
2025-12-18 328 9800.264 -457.39 -4.459
2025-12-19 328 9726.789 -73.475 -0.75
2025-12-20 329 9727.617 0.828 0.009
2025-12-21 329 9727.617 0 0
2025-12-22 317 10050.673 323.056 3.321
2025-12-23 296 10389.409 338.736 3.37
2025-12-24 292 10444.892 55.483 0.534
2025-12-25 307 10143.38 -301.512 -2.887
2025-12-26 322 9896.869 -246.511 -2.43
2025-12-27 322 9908.025 11.156 0.113
2025-12-28 322 9908.025 0 0
2025-12-29 305 10143.328 235.303 2.375
2025-12-30 313 10054.885 -88.443 -0.872
2025-12-31 325 9789.419 -265.466 -2.64
2026-01-01 324 9791.52 2.101 0.021
2026-01-02 325 9791.52 0 0
2026-01-03 326 9791.52 0 0
2026-01-05 294 10529.421 737.901 7.536
2026-01-06 287 10694.118 164.697 1.564
2026-01-07 297 10473.758 -220.36 -2.061
2026-01-08 314 10054.454 -419.304 -4.003
2026-01-09 317 10039.637 -14.817 -0.147
2026-01-10 315 10037.48 -2.157 -0.021
2026-01-11 316 10037.48 0 0
2026-01-12 336 9714.668 -322.812 -3.216
2026-01-13 344 9528.492 -186.176 -1.916
2026-01-14 337 9621.067 92.575 0.972
2026-01-15 336 9663.55 42.483 0.442
2026-01-16 338 9607.192 -56.358 -0.583
2026-01-17 339 9608.294 1.102 0.011
2026-01-18 339 9608.294 0 0
2026-01-19 354 9419.832 -188.462 -1.961
2026-01-20 379 8958.413 -461.419 -4.898
2026-01-21 372 9166.772 208.359 2.326
2026-01-22 360 9404.812 238.04 2.597
2026-01-23 381 9058.308 -346.504 -3.684
2026-01-24 382 9056.617 -1.691 -0.019
2026-01-25 382 9056.617 0 0
2026-01-26 379 9095.918 39.301 0.434
2026-01-27 376 9177.667 81.749 0.899
2026-01-28 383 9068.244 -109.423 -1.192
2026-01-29 392 8862.242 -206.002 -2.272
2026-01-30 376 9095.648 233.406 2.634
2026-01-31 374 9092.768 -2.88 -0.032
2026-02-01 374 9092.768 0 0
2026-02-02 364 9189.422 96.654 1.063
2026-02-03 370 9104.133 -85.289 -0.928
2026-02-04 387 8834.078 -270.055 -2.966
2026-02-05 396 8721.409 -112.669 -1.275
2026-02-06 385 8871.429 150.02 1.72
2026-02-07 387 8872.324 0.895 0.01
2026-02-08 387 8872.324 0 0
2026-02-09 363 9322.037 449.713 5.069
2026-02-10 368 9242.906 -79.131 -0.849
2026-02-11 379 9093.943 -148.963 -1.612
2026-02-12 387 8995.356 -98.587 -1.084
2026-02-13 387 8991.263 -4.093 -0.046
2026-02-14 387 8978.904 -12.359 -0.137
2026-02-15 387 8978.904 0 0
2026-02-16 386 8978.904 0 0
2026-02-17 384 8978.904 0 0
2026-02-18 388 8978.904 0 0
2026-02-19 388 8978.904 0 0
2026-02-20 391 8978.904 0 0
2026-02-21 389 8978.904 0 0
2026-02-22 388 8978.904 0 0
2026-02-23 385 8978.904 0 0
2026-02-24 369 9237.488 258.584 2.88
2026-02-25 325 10105.463 867.975 9.396
2026-02-26 290 10891.102 785.639 7.774
2026-02-27 302 10557.976 -333.126 -3.059
2026-02-28 305 10533.644 -24.332 -0.23
2026-03-01 303 10533.644 0 0
2026-03-02 308 10508.147 -25.497 -0.242
2026-03-03 341 9818.122 -690.025 -6.567
2026-03-04 336 9886.544 68.422 0.697
2026-03-05 341 9812.376 -74.168 -0.75
2026-03-06 348 9610.069 -202.307 -2.062
2026-03-07 347 9612.577 2.508 0.026
2026-03-08 347 9612.577 0 0
2026-03-09 359 9334.179 -278.398 -2.896
2026-03-10 337 9937.802 603.623 6.467
2026-03-11 339 9863.468 -74.334 -0.748
2026-03-12 341 9722.479 -140.989 -1.429
2026-03-13 341 9639.942 -82.537 -0.849
2026-03-14 341 9601.397 -38.545 -0.4
2026-03-15 341 9601.397 0 0
2026-03-16 324 9961.927 360.53 3.755
2026-03-17 344 9664.014 -297.913 -2.991
2026-03-18 328 9985.681 321.667 3.329
2026-03-19 341 9606.483 -379.198 -3.797
2026-03-20 337 9620.093 13.61 0.142
2026-03-21 338 9646.793 26.7 0.278
2026-03-22 338 9646.793 0 0
2026-03-23 363 9068.601 -578.192 -5.994
2026-03-24 356 9191.622 123.021 1.357
2026-03-25 359 9228.197 36.575 0.398
2026-03-27 361 9083.276 -144.921 -1.57
2026-03-28 358 9053.571 -29.705 -0.327
2026-03-29 359 9053.571 0 0
2026-03-30 372 8893.148 -160.423 -1.772
2026-03-31 386 8681.243 -211.905 -2.383
2026-04-01 378 8892.114 210.871 2.429
2026-04-02 375 8933.288 41.174 0.463
2026-04-03 361 9128.614 195.326 2.186
2026-04-04 361 9128.614 0 0
2026-04-05 361 9128.614 0 0
2026-04-06 362 9128.614 0 0
2026-04-07 360 9168.652 40.038 0.439
2026-04-08 339 9869.312 700.66 7.642
2026-04-09 349 9700.076 -169.236 -1.715
2026-04-10 326 10075.69 375.614 3.872
2026-04-11 326 10086.895 11.205 0.111
2026-04-12 326 10086.895 0 0
2026-04-13 317 10368.947 282.052 2.796
2026-04-14 307 10767.318 398.371 3.842
2026-04-15 325 10303.367 -463.951 -4.309
2026-04-16 315 10572.688 269.321 2.614
2026-04-17 281 11343.358 770.67 7.289
2026-04-18 286 11331.893 -11.465 -0.101
2026-04-19 286 11331.893 0 0
2026-04-20 260 11890.502 558.609 4.93
2026-04-21 279 11494.45 -396.052 -3.331
2026-04-22 264 11901.395 406.945 3.54
2026-04-23 272 11526.144 -375.251 -3.153
2026-04-24 298 10955.777 -570.367 -4.948
2026-04-25 298 10954.655 -1.122 -0.01
2026-04-26 298 10954.655 0 0
2026-04-27 293 11015.569 60.914 0.556
2026-04-28 297 10886.236 -129.333 -1.174
2026-04-29 267 11566.292 680.056 6.247
2026-04-30 282 11390.622 -175.67 -1.519
2026-05-01 280 11389.956 -0.666 -0.006
2026-05-02 279 11389.956 0 0
2026-05-04 283 11389.956 0 0
2026-05-05 287 11303.456 -86.5 -0.759
2026-05-06 287 11303.456 0 0
2026-05-07 268 11744.71 441.254 3.904
2026-05-08 247 12463.942 719.232 6.124
2026-05-09 247 12463.392 -0.55 -0.004
2026-05-10 247 12463.392 0 0
2026-05-11 233 13125.481 662.089 5.312
2026-05-12 236 13042.735 -82.746 -0.63
2026-05-13 222 13449.856 407.121 3.121
2026-05-14 258 12354.407 -1095.449 -8.145
2026-05-15 266 11866.719 -487.688 -3.947
2026-05-16 265 11834.458 -32.261 -0.272
2026-05-17 265 11834.458 0 0
2026-05-18 257 12036.577 202.119 1.708
2026-05-19 265 11736.676 -299.901 -2.492
2026-05-20 265 11632.867 -103.809 -0.884
2026-05-21 266 11628.936 -3.931 -0.034
2026-05-22 235 13024.596 1395.66 12.002
2026-05-23 237 13046.448 21.852 0.168
2026-05-24 237 13046.448 0 0
2026-05-26 218 13637.129 590.681 4.528
2026-05-27 229 13189.442 -447.687 -3.283
2026-05-28 233 13064.867 -124.575 -0.945
2026-05-29 239 12837.761 -227.106 -1.738
2026-05-31 240 12859.572 21.811 0.17
2026-06-01 266 11970.304 -889.268 -6.915
2026-06-02 261 12205.123 234.819 1.962
2026-06-03 254 12358.833 153.71 1.259
2026-06-04 249 12790.282 431.449 3.491
2026-06-05 269 11839.428 -950.854 -7.434
2026-06-06 268 11849.045 9.617 0.081
2026-06-07 268 11849.045 0 0
2026-06-08 293 11030.395 -818.65 -6.909
2026-06-09 265 11948.679 918.284 8.325
2026-06-10 273 11556.578 -392.101 -3.282
2026-06-11 280 11381.752 -174.826 -1.513
2026-06-12 281 11440.797 59.045 0.519
2026-06-13 283 11468.039 27.242 0.238
2026-06-15 264 12056.187 588.148 5.129
2026-06-16 257 12437.415 381.228 3.162
2026-06-17 253 12648.568 211.153 1.698
2026-06-18 248 12898.178 249.61 1.973
2026-06-19 247 12888.45 -9.728 -0.075
2026-06-20 247 12888.45 0 0
2026-06-21 247 12888.45 0 0
2026-06-23 266 11816.018 -1072.432 -8.321
2026-06-24 259 11974.98 158.962 1.345
2026-06-25 258 12171.316 196.336 1.64
2026-06-26 284 11145 -1026.316 -8.432
2026-06-27 285 11143.034 -1.966 -0.018
2026-06-28 285 11143.034 0 0
2026-06-29 296 11001.662 -141.372 -1.269
2026-06-30 260 12065.272 1063.61 9.668
2026-07-01 286 11415.613 -649.659 -5.385
2026-07-02 320 10698.5 -717.113 -6.282
2026-07-03 316 10776.637 78.137 0.73
2026-07-04 316 10776.637 0 0
2026-07-05 316 10776.637 0 0
2026-07-06 339 10258.123 -518.514 -4.811
2026-07-07 346 9983.261 -274.862 -2.679
2026-07-08 356 9800.83 -182.431 -1.827
2026-07-09 329 10371.748 570.918 5.825
2026-07-10 365 9544.387 -827.361 -7.977
2026-07-11 365 9565.648 21.261 0.223
2026-07-12 366 9565.648 0 0
2026-07-13 362 9599.917 34.269 0.358
2026-07-14 340 10181.388 581.471 6.057
2026-07-15 358 9728.644 -452.744 -4.447
2026-07-16 364 9539.898 -188.746 -1.94
2026-07-17 420 8544.26 -995.638 -10.437
2026-07-18 420 8532.661 -11.599 -0.136
2026-07-19 420 8532.661 0 0
2026-07-20 462 7942.483 -590.178 -6.917
2026-07-21 423 8504.345 561.862 7.074
2026-07-22 421 8508.512 4.167 0.049
2026-07-23 426 8449.181 -59.331 -0.697
2026-07-24 444 8150.533 -298.648 -3.535
2026-07-25 445 8146.202 -4.331 -0.053
2026-07-26 445 8146.202 0 0
2026-07-27 429 8439.89 293.688 3.605
2026-07-28 531 7480.325 -959.565 -11.369
2026-07-29 548 7189.278 -291.047 -3.891
2026-07-30 616 6468.393 -720.885 -10.027
2026-07-31 582 6819.066 350.673 5.421
2026-08-01 581 6828.161 9.095 0.133
2026-08-02 581 6828.161 0 0
2026-08-03 589 6790.666 -37.495 -0.549
2026-08-04 554 7209.478 418.812 6.167
2026-08-05 446 8387.585 1178.107 16.341
2026-08-06 416 8862.184 474.599 5.658
2026-08-07 362 9884.414 1022.23 11.535
2026-08-08 363 9886.757 2.343 0.024
2026-08-09 363 9886.757 0 0
2026-08-10 350 10084.41 197.653 1.999
2026-08-11 368 9693.534 -390.876 -3.876
2026-08-12 362 9864.123 170.589 1.76
2026-08-13 372 9589.145 -274.978 -2.788
2026-08-15 372 9526.349 -62.796 -0.655
2026-08-16 372 9526.349 0 0
2026-08-17 365 9753.89 227.541 2.389
2026-08-18 372 9534.252 -219.638 -2.252
2026-08-19 429 8708.544 -825.708 -8.66
2026-08-20 410 8990.353 281.809 3.236
2026-08-21 407 9018.724 28.371 0.316
2026-08-23 408 9023.287 4.563 0.051
2026-08-24 431 8724.176 -299.111 -3.315
2026-08-25 432 8719.812 -4.364 -0.05
2026-08-26 417 8873.222 153.41 1.759
2026-08-27 392 9341.904 468.682 5.282
2026-08-28 434 8729.304 -612.6 -6.558
2026-08-29 434 8728.654 -0.65 -0.007
2026-08-30 434 8728.654 0 0
2026-08-31 431 8781.504 52.85 0.605
2026-09-01 450 8470.583 0 0
2026-09-02 463 8220.329 0 0
