2025-04-02 2952 1020 0 0
2025-04-03 2931 1020 0 0
2025-04-04 2921 1020 0 0
2025-04-05 2915 1020 0 0
2025-04-06 2914 1020 0 0
2025-04-07 2862 1020 0 0
2025-04-08 2852 1020 0 0
2025-04-09 2857 1020 0 0
2025-04-10 2871 1020 0 0
2025-04-11 2883 1020 0 0
2025-04-12 2898 1020 0 0
2025-04-13 2898 1020 0 0
2025-04-14 2903 1020 0 0
2025-04-15 2911 1020 0 0
2025-04-16 2902 1020 0 0
2025-04-17 2907 1020 0 0
2025-04-18 2910 1020 0 0
2025-04-19 2910 1020 0 0
2025-04-20 2910 1020 0 0
2025-04-21 2904 1020 0 0
2025-04-22 2907 1020 0 0
2025-04-23 2914 1020 0 0
2025-04-24 2928 1020 0 0
2025-04-25 2928 1020 0 0
2025-04-26 2931 1020 0 0
2025-04-27 2931 1020 0 0
2025-04-28 2930 1020 0 0
2025-04-29 2933 1020 0 0
2025-04-30 2938 1020 0 0
2025-05-01 2947 1020 0 0
2025-05-02 2949 1020 0 0
2025-05-03 2952 1020 0 0
2025-05-04 2952 1020 0 0
2025-05-05 2955 1020 0 0
2025-05-06 2956 1020 0 0
2025-05-07 2964 1020 0 0
2025-05-08 2961 1020 0 0
2025-05-09 2962 1020 0 0
2025-05-10 2969 1020 0 0
2025-05-11 2969 1020 0 0
2025-05-12 2974 1020 0 0
2025-05-13 2975 1020 0 0
2025-05-14 2979 1020 0 0
2025-05-15 2972 1020 0 0
2025-05-16 2975 1020 0 0
2025-05-17 2976 1020 0 0
2025-05-18 2976 1020 0 0
2025-05-19 2975 1020 0 0
2025-05-20 2977 1020 0 0
2025-05-21 2985 1020 0 0
2025-05-22 2980 1020 0 0
2025-05-23 2972 1020 0 0
2025-05-24 2972 1020 0 0
2025-05-25 2976 1020 0 0
2025-05-26 2980 1020 0 0
2025-05-27 2983 1020 0 0
2025-05-28 2980 1020 0 0
2025-05-29 2985 1020 0 0
2025-05-30 2979 1020 0 0
2025-05-31 2977 1020 0 0
2025-06-01 2976 1020 0 0
2025-06-02 2979 1020 0 0
2025-06-03 2984 1020 0 0
2025-06-04 2983 1020 0 0
2025-06-05 2986 1020 0 0
2025-06-06 2992 1020 0 0
2025-06-07 2991 1020 0 0
2025-06-08 2991 1020 0 0
2025-06-09 2998 1020 0 0
2025-06-10 2999 1020 0 0
2025-06-11 3000 1020 0 0
2025-06-12 3003 1020 0 0
2025-06-13 2994 1020 0 0
2025-06-14 2990 1020 0 0
2025-06-15 2989 1020 0 0
2025-06-16 2987 1020 0 0
2025-06-17 2989 1020 0 0
2025-06-18 2987 1020 0 0
2025-06-19 2977 1020 0 0
2025-06-20 2973 1020 0 0
2025-06-21 2969 1020 0 0
2025-06-22 2969 1020 0 0
2025-06-23 2971 1020 0 0
2025-06-24 2981 1020 0 0
2025-06-25 2998 1020 0 0
2025-06-26 2998 1020 0 0
2025-06-27 3008 1020 0 0
2025-06-28 3009 1020 0 0
2025-06-29 3008 1020 0 0
2025-06-30 3012 1020 0 0
2025-07-01 3018 1020 0 0
2025-07-02 3024 1020 0 0
2025-07-03 3025 1020 0 0
2025-07-04 3026 1020 0 0
2025-07-05 3026 1020 0 0
2025-07-06 3026 1020 0 0
2025-07-07 3021 1020 0 0
2025-07-08 3027 1020 0 0
2025-07-09 3028 1020 0 0
2025-07-10 3031 1020 0 0
2025-07-11 3031 1020 0 0
2025-07-12 3031 1020 0 0
2025-07-13 3031 1020 0 0
2025-07-14 3034 1020 0 0
2025-07-15 3033 1020 0 0
2025-07-16 3034 1020 0 0
2025-07-17 3039 1020 0 0
2025-07-18 3033 1020 0 0
2025-07-19 3034 1020 0 0
2025-07-20 3034 1020 0 0
2025-07-21 3039 1020 0 0
2025-07-22 3045 1020 0 0
2025-07-23 3048 1020 0 0
2025-07-24 3046 1020 0 0
2025-07-25 3043 1020 0 0
2025-07-26 3043 1020 0 0
2025-07-27 3043 1020 0 0
2025-07-28 3046 1020 0 0
2025-07-29 3043 1020 0 0
2025-07-30 3036 1020 0 0
2025-07-31 3033 1020 0 0
2025-08-01 3025 1020 0 0
2025-08-02 3029 1020 0 0
2025-08-03 3029 1020 0 0
2025-08-04 3027 1020 0 0
2025-08-05 3035 1020 0 0
2025-08-06 3043 1020 0 0
2025-08-07 3046 1020 0 0
2025-08-08 3043 1020 0 0
2025-08-09 3047 1020 0 0
2025-08-10 3046 1020 0 0
2025-08-11 3049 1020 0 0
2025-08-12 3051 1020 0 0
2025-08-13 3060 1020 0 0
2025-08-14 3065 1020 0 0
2025-08-15 3071 1020 0 0
2025-08-16 3072 1020 0 0
2025-08-17 3073 1020 0 0
2025-08-18 3076 1020 0 0
2025-08-19 3073 1020 0 0
2025-08-20 3069 1020 0 0
2025-08-21 3068 1020 0 0
2025-08-22 3075 1020 0 0
2025-08-23 3081 1020 0 0
2025-08-24 3081 1020 0 0
2025-08-25 3082 1020 0 0
2025-08-26 3084 1020 0 0
2025-08-27 3072 1020 0 0
2025-08-28 3075 1020 0 0
2025-08-29 3081 1020 0 0
2025-08-30 3084 1020 0 0
2025-08-31 3084 1020 0 0
2025-09-01 3083 1020 0 0
2025-09-02 3075 1020 0 0
2025-09-03 3069 1020 0 0
2025-09-04 3065 1020 0 0
2025-09-05 3070 1020 0 0
2025-09-06 3079 1020 0 0
2025-09-07 3079 1020 0 0
2025-09-08 3083 1020 0 0
2025-09-09 3075 1020 0 0
2025-09-10 3073 1020 0 0
2025-09-11 3085 1020 0 0
2025-09-12 3088 1020 0 0
2025-09-13 3092 1020 0 0
2025-09-14 3091 1020 0 0
2025-09-15 3089 1020 0 0
2025-09-16 3095 1020 0 0
2025-09-17 3106 1020 0 0
2025-09-18 3105 1020 0 0
2025-09-19 3104 1020 0 0
2025-09-20 3103 1020 0 0
2025-09-21 3102 1020 0 0
2025-09-22 3096 1020 0 0
2025-09-23 3098 1020 0 0
2025-09-24 248 11500 10480 1027.451
2025-09-25 248 11500 0 0
2025-09-26 249 11500 0 0
2025-09-27 248 11500 0 0
2025-09-28 248 11500 0 0
2025-09-29 249 11500 0 0
2025-09-30 250 11500 0 0
2025-10-01 249 11500 0 0
2025-10-02 252 11500 0 0
2025-10-03 252 11500 0 0
2025-10-04 253 11500 0 0
2025-10-05 253 11500 0 0
2025-10-06 251 11500 0 0
2025-10-07 252 11500 0 0
2025-10-08 253 11500 0 0
2025-10-09 254 11500 0 0
2025-10-10 246 11500 0 0
2025-10-11 244 11500 0 0
2025-10-12 244 11500 0 0
2025-10-13 244 11500 0 0
2025-10-14 245 11500 0 0
2025-10-15 245 11500 0 0
2025-10-16 248 11500 0 0
2025-10-17 249 11500 0 0
2025-10-18 250 11500 0 0
2025-10-19 250 11500 0 0
2025-10-20 249 11500 0 0
2025-10-21 250 11500 0 0
2025-10-22 251 11500 0 0
2025-10-23 250 11500 0 0
2025-10-24 253 11500 0 0
2025-10-25 253 11500 0 0
2025-10-26 253 11500 0 0
2025-10-27 254 11500 0 0
2025-10-28 253 11500 0 0
2025-10-29 254 11500 0 0
2025-10-30 250 11500 0 0
2025-10-31 249 11500 0 0
2025-11-01 249 11500 0 0
2025-11-02 249 11500 0 0
2025-11-03 252 11500 0 0
2025-11-04 248 11500 0 0
2025-11-05 248 11500 0 0
2025-11-06 250 11500 0 0
2025-11-07 250 11500 0 0
2025-11-08 250 11500 0 0
2025-11-09 250 11500 0 0
2025-11-10 253 11500 0 0
2025-11-11 251 11500 0 0
2025-11-12 252 11500 0 0
2025-11-13 252 11500 0 0
2025-11-14 250 11500 0 0
2025-11-15 250 11500 0 0
2025-11-16 250 11500 0 0
2025-11-17 248 11500 0 0
2025-11-18 245 11500 0 0
2025-11-19 245 11500 0 0
2025-11-20 246 11500 0 0
2025-11-21 241 11500 0 0
2025-11-22 241 11500 0 0
2025-11-23 241 11500 0 0
2025-11-24 244 11500 0 0
2025-11-25 248 11500 0 0
2025-11-26 249 11500 0 0
2025-11-27 249 11500 0 0
2025-11-28 251 11500 0 0
2025-11-29 251 11500 0 0
2025-11-30 251 11500 0 0
2025-12-01 250 11500 0 0
2025-12-02 252 11500 0 0
2025-12-03 251 11500 0 0
2025-12-04 253 11500 0 0
2025-12-05 254 11500 0 0
2025-12-06 255 11500 0 0
2025-12-07 255 11500 0 0
2025-12-08 254 11500 0 0
2025-12-09 253 11500 0 0
2025-12-10 255 11500 0 0
2025-12-11 257 11500 0 0
2025-12-12 255 11500 0 0
2025-12-13 255 11500 0 0
2025-12-14 255 11500 0 0
2025-12-15 254 11500 0 0
2025-12-16 254 11500 0 0
2025-12-17 254 11500 0 0
2025-12-18 254 11500 0 0
2025-12-19 252 11500 0 0
2025-12-20 253 11500 0 0
2025-12-21 253 11500 0 0
2025-12-22 257 11500 0 0
2025-12-23 255 11500 0 0
2025-12-24 255 11500 0 0
2025-12-25 257 11500 0 0
2025-12-26 258 11500 0 0
2025-12-27 258 11500 0 0
2025-12-28 258 11500 0 0
2025-12-29 258 11500 0 0
2025-12-30 257 11500 0 0
2025-12-31 256 11500 0 0
2026-01-01 256 11500 0 0
2026-01-02 255 11500 0 0
2026-01-03 256 11500 0 0
2026-01-05 259 11500 0 0
2026-01-06 259 11500 0 0
2026-01-07 257 11500 0 0
2026-01-08 258 11500 0 0
2026-01-09 258 11500 0 0
2026-01-10 259 11500 0 0
2026-01-11 259 11500 0 0
2026-01-12 258 11500 0 0
2026-01-13 256 11500 0 0
2026-01-14 254 11500 0 0
2026-01-15 255 11500 0 0
2026-01-16 257 11500 0 0
2026-01-17 257 11500 0 0
2026-01-18 257 11500 0 0
2026-01-19 259 11500 0 0
2026-01-20 256 11500 0 0
2026-01-21 258 11500 0 0
2026-01-22 259 11500 0 0
2026-01-23 259 11500 0 0
2026-01-24 260 11500 0 0
2026-01-25 260 11500 0 0
2026-01-26 258 11500 0 0
2026-01-27 262 11500 0 0
2026-01-28 263 11500 0 0
2026-01-29 257 11500 0 0
2026-01-30 258 11500 0 0
2026-01-31 255 11500 0 0
2026-02-01 255 11500 0 0
2026-02-02 255 11500 0 0
2026-02-03 252 11500 0 0
2026-02-04 250 11500 0 0
2026-02-05 250 11500 0 0
2026-02-06 250 11500 0 0
2026-02-07 250 11500 0 0
2026-02-08 250 11500 0 0
2026-02-09 253 11500 0 0
2026-02-10 258 11500 0 0
2026-02-11 257 11500 0 0
2026-02-12 259 11500 0 0
2026-02-13 257 11500 0 0
2026-02-14 255 11500 0 0
2026-02-15 255 11500 0 0
2026-02-16 256 11500 0 0
2026-02-17 257 11500 0 0
2026-02-18 258 11500 0 0
2026-02-19 258 11500 0 0
2026-02-20 260 11500 0 0
2026-02-21 263 11500 0 0
2026-02-22 263 11500 0 0
2026-02-23 264 11500 0 0
2026-02-24 266 11500 0 0
2026-02-25 263 11500 0 0
2026-02-26 267 11500 0 0
2026-02-27 266 11500 0 0
2026-02-28 270 11500 0 0
2026-03-01 270 11500 0 0
2026-03-02 269 11500 0 0
2026-03-03 263 11500 0 0
2026-03-04 262 11500 0 0
2026-03-05 267 11500 0 0
2026-03-06 266 11500 0 0
2026-03-07 266 11500 0 0
2026-03-08 266 11500 0 0
2026-03-09 263 11500 0 0
2026-03-10 266 11500 0 0
2026-03-11 264 11500 0 0
2026-03-12 261 11500 0 0
2026-03-13 261 11500 0 0
2026-03-14 261 11500 0 0
2026-03-15 261 11500 0 0
2026-03-16 260 11500 0 0
2026-03-17 264 11500 0 0
2026-03-18 267 11500 0 0
2026-03-19 259 11500 0 0
2026-03-20 257 11500 0 0
2026-03-21 257 11500 0 0
2026-03-22 257 11500 0 0
2026-03-23 256 11500 0 0
2026-03-24 256 11500 0 0
2026-03-25 260 11500 0 0
2026-03-27 258 11500 0 0
2026-03-28 258 11500 0 0
2026-03-29 258 11500 0 0
2026-03-30 259 11500 0 0
2026-03-31 260 11500 0 0
2026-04-01 262 11500 0 0
2026-04-02 256 11500 0 0
2026-04-03 260 11500 0 0
2026-04-04 260 11500 0 0
2026-04-05 260 11500 0 0
2026-04-06 261 11500 0 0
2026-04-07 261 11500 0 0
2026-04-08 267 11500 0 0
2026-04-09 269 11500 0 0
2026-04-10 271 11500 0 0
2026-04-11 271 11500 0 0
2026-04-12 271 11500 0 0
2026-04-13 272 11500 0 0
2026-04-14 272 11500 0 0
2026-04-15 273 11500 0 0
2026-04-16 271 11500 0 0
2026-04-17 276 11500 0 0
2026-04-18 278 11500 0 0
2026-04-19 278 11500 0 0
2026-04-20 279 11500 0 0
2026-04-21 278 11500 0 0
2026-04-22 274 11500 0 0
2026-04-23 273 11500 0 0
2026-04-24 274 11500 0 0
2026-04-25 277 11500 0 0
2026-04-26 277 11500 0 0
2026-04-27 276 11500 0 0
2026-04-28 274 11500 0 0
2026-04-29 276 11500 0 0
2026-04-30 279 11500 0 0
2026-05-01 276 11500 0 0
2026-05-02 276 11500 0 0
2026-05-04 277 11500 0 0
2026-05-05 281 11500 0 0
2026-05-06 282 11500 0 0
2026-05-07 285 11500 0 0
2026-05-08 282 11500 0 0
2026-05-09 282 11500 0 0
2026-05-10 282 11500 0 0
2026-05-11 284 11500 0 0
2026-05-12 278 11500 0 0
2026-05-13 283 11500 0 0
2026-05-14 277 11500 0 0
2026-05-15 271 11500 0 0
2026-05-16 271 11500 0 0
2026-05-17 271 11500 0 0
2026-05-18 271 11500 0 0
2026-05-19 270 11500 0 0
2026-05-20 271 11500 0 0
2026-05-21 271 11500 0 0
2026-05-22 275 11500 0 0
2026-05-23 276 11500 0 0
2026-05-24 276 11500 0 0
2026-05-26 274 11500 0 0
2026-05-27 276 11500 0 0
2026-05-28 273 11500 0 0
2026-05-29 274 11500 0 0
2026-05-31 274 11500 0 0
2026-06-01 273 11500 0 0
2026-06-02 279 11500 0 0
2026-06-03 279 11500 0 0
2026-06-04 280 11500 0 0
2026-06-05 277 11500 0 0
2026-06-06 277 11500 0 0
2026-06-07 277 11500 0 0
2026-06-08 273 11500 0 0
2026-06-09 280 11500 0 0
2026-06-10 277 11500 0 0
2026-06-11 275 11500 0 0
2026-06-12 279 11500 0 0
2026-06-13 282 11500 0 0
2026-06-15 283 11500 0 0
2026-06-16 282 11500 0 0
2026-06-17 280 11500 0 0
2026-06-18 282 11500 0 0
2026-06-19 282 11500 0 0
2026-06-20 282 11500 0 0
2026-06-21 282 11500 0 0
2026-06-23 274 11500 0 0
2026-06-24 272 11500 0 0
2026-06-25 274 11500 0 0
2026-06-26 270 11500 0 0
2026-06-27 271 11500 0 0
2026-06-28 271 11500 0 0
2026-06-29 275 11500 0 0
2026-06-30 281 11500 0 0
2026-07-01 282 11500 0 0
2026-07-02 279 11500 0 0
2026-07-03 283 11500 0 0
2026-07-04 283 11500 0 0
2026-07-05 283 11500 0 0
2026-07-06 282 11500 0 0
2026-07-07 281 11500 0 0
2026-07-08 280 11500 0 0
2026-07-09 280 11500 0 0
2026-07-10 280 11500 0 0
2026-07-11 281 11500 0 0
2026-07-12 281 11500 0 0
2026-07-13 278 11500 0 0
2026-07-14 273 11500 0 0
2026-07-15 279 11500 0 0
2026-07-16 54 38010 26510 230.522
2026-07-17 54 38010 0 0
2026-07-18 51 39454.719 1444.719 3.801
2026-07-19 51 39454.719 0 0
2026-07-20 51 39454.719 0 0
2026-07-21 51 39521.57 66.851 0.169
2026-07-22 51 39520.319 -1.251 -0.003
2026-07-23 50 39473.441 -46.878 -0.119
2026-07-24 50 39495.304 21.863 0.055
2026-07-25 50 39472.817 -22.487 -0.057
2026-07-26 50 39472.817 0 0
2026-07-27 51 39472.817 0 0
2026-07-28 51 39514.688 41.871 0.106
2026-07-29 51 39515.939 1.251 0.003
2026-07-30 51 39524.699 8.76 0.022
2026-07-31 51 39582.984 58.285 0.147
2026-08-01 51 39639.541 56.557 0.143
2026-08-02 51 39639.541 0 0
2026-08-03 52 39639.541 0 0
2026-08-04 52 39596.795 -42.746 -0.108
2026-08-05 54 39604.96 8.165 0.021
2026-08-06 51 39626.96 22 0.056
2026-08-07 52 39619.415 -7.545 -0.019
2026-08-08 52 39629.475 10.06 0.025
2026-08-09 52 39629.475 0 0
2026-08-10 52 39629.475 0 0
2026-08-11 52 39629.475 0 0
2026-08-12 52 39650.871 21.396 0.054
2026-08-13 52 39654.649 3.778 0.01
2026-08-15 52 39674.178 19.529 0.049
2026-08-16 52 39674.178 0 0
2026-08-17 52 39674.178 0 0
2026-08-18 51 39698.774 24.596 0.062
2026-08-19 51 39670.397 -28.377 -0.071
2026-08-20 51 39701.298 30.901 0.078
2026-08-21 51 39788.566 87.268 0.22
2026-08-23 51 39810.122 21.556 0.054
2026-08-24 50 39810.122 0 0
2026-08-25 50 39790.467 -19.655 -0.049
2026-08-26 52 39796.172 5.705 0.014
2026-08-27 51 39810.122 13.95 0.035
2026-08-28 50 39814.563 4.441 0.011
2026-08-29 51 39811.391 -3.172 -0.008
2026-08-30 51 39811.391 0 0
2026-08-31 51 39811.391 0 0
