2026-03-10 1558 2695.127 0 0
2026-03-11 1551 2697.055 1.928 0.072
2026-03-12 1551 2689.933 -7.122 -0.264
2026-03-13 1547 2686.674 -3.259 -0.121
2026-03-14 1554 2664.272 -22.402 -0.834
2026-03-15 1554 2664.272 0 0
2026-03-16 1547 2664.272 0 0
2026-03-17 1548 2674.096 9.824 0.369
2026-03-18 1546 2674.096 0 0
2026-03-19 1539 2671.444 -2.652 -0.099
2026-03-20 1534 2666.91 -4.534 -0.17
2026-03-21 1533 2665.025 -1.885 -0.071
2026-03-22 1533 2665.025 0 0
2026-03-23 1523 2665.025 0 0
2026-03-24 1529 2667.853 2.828 0.106
2026-03-25 1543 2659.013 -8.84 -0.331
2026-03-27 1533 2659.013 0 0
2026-03-28 1544 2637.266 -21.747 -0.818
2026-03-29 1544 2637.266 0 0
2026-03-30 1541 2637.266 0 0
2026-03-31 1540 2630.098 -7.168 -0.272
2026-04-01 1560 2623.7 -6.398 -0.243
2026-04-02 1547 2636.529 12.829 0.489
2026-04-03 1547 2629.732 -6.797 -0.258
2026-04-04 1547 2629.732 0 0
2026-04-05 1547 2629.732 0 0
2026-04-06 1555 2629.732 0 0
2026-04-07 1550 2631.198 1.466 0.056
2026-04-08 1571 2631.198 0 0
2026-04-09 1567 2644.845 13.647 0.519
2026-04-10 1563 2648.186 3.341 0.126
2026-04-11 1565 2646.514 -1.672 -0.063
2026-04-12 1565 2646.514 0 0
2026-04-13 1567 2646.514 0 0
2026-04-14 1565 2650.419 3.905 0.148
2026-04-15 1577 2662.203 11.784 0.445
2026-04-16 1581 2662.391 0.188 0.007
2026-04-17 1580 2668.419 6.028 0.226
2026-04-18 1583 2677.705 9.286 0.348
2026-04-19 1583 2677.705 0 0
2026-04-20 1579 2677.705 0 0
2026-04-21 1579 2678.466 0.761 0.028
2026-04-22 1575 2680.751 2.285 0.085
2026-04-23 1571 2677.514 -3.237 -0.121
2026-04-24 1566 2675.425 -2.089 -0.078
2026-04-25 1567 2673.907 -1.518 -0.057
2026-04-26 1567 2673.907 0 0
2026-04-27 1568 2673.907 0 0
2026-04-28 1559 2687.248 13.341 0.499
2026-04-29 1562 2672.959 -14.289 -0.532
2026-04-30 1564 2675.425 2.466 0.092
2026-05-01 1560 2688.207 12.782 0.478
2026-05-02 1559 2695.319 7.112 0.265
2026-05-04 1560 2695.319 0 0
2026-05-05 1570 2688.782 -6.537 -0.243
2026-05-06 1570 2688.782 0 0
2026-05-07 1574 2687.057 -1.725 -0.064
2026-05-08 1581 2683.613 -3.444 -0.128
2026-05-09 1583 2672.959 -10.654 -0.397
2026-05-10 1583 2672.959 0 0
<<<<<<< HEAD
2026-05-11 1584 2672.959 0 0
2026-05-12 1575 2677.895 4.936 0.185
2026-05-13 1586 2669.553 -8.342 -0.312
2026-05-14 1584 2670.498 0.945 0.035
2026-05-15 1575 2665.402 -5.096 -0.191
2026-05-16 1572 2659.95 -5.452 -0.205
2026-05-17 1572 2659.95 0 0
2026-05-18 1568 2659.95 0 0
2026-05-19 1569 2663.519 3.569 0.134
2026-05-20 1571 2657.888 -5.631 -0.211
2026-05-21 1569 2663.707 5.819 0.219
2026-05-22 1569 2663.707 0 0
2026-05-23 1580 2648.93 -14.777 -0.555
2026-05-24 1580 2648.93 0 0
2026-05-26 1587 2648.93 0 0
2026-05-27 1586 2651.164 2.234 0.084
2026-05-28 1596 2643.177 -7.987 -0.301
2026-05-29 1586 2649.116 5.939 0.225
2026-05-31 1584 2656.952 7.836 0.296
2026-06-01 1582 2656.952 0 0
2026-06-02 1590 2644.845 -12.107 -0.456
2026-06-03 1591 2646.329 1.484 0.056
2026-06-04 1589 2637.635 -8.694 -0.329
2026-06-05 1581 2634.872 -2.763 -0.105
2026-06-06 1576 2630.648 -4.224 -0.16
2026-06-07 1576 2630.648 0 0
2026-06-08 1571 2630.648 0 0
2026-06-09 1574 2626.255 -4.393 -0.167
2026-06-10 1565 2625.159 -1.096 -0.042
2026-06-11 1558 2629.182 4.023 0.153
2026-06-12 1576 2612.444 -16.738 -0.637
2026-06-13 1577 2621.513 9.069 0.347
2026-06-15 1593 2621.513 0 0
2026-06-16 1598 2620.24 -1.273 -0.049
2026-06-17 1599 2618.241 -1.999 -0.076
2026-06-18 1608 2611.902 -6.339 -0.242
2026-06-19 1610 2594.141 -17.761 -0.68
2026-06-20 1610 2594.141 0 0
2026-06-21 1610 2594.141 0 0
2026-06-23 1605 2588.453 -5.688 -0.219
2026-06-24 1604 2580.322 -8.131 -0.314
2026-06-25 1613 2572.594 -7.728 -0.299
2026-06-26 1612 2579.442 6.848 0.266
2026-06-27 1614 2579.97 0.528 0.02
2026-06-28 1612 2579.97 0 0
2026-06-29 1609 2579.97 0 0
2026-06-30 1619 2578.21 -1.76 -0.068
2026-07-01 1622 2582.262 4.052 0.157
2026-07-02 1617 2579.09 -3.172 -0.123
2026-07-03 1624 2583.145 4.055 0.157
2026-07-04 1624 2583.145 0 0
2026-07-05 1623 2583.145 0 0
2026-07-06 1622 2583.145 0 0
2026-07-07 1622 2575.75 -7.395 -0.286
2026-07-08 1607 2580.675 4.925 0.191
2026-07-09 1610 2584.205 3.53 0.137
2026-07-10 1606 2584.912 0.707 0.027
2026-07-11 1605 2588.808 3.896 0.151
2026-07-12 1605 2588.808 0 0
2026-07-13 1597 2588.808 0 0
2026-07-14 1599 2589.873 1.065 0.041
2026-07-15 1590 2605.235 15.362 0.593
2026-07-16 1588 2606.493 1.258 0.048
2026-07-17 1575 2609.736 3.243 0.124
2026-07-18 1574 2613.348 3.612 0.138
2026-07-19 1573 2613.348 0 0
2026-07-20 1572 2613.348 0 0
2026-07-21 1587 2605.414 -7.934 -0.304
2026-07-22 1590 2599.139 -6.275 -0.241
2026-07-23 1585 2600.571 1.432 0.055
2026-07-24 1581 2600.034 -0.537 -0.021
2026-07-25 1581 2600.929 0.895 0.034
2026-07-26 1581 2600.929 0 0
2026-07-27 1589 2600.929 0 0
2026-07-28 1584 2595.21 -5.719 -0.22
2026-07-29 1587 2596.995 1.785 0.069
2026-07-30 1595 2599.497 2.502 0.096
2026-07-31 1595 2612.625 13.128 0.505
2026-08-01 1594 2610.638 -1.987 -0.076
2026-08-02 1595 2610.638 0 0
2026-08-03 1595 2610.638 0 0
2026-08-04 1606 2609.014 -1.624 -0.062
2026-08-05 1608 2605.235 -3.779 -0.145
2026-08-06 1608 2612.082 6.847 0.263
2026-08-07 1618 2611.721 -0.361 -0.014
2026-08-08 1611 2626.255 14.534 0.556
2026-08-09 1610 2626.255 0 0
2026-08-10 1607 2626.255 0 0
2026-08-11 1603 2626.255 0 0
2026-08-12 1604 2628.999 2.744 0.104
2026-08-13 1605 2629.732 0.733 0.028
=======
2026-05-11 1585 2672.959 0 0
2026-05-12 1586 2672.959 0 0
2026-05-13 1575 2677.895 0 0
2026-05-14 1579 2669.553 0 0
2026-05-15 1583 2670.498 0 0
2026-05-16 1575 2665.402 0 0
2026-05-17 1572 2659.95 0 0
2026-05-18 1569 2659.95 0 0
2026-05-19 1570 2659.95 0 0
2026-05-20 1565 2663.519 0 0
2026-05-21 1575 2657.888 0 0
2026-05-22 1569 2663.707 0 0
2026-05-23 1569 2663.707 0 0
2026-05-24 1580 2648.93 0 0
2026-05-25 1585 2648.93 0 0
2026-05-26 1585 2648.93 0 0
2026-05-27 1590 2648.93 0 0
2026-05-28 1585 2651.164 0 0
2026-05-29 1593 2643.177 0 0
2026-05-30 1586 2649.116 0 0
2026-05-31 1583 2656.952 0 0
2026-06-01 1587 2656.952 0 0
2026-06-02 1580 2656.952 0 0
2026-06-03 1591 2644.845 0 0
2026-06-04 1591 2646.329 0 0
2026-06-05 1581 2637.635 0 0
2026-06-06 1581 2634.872 0 0
2026-06-07 1576 2630.648 0 0
2026-06-09 1570 2630.648 0 0
2026-06-10 1570 2626.255 0 0
2026-06-11 1561 2625.159 0 0
2026-06-12 1566 2629.182 0 0
2026-06-13 1576 2612.444 0 0
2026-06-14 1577 2621.513 0 0
2026-06-16 1596 2621.513 0 0
2026-06-17 1600 2620.24 0 0
2026-06-18 1600 2618.241 0 0
2026-06-19 1607 2611.902 0 0
2026-06-20 1610 2594.141 0 0
2026-06-21 1610 2594.141 0 0
2026-06-22 1610 2594.141 0 0
2026-06-23 1608 2594.141 0 0
2026-06-24 1603 2588.453 0 0
2026-06-25 1608 2580.322 0 0
2026-06-26 1607 2572.594 0 0
2026-06-27 1612 2579.442 0 0
2026-06-28 1614 2579.97 0 0
2026-06-29 1611 2579.97 0 0
2026-06-30 1613 2579.97 0 0
2026-07-01 1619 2578.21 0 0
2026-07-02 1622 2582.262 0 0
2026-07-03 1625 2579.09 0 0
2026-07-04 1624 2583.145 0 0
2026-07-05 1624 2583.145 0 0
2026-07-06 1622 2583.145 0 0
2026-07-07 1620 2583.145 0 0
2026-07-08 1622 2575.75 0 0
2026-07-09 1603 2580.675 0 0
2026-07-10 1612 2584.205 0 0
2026-07-11 1606 2584.912 0 0
2026-07-12 1605 2588.808 0 0
2026-07-13 1601 2588.808 0 0
2026-07-14 1594 2588.808 0 0
2026-07-15 1602 2589.873 0 0
2026-07-16 1587 2605.235 0 0
2026-07-17 1585 2606.493 0 0
2026-07-18 1575 2609.736 0 0
2026-07-19 1574 2613.348 0 0
2026-07-20 1575 2613.348 0 0
2026-07-21 1574 2613.348 0 0
2026-07-22 1591 2605.414 0 0
2026-07-23 1594 2599.139 0 0
2026-07-24 1577 2600.571 0 0
2026-07-25 1581 2600.034 0 0
2026-07-26 1581 2600.929 0 0
2026-07-27 1581 2600.929 0 0
2026-07-28 1582 2600.929 0 0
2026-07-29 1590 2595.21 0 0
2026-07-30 1590 2596.995 0 0
2026-07-31 1601 2599.497 0 0
2026-08-01 1595 2612.625 0 0
2026-08-02 1594 2610.638 0 0
2026-08-03 1589 2610.638 0 0
2026-08-04 1593 2610.638 0 0
2026-08-05 1610 2609.014 0 0
2026-08-06 1610 2605.235 0 0
2026-08-07 1610 2612.082 0 0
2026-08-08 1618 2611.721 0 0
2026-08-09 1611 2626.255 0 0
2026-08-10 1611 2626.255 0 0
2026-08-11 1606 2626.255 0 0
2026-08-12 1604 2626.255 0 0
2026-08-13 1604 2628.999 0 0
2026-08-14 1606 2629.732 0 0
>>>>>>> 2b550085baac25c543016ca743053a87bf115d5d
2026-08-15 1605 2626.073 0 0
2026-08-16 1603 2637.635 0 0
2026-08-17 1602 2637.635 0 0
2026-08-18 1597 2637.635 0 0
2026-08-19 1601 2640.218 0 0
2026-08-20 1590 2636.529 0 0
2026-08-21 1588 2649.674 0 0
2026-08-22 1589 2656.017 0 0
2026-08-23 1592 2657.327 0 0
2026-08-24 1593 2657.327 0 0
2026-08-25 1588 2657.327 0 0
2026-08-26 1594 2645.216 0 0
2026-08-27 1600 2645.772 0 0
2026-08-28 1603 2635.424 0 0
2026-08-29 1600 2641.142 0 0
