2026-03-10 2932 1278.692 0 0
2026-03-11 2928 1284.649 5.957 0.466
2026-03-12 2925 1275.734 -8.915 -0.694
2026-03-13 2918 1270.884 -4.85 -0.38
2026-03-14 2925 1262.303 -8.581 -0.675
2026-03-15 2925 1262.303 0 0
2026-03-16 2929 1262.303 0 0
2026-03-17 2922 1266.797 4.494 0.356
2026-03-18 2935 1266.797 0 0
2026-03-19 2901 1269.86 3.063 0.242
2026-03-20 2895 1270.006 0.146 0.011
2026-03-21 2892 1273.378 3.372 0.266
2026-03-22 2892 1273.378 0 0
2026-03-23 2872 1273.378 0 0
2026-03-24 2874 1277.952 4.574 0.359
2026-03-25 2887 1277.064 -0.888 -0.069
2026-03-27 2879 1277.064 0 0
2026-03-28 2886 1270.737 -6.327 -0.495
2026-03-29 2886 1270.737 0 0
2026-03-30 2879 1270.737 0 0
2026-03-31 2888 1264.618 -6.119 -0.482
2026-04-01 2900 1270.884 6.266 0.495
2026-04-02 2886 1282.111 11.227 0.883
2026-04-03 2889 1274.113 -7.998 -0.624
2026-04-04 2889 1274.113 0 0
2026-04-05 2889 1274.113 0 0
2026-04-06 2887 1274.113 0 0
2026-04-07 2890 1273.084 -1.029 -0.081
2026-04-08 2915 1273.084 0 0
2026-04-09 2892 1289.908 16.824 1.322
2026-04-10 2901 1288.853 -1.055 -0.082
2026-04-11 2895 1293.69 4.837 0.375
2026-04-12 2895 1293.69 0 0
2026-04-13 2896 1293.69 0 0
2026-04-14 2912 1291.72 -1.97 -0.152
2026-04-15 2907 1302.551 10.831 0.838
2026-04-16 2913 1301.321 -1.23 -0.094
2026-04-17 2929 1298.411 -2.91 -0.224
2026-04-18 2917 1303.012 4.601 0.354
2026-04-19 2917 1303.012 0 0
2026-04-20 2920 1303.012 0 0
2026-04-21 2936 1298.411 -4.601 -0.353
2026-04-22 2934 1296.275 -2.136 -0.165
2026-04-23 2929 1292.477 -3.798 -0.293
2026-04-24 2918 1291.72 -0.757 -0.059
2026-04-25 2918 1291.116 -0.604 -0.047
2026-04-26 2918 1291.116 0 0
2026-04-27 2921 1291.116 0 0
2026-04-28 2918 1294.449 3.333 0.258
2026-04-29 2917 1290.662 -3.787 -0.293
2026-04-30 2918 1290.511 -0.151 -0.012
2026-05-01 2923 1293.842 3.331 0.258
2026-05-02 2922 1297.952 4.11 0.318
2026-05-04 2930 1297.952 0 0
2026-05-05 2936 1291.418 -6.534 -0.503
2026-05-06 2936 1291.418 0 0
2026-05-07 2938 1296.732 5.314 0.411
2026-05-08 2941 1299.022 2.29 0.177
2026-05-09 2940 1298.717 -0.305 -0.023
2026-05-10 2940 1298.717 0 0
2026-05-11 2945 1298.717 0 0
<<<<<<< HEAD
2026-05-12 2934 1299.329 0.612 0.047
2026-05-13 2935 1294.449 -4.88 -0.376
2026-05-14 2944 1291.418 -3.031 -0.234
2026-05-15 2936 1288.25 -3.168 -0.245
2026-05-16 2938 1282.856 -5.394 -0.419
2026-05-17 2938 1282.856 0 0
2026-05-18 2939 1282.856 0 0
2026-05-19 2943 1284.051 1.195 0.093
2026-05-20 2954 1279.137 -4.914 -0.383
2026-05-21 2952 1281.664 2.527 0.198
2026-05-22 2956 1281.664 0 0
2026-05-23 2959 1279.286 -2.378 -0.186
2026-05-24 2959 1279.286 0 0
2026-05-26 2954 1279.286 0 0
2026-05-27 2948 1282.111 2.825 0.221
2026-05-28 2945 1282.409 0.298 0.023
2026-05-29 2938 1284.649 2.24 0.175
2026-05-31 2938 1287.198 2.549 0.198
2026-06-01 2937 1287.198 0 0
2026-06-02 2942 1281.366 -5.832 -0.453
2026-06-03 2924 1284.35 2.984 0.233
2026-06-04 2930 1280.771 -3.579 -0.279
2026-06-05 2919 1282.856 2.085 0.163
2026-06-06 2926 1274.997 -7.859 -0.613
2026-06-07 2926 1274.997 0 0
2026-06-08 2911 1274.997 0 0
2026-06-09 2916 1273.084 -1.913 -0.15
2026-06-10 2914 1275.292 2.208 0.173
2026-06-11 2906 1274.261 -1.031 -0.081
2026-06-12 2926 1270.445 -3.816 -0.299
2026-06-13 2924 1276.62 6.175 0.486
2026-06-15 2932 1276.62 0 0
2026-06-16 2926 1280.325 3.705 0.29
2026-06-17 2925 1280.325 0 0
2026-06-18 2936 1278.248 -2.077 -0.162
2026-06-19 2941 1266.942 -11.306 -0.884
2026-06-20 2941 1266.942 0 0
2026-06-21 2941 1266.942 0 0
2026-06-23 2939 1262.447 -4.495 -0.355
2026-06-24 2947 1255.549 -6.898 -0.546
2026-06-25 2948 1250.851 -4.698 -0.374
2026-06-26 2937 1254.835 3.984 0.319
2026-06-27 2940 1256.837 2.002 0.16
2026-06-28 2940 1256.837 0 0
2026-06-29 2941 1256.837 0 0
2026-06-30 2940 1259.852 3.015 0.24
2026-07-01 2945 1261.004 1.152 0.091
2026-07-02 2955 1256.694 -4.31 -0.342
2026-07-03 2964 1262.158 5.464 0.435
2026-07-04 2964 1262.158 0 0
2026-07-05 2964 1262.158 0 0
2026-07-06 2959 1262.158 0 0
2026-07-07 2943 1259.42 -2.738 -0.217
2026-07-08 2931 1261.148 1.728 0.137
2026-07-09 2938 1258.127 -3.021 -0.24
2026-07-10 2937 1261.004 2.877 0.229
2026-07-11 2942 1259.995 -1.009 -0.08
2026-07-12 2942 1259.995 0 0
2026-07-13 2932 1259.995 0 0
2026-07-14 2935 1257.984 -2.011 -0.16
2026-07-15 2933 1262.303 4.319 0.343
2026-07-16 2933 1261.436 -0.867 -0.069
2026-07-17 2916 1262.158 0.722 0.057
2026-07-18 2916 1261.869 -0.289 -0.023
2026-07-19 2915 1261.869 0 0
2026-07-20 2909 1261.869 0 0
2026-07-21 2925 1258.127 -3.742 -0.297
2026-07-22 2925 1257.984 -0.143 -0.011
2026-07-23 2927 1258.558 0.574 0.046
2026-07-24 2921 1254.264 -4.294 -0.341
2026-07-25 2921 1255.121 0.857 0.068
2026-07-26 2921 1255.121 0 0
2026-07-27 2943 1255.121 0 0
2026-07-28 2937 1254.264 -0.857 -0.068
2026-07-29 2938 1255.835 1.571 0.125
2026-07-30 2932 1255.406 -0.429 -0.034
2026-07-31 2927 1268.837 13.431 1.07
2026-08-01 2928 1269.129 0.292 0.023
2026-08-02 2928 1269.129 0 0
2026-08-03 2938 1269.129 0 0
2026-08-04 2946 1270.006 0.877 0.069
2026-08-05 2953 1271.03 1.024 0.081
2026-08-06 2952 1274.261 3.231 0.254
2026-08-07 2959 1272.35 -1.911 -0.15
2026-08-08 2961 1274.408 2.058 0.162
2026-08-09 2961 1274.408 0 0
2026-08-10 2964 1274.408 0 0
2026-08-11 2963 1274.408 0 0
2026-08-12 2963 1273.084 -1.324 -0.104
2026-08-13 2957 1273.084 0 0
=======
2026-05-12 2944 1298.717 0 0
2026-05-13 2932 1299.329 0 0
2026-05-14 2932 1294.449 0 0
2026-05-15 2944 1291.418 0 0
2026-05-16 2936 1288.25 0 0
2026-05-17 2938 1282.856 0 0
2026-05-18 2935 1282.856 0 0
2026-05-19 2938 1282.856 0 0
2026-05-20 2938 1284.051 0 0
2026-05-21 2955 1279.137 0 0
2026-05-22 2952 1281.664 0 0
2026-05-23 2956 1281.664 0 0
2026-05-24 2959 1279.286 0 0
2026-05-25 2960 1279.286 0 0
2026-05-26 2958 1279.286 0 0
2026-05-27 2953 1279.286 0 0
2026-05-28 2939 1282.111 0 0
2026-05-29 2943 1282.409 0 0
2026-05-30 2938 1284.649 0 0
2026-05-31 2938 1287.198 0 0
2026-06-01 2941 1287.198 0 0
2026-06-02 2933 1287.198 0 0
2026-06-03 2944 1281.366 0 0
2026-06-04 2921 1284.35 0 0
2026-06-05 2926 1280.771 0 0
2026-06-06 2919 1282.856 0 0
2026-06-07 2926 1274.997 0 0
2026-06-09 2910 1274.997 0 0
2026-06-10 2909 1273.084 0 0
2026-06-11 2898 1275.292 0 0
2026-06-12 2923 1274.261 0 0
2026-06-13 2926 1270.445 0 0
2026-06-14 2924 1276.62 0 0
2026-06-16 2929 1276.62 0 0
2026-06-17 2930 1280.325 0 0
2026-06-18 2929 1280.325 0 0
2026-06-19 2936 1278.248 0 0
2026-06-20 2941 1266.942 0 0
2026-06-21 2941 1266.942 0 0
2026-06-22 2940 1266.942 0 0
2026-06-23 2938 1266.942 0 0
2026-06-24 2935 1262.447 0 0
2026-06-25 2945 1255.549 0 0
2026-06-26 2935 1250.851 0 0
2026-06-27 2937 1254.835 0 0
2026-06-28 2940 1256.837 0 0
2026-06-29 2947 1256.837 0 0
2026-06-30 2947 1256.837 0 0
2026-07-01 2948 1259.852 0 0
2026-07-02 2947 1261.004 0 0
2026-07-03 2961 1256.694 0 0
2026-07-04 2964 1262.158 0 0
2026-07-05 2964 1262.158 0 0
2026-07-06 2960 1262.158 0 0
2026-07-07 2945 1262.158 0 0
2026-07-08 2938 1259.42 0 0
2026-07-09 2922 1261.148 0 0
2026-07-10 2953 1258.127 0 0
2026-07-11 2937 1261.004 0 0
2026-07-12 2942 1259.995 0 0
2026-07-13 2940 1259.995 0 0
2026-07-14 2926 1259.995 0 0
2026-07-15 2941 1257.984 0 0
2026-07-16 2940 1262.303 0 0
2026-07-17 2921 1261.436 0 0
2026-07-18 2916 1262.158 0 0
2026-07-19 2916 1261.869 0 0
2026-07-20 2917 1261.869 0 0
2026-07-21 2907 1261.869 0 0
2026-07-22 2923 1258.127 0 0
2026-07-23 2932 1257.984 0 0
2026-07-24 2919 1258.558 0 0
2026-07-25 2921 1254.264 0 0
2026-07-26 2921 1255.121 0 0
2026-07-27 2930 1255.121 0 0
2026-07-28 2941 1255.121 0 0
2026-07-29 2944 1254.264 0 0
2026-07-30 2934 1255.835 0 0
2026-07-31 2944 1255.406 0 0
2026-08-01 2927 1268.837 0 0
2026-08-02 2928 1269.129 0 0
2026-08-03 2933 1269.129 0 0
2026-08-04 2941 1269.129 0 0
2026-08-05 2950 1270.006 0 0
2026-08-06 2955 1271.03 0 0
2026-08-07 2949 1274.261 0 0
2026-08-08 2959 1272.35 0 0
2026-08-09 2961 1274.408 0 0
2026-08-10 2963 1274.408 0 0
2026-08-11 2965 1274.408 0 0
2026-08-12 2962 1274.408 0 0
2026-08-13 2967 1273.084 0 0
2026-08-14 2957 1273.084 0 0
>>>>>>> 2b550085baac25c543016ca743053a87bf115d5d
2026-08-15 2960 1273.378 0 0
2026-08-16 2959 1277.36 0 0
2026-08-17 2959 1277.36 0 0
2026-08-18 2966 1277.36 0 0
2026-08-19 2964 1278.1 0 0
2026-08-20 2954 1277.508 0 0
2026-08-21 2949 1286.447 0 0
2026-08-22 2951 1288.702 0 0
