2026-03-10 2723 1409.692 0 0
2026-03-11 2730 1416.259 6.567 0.466
2026-03-12 2740 1406.431 -9.828 -0.694
2026-03-13 2726 1401.083 -5.348 -0.38
2026-03-14 2734 1391.623 -9.46 -0.675
2026-03-15 2735 1391.623 0 0
2026-03-16 2740 1391.623 0 0
2026-03-17 2729 1396.577 4.954 0.356
2026-03-18 2731 1396.577 0 0
2026-03-19 2714 1399.954 3.377 0.242
2026-03-20 2695 1400.115 0.161 0.012
2026-03-21 2688 1403.833 3.718 0.266
2026-03-22 2688 1403.833 0 0
2026-03-23 2664 1403.833 0 0
2026-03-24 2657 1408.875 5.042 0.359
2026-03-25 2682 1407.896 -0.979 -0.069
2026-03-26 2676 1407.896 0 0
2026-03-27 2671 1407.896 0 0
2026-03-28 2676 1400.922 -6.974 -0.495
2026-03-29 2676 1400.922 0 0
2026-03-30 2671 1400.922 0 0
2026-03-31 2678 1394.176 -6.746 -0.482
2026-04-01 2689 1401.083 6.907 0.495
2026-04-02 2672 1413.46 12.377 0.883
2026-04-03 2685 1404.644 -8.816 -0.624
2026-04-04 2685 1404.644 0 0
2026-04-05 2685 1404.644 0 0
2026-04-06 2688 1404.644 0 0
2026-04-07 2691 1403.509 -1.135 -0.081
2026-04-08 2719 1403.509 0 0
2026-04-09 2695 1422.056 18.547 1.321
2026-04-10 2709 1420.893 -1.163 -0.082
2026-04-11 2699 1426.226 5.333 0.375
2026-04-12 2699 1426.226 0 0
2026-04-13 2705 1426.226 0 0
2026-04-14 2712 1424.054 -2.172 -0.152
2026-04-15 2707 1435.994 11.94 0.838
2026-04-16 2713 1434.639 -1.355 -0.094
2026-04-17 2731 1431.43 -3.209 -0.224
2026-04-18 2731 1436.503 5.073 0.354
2026-04-19 2731 1436.503 0 0
2026-04-20 2726 1436.503 0 0
2026-04-21 2731 1431.43 -5.073 -0.353
2026-04-22 2734 1429.075 -2.355 -0.165
2026-04-23 2725 1424.889 -4.186 -0.293
2026-04-24 2724 1424.054 -0.835 -0.059
2026-04-25 2724 1423.388 -0.666 -0.047
2026-04-26 2724 1423.388 0 0
2026-04-27 2725 1423.388 0 0
2026-04-28 2724 1427.063 3.675 0.258
2026-04-29 2725 1422.888 -4.175 -0.293
2026-04-30 2728 1422.721 -0.167 -0.012
2026-05-01 2725 1426.393 3.672 0.258
2026-05-02 2720 1430.925 4.532 0.318
2026-05-04 2725 1430.925 0 0
2026-05-05 2743 1423.721 -7.204 -0.503
2026-05-06 2747 1423.721 0 0
2026-05-07 2760 1429.579 5.858 0.411
2026-05-08 2759 1432.105 2.526 0.177
2026-05-09 2759 1431.767 -0.338 -0.024
2026-05-10 2759 1431.767 0 0
2026-05-11 2762 1431.767 0 0
2026-05-12 2744 1432.442 0.675 0.047
2026-05-13 2752 1427.063 -5.379 -0.376
2026-05-14 2748 1423.721 -3.342 -0.234
2026-05-15 2739 1420.229 -3.492 -0.245
2026-05-16 2741 1414.282 -5.947 -0.419
2026-05-17 2741 1414.282 0 0
2026-05-18 2735 1414.282 0 0
2026-05-19 2731 1415.6 1.318 0.093
2026-05-20 2736 1410.182 -5.418 -0.383
2026-05-21 2734 1412.968 2.786 0.198
2026-05-22 2748 1412.968 0 0
2026-05-23 2754 1410.346 -2.622 -0.186
2026-05-24 2754 1410.346 0 0
2026-05-26 2750 1410.346 0 0
2026-05-27 2738 1413.46 3.114 0.221
2026-05-28 2745 1413.789 0.329 0.023
2026-05-29 2732 1416.259 2.47 0.175
2026-05-31 2732 1419.069 2.81 0.198
2026-06-01 2736 1419.069 0 0
2026-06-02 2742 1412.639 -6.43 -0.453
2026-06-03 2733 1415.929 3.29 0.233
2026-06-04 2727 1411.983 -3.946 -0.279
2026-06-05 2723 1414.282 2.299 0.163
2026-06-06 2737 1405.618 -8.664 -0.613
2026-06-07 2737 1405.618 0 0
2026-06-08 2715 1405.618 0 0
2026-06-09 2727 1403.509 -2.109 -0.15
2026-06-10 2719 1405.943 2.434 0.173
2026-06-11 2719 1404.806 -1.137 -0.081
2026-06-12 2735 1400.599 -4.207 -0.299
2026-06-13 2734 1407.407 6.808 0.486
2026-06-15 2744 1407.407 0 0
2026-06-16 2746 1411.492 4.085 0.29
2026-06-17 2742 1411.492 0 0
2026-06-18 2744 1409.202 -2.29 -0.162
2026-06-19 2767 1396.738 -12.464 -0.884
2026-06-20 2767 1396.738 0 0
2026-06-21 2767 1396.738 0 0
2026-06-23 2762 1391.782 -4.956 -0.355
2026-06-24 2765 1384.178 -7.604 -0.546
2026-06-25 2773 1378.998 -5.18 -0.374
2026-06-26 2769 1383.39 4.392 0.318
2026-06-27 2768 1385.597 2.207 0.16
2026-06-28 2768 1385.597 0 0
2026-06-29 2772 1385.597 0 0
2026-06-30 2774 1388.921 3.324 0.24
2026-07-01 2778 1390.191 1.27 0.091
2026-07-02 2777 1385.439 -4.752 -0.342
2026-07-03 2775 1391.464 6.025 0.435
2026-07-04 2775 1391.464 0 0
2026-07-05 2775 1391.464 0 0
2026-07-06 2774 1391.464 0 0
2026-07-07 2773 1388.445 -3.019 -0.217
2026-07-08 2758 1390.35 1.905 0.137
2026-07-09 2769 1387.02 -3.33 -0.24
2026-07-10 2770 1390.191 3.171 0.229
2026-07-11 2777 1389.079 -1.112 -0.08
2026-07-12 2777 1389.079 0 0
2026-07-13 2766 1389.079 0 0
2026-07-14 2772 1386.861 -2.218 -0.16
2026-07-15 2773 1391.623 4.762 0.343
2026-07-16 2777 1390.668 -0.955 -0.069
2026-07-17 2753 1391.464 0.796 0.057
2026-07-18 2752 1391.145 -0.319 -0.023
2026-07-19 2751 1391.145 0 0
2026-07-20 2743 1391.145 0 0
2026-07-21 2762 1387.02 -4.125 -0.297
2026-07-22 2757 1386.861 -0.159 -0.011
2026-07-23 2746 1387.494 0.633 0.046
2026-07-24 2744 1382.761 -4.733 -0.341
2026-07-25 2743 1383.705 0.944 0.068
2026-07-26 2743 1383.705 0 0
2026-07-27 2757 1383.705 0 0
2026-07-28 2756 1382.761 -0.944 -0.068
2026-07-29 2759 1384.493 1.732 0.125
2026-07-30 2754 1384.02 -0.473 -0.034
2026-07-31 2755 1398.827 14.807 1.07
2026-08-01 2753 1399.149 0.322 0.023
2026-08-02 2753 1399.149 0 0
2026-08-03 2757 1399.149 0 0
2026-08-04 2770 1400.115 0.966 0.069
2026-08-05 2773 1401.245 1.13 0.081
2026-08-06 2770 1404.806 3.561 0.254
2026-08-07 2776 1402.699 -2.107 -0.15
2026-08-08 2775 1404.968 2.269 0.162
2026-08-09 2775 1404.968 0 0
2026-08-10 2786 1404.968 0 0
2026-08-11 2784 1404.968 0 0
2026-08-12 2783 1403.509 -1.459 -0.104
2026-08-13 2783 1403.509 0 0
2026-08-15 2772 1408.222 4.713 0.336
2026-08-16 2772 1408.222 0 0
2026-08-17 2772 1408.222 0 0
2026-08-18 2769 1409.038 0.816 0.058
2026-08-19 2769 1408.385 -0.653 -0.046
2026-08-20 2753 1418.241 9.856 0.7
2026-08-21 2759 1420.727 2.486 0.175
2026-08-23 2764 1419.4 -1.327 -0.093
2026-08-24 2765 1419.4 0 0
2026-08-25 2764 1418.572 -0.828 -0.058
2026-08-26 2769 1419.069 0.497 0.035
2026-08-27 2772 1416.094 -2.975 -0.21
2026-08-28 2773 1416.094 0 0
2026-08-29 2777 1413.132 -2.962 -0.209
2026-08-30 2777 1413.132 0 0
2026-08-31 2778 1413.132 0 0
