<<<<<<< HEAD
2026-07-11 3200 1104.845 0 0
2026-07-12 3200 1104.845 0 0
2026-07-13 3269 1061.178 -43.667 -3.952
2026-07-14 3239 1081.042 19.864 1.872
2026-07-15 3241 1081.884 0.842 0.078
2026-07-16 3337 1021.711 -60.173 -5.562
2026-07-17  942.231 -79.48 -7.779
=======
2026-07-12 3200 1104.845 0 0
2026-07-13 3230 1087.042 0 0
2026-07-14 3275 1055.774 0 0
2026-07-15 3197 1105.449 0 0
2026-07-16 3315 1036.528 0 0
2026-07-17 3379 968.122 0 0
2026-07-18 3380 942.231 0 0
>>>>>>> 2b550085baac25c543016ca743053a87bf115d5d
2026-08-16 3344 1030.321 0 0
2026-08-17 3344 1030.321 0 0
2026-08-18 3235 1102.545 0 0
2026-08-19 3249 1093.232 0 0
2026-08-20 3353 1017.614 0 0
2026-08-21 3297 1058.692 0 0
2026-08-22 3333 1041.28 0 0
