2025-12-18 278 10752.87 0 0
2025-12-19 271 10938.144 185.274 1.723
2025-12-20 271 10938.144 0 0
2025-12-21 271 10938.144 0 0
2025-12-22 269 10983.816 45.672 0.418
2025-12-23 265 11106.214 122.398 1.114
2025-12-24 264 11162.189 55.975 0.504
2025-12-25 264 11162.189 0 0
2025-12-26 265 11149.271 -12.918 -0.116
2025-12-27 265 11149.271 0 0
2025-12-28 265 11149.271 0 0
2025-12-29 274 10965.846 -183.425 -1.645
2025-12-30 275 10958.956 -6.89 -0.063
2025-12-31 275 10965.846 6.89 0.063
2026-01-01 275 10965.846 0 0
2026-01-02 275 10847.006 -118.84 -1.084
2026-01-03 276 10847.006 0 0
2026-01-05 284 10707.499 -139.507 -1.286
2026-01-06 283 10773.808 66.309 0.619
2026-01-07 282 10830.644 56.836 0.528
2026-01-08 277 10901.259 70.615 0.652
2026-01-09 279 10838.395 -62.864 -0.577
2026-01-10 279 10838.395 0 0
2026-01-11 279 10838.395 0 0
2026-01-12 275 11027.849 189.454 1.748
2026-01-13 276 11039.044 11.195 0.102
2026-01-14 271 11087.268 48.224 0.437
2026-01-15 273 11026.987 -60.281 -0.544
2026-01-16 268 11148.41 121.423 1.101
2026-01-17 270 11148.41 0 0
2026-01-18 270 11148.41 0 0
2026-01-19 267 11148.41 0 0
2026-01-20 265 11150.994 2.584 0.023
2026-01-21 272 11077.796 -73.198 -0.656
2026-01-22 263 11306.862 229.066 2.068
2026-01-23 267 11310.307 3.445 0.03
2026-01-24 267 11310.307 0 0
2026-01-25 267 11310.307 0 0
2026-01-26 269 11210.413 -99.894 -0.883
2026-01-27 266 11337.003 126.59 1.129
2026-01-28 267 11165.633 -171.37 -1.512
2026-01-29 269 11114.825 -50.808 -0.455
2026-01-30 267 11155.299 40.474 0.364
2026-01-31 267 11155.299 0 0
2026-02-01 267 11155.299 0 0
2026-02-02 265 11225.914 70.615 0.633
2026-02-03 263 11200.079 -25.835 -0.23
2026-02-04 265 11221.608 21.529 0.192
2026-02-05 259 11327.53 105.922 0.944
2026-02-06 253 11422.257 94.727 0.836
2026-02-07 259 11422.257 0 0
2026-02-08 259 11422.257 0 0
2026-02-09 264 11428.285 6.028 0.053
2026-02-10 272 11249.165 -179.12 -1.567
2026-02-11 271 11227.636 -21.529 -0.191
2026-02-12 271 11188.884 -38.752 -0.345
2026-02-13 269 11185.44 -3.444 -0.031
2026-02-14 269 11185.44 0 0
2026-02-15 269 11185.44 0 0
2026-02-16 268 11185.44 0 0
2026-02-17 265 11324.085 138.645 1.24
2026-02-18 259 11457.564 133.479 1.179
2026-02-19 260 11448.092 -9.472 -0.083
2026-02-20 251 11637.545 189.453 1.655
2026-02-21 254 11637.545 0 0
2026-02-22 254 11637.545 0 0
2026-02-23 257 11623.767 -13.778 -0.118
2026-02-24 259 11653.907 30.14 0.259
2026-02-25 264 11498.039 -155.868 -1.337
2026-02-26 266 11559.18 61.141 0.532
2026-02-27 268 11440.341 -118.839 -1.028
2026-02-28 272 11440.341 0 0
2026-03-01 272 11440.341 0 0
2026-03-02 274 11297.39 -142.951 -1.25
2026-03-03 275 11171.661 -125.729 -1.113
2026-03-04 277 11041.627 -130.034 -1.164
2026-03-05 276 11142.382 100.755 0.913
2026-03-06 278 11123.437 -18.945 -0.17
2026-03-07 277 11123.437 0 0
2026-03-08 277 11123.437 0 0
2026-03-09 279 11087.268 -36.169 -0.325
2026-03-10 287 11041.627 -45.641 -0.412
2026-03-11 287 10999.431 -42.196 -0.382
2026-03-12 292 10885.758 -113.673 -1.033
2026-03-13 286 10919.343 33.585 0.309
2026-03-14 285 10919.343 0 0
2026-03-15 285 10919.343 0 0
2026-03-16 287 10944.317 24.974 0.229
2026-03-17 286 10979.624 35.307 0.323
2026-03-18 287 10988.236 8.612 0.078
2026-03-19 275 11102.769 114.533 1.042
2026-03-20 278 11028.71 -74.059 -0.667
2026-03-21 278 11028.71 0 0
2026-03-22 278 11028.71 0 0
2026-03-23 277 11007.181 -21.529 -0.195
2026-03-24 277 10968.429 -38.752 -0.352
2026-03-25 279 11023.543 55.114 0.502
2026-03-27 279 10910.732 -112.811 -1.023
2026-03-28 277 10910.732 0 0
2026-03-29 278 10910.732 0 0
2026-03-30 275 11019.237 108.505 0.994
2026-03-31 265 11181.134 161.897 1.469
2026-04-01 272 11138.076 -43.058 -0.385
2026-04-02 270 11162.189 24.113 0.216
2026-04-03 270 11162.189 0 0
2026-04-04 270 11162.189 0 0
2026-04-05 270 11162.189 0 0
2026-04-06 272 11127.742 -34.447 -0.309
2026-04-07 276 11062.295 -65.447 -0.588
2026-04-08 276 11167.356 105.061 0.95
2026-04-09 276 11283.611 116.255 1.041
2026-04-10 278 11275.861 -7.75 -0.069
2026-04-11 279 11275.861 0 0
2026-04-12 279 11275.861 0 0
2026-04-13 275 11415.368 139.507 1.237
2026-04-14 273 11454.12 38.752 0.339
2026-04-15 274 11476.51 22.39 0.195
2026-04-16 277 11391.255 -85.255 -0.743
2026-04-17 278 11451.536 60.281 0.529
2026-04-18 279 11451.536 0 0
2026-04-19 279 11451.536 0 0
2026-04-20 278 11504.928 53.392 0.466
2026-04-21 281 11440.341 -64.587 -0.561
2026-04-22 281 11410.201 -30.14 -0.263
2026-04-23 284 11330.114 -80.087 -0.702
2026-04-24 287 11203.524 -126.59 -1.117
2026-04-25 287 11203.524 0 0
2026-04-26 287 11203.524 0 0
2026-04-27 286 11243.998 40.474 0.361
2026-04-28 288 11158.744 -85.254 -0.758
2026-04-29 293 11086.407 -72.337 -0.648
2026-04-30 290 11178.551 92.144 0.831
2026-05-01 291 11202.663 24.112 0.216
2026-05-02 291 11202.663 0 0
2026-05-04 293 11154.438 -48.225 -0.43
2026-05-05 289 11251.749 97.311 0.872
2026-05-06 305 10966.707 -285.042 -2.533
2026-05-07 303 10953.789 -12.918 -0.118
2026-05-08 310 10752.279 -201.51 -1.84
2026-05-09 309 10752.279 0 0
2026-05-10 309 10752.279 0 0
<<<<<<< HEAD
2026-05-11 311 10729.028 -23.251 -0.216
2026-05-12 311 10668.748 -60.28 -0.562
2026-05-13 307 10682.526 13.778 0.129
2026-05-14 307 10698.888 16.362 0.153
2026-05-15 316 10465.515 -233.373 -2.181
2026-05-16 315 10465.515 0 0
2026-05-17 315 10465.515 0 0
2026-05-18 316 10450.876 -14.639 -0.14
2026-05-19 313 10595.549 144.673 1.384
2026-05-20 316 10470.682 -124.867 -1.178
2026-05-21 316 10470.682 0 0
2026-05-22 317 10536.13 65.448 0.625
2026-05-23 318 10536.13 0 0
2026-05-24 318 10536.13 0 0
2026-05-26 322 10462.932 -73.198 -0.695
2026-05-27 315 10435.375 -27.557 -0.263
2026-05-28 317 10518.046 82.671 0.792
2026-05-29 318 10497.378 -20.668 -0.197
2026-05-31 317 10497.378 0 0
2026-06-01 320 10427.624 -69.754 -0.664
2026-06-02 337 10207.169 -220.455 -2.114
2026-06-03 329 10317.397 110.228 1.08
2026-06-04 331 10315.674 -1.723 -0.017
2026-06-05 330 10243.338 -72.336 -0.701
2026-06-06 330 10243.338 0 0
2026-06-07 330 10243.338 0 0
2026-06-08 330 10259.7 16.362 0.16
2026-06-09 316 10450.014 190.314 1.855
2026-06-10 314 10495.656 45.642 0.437
2026-06-11 311 10546.464 50.808 0.484
2026-06-12 318 10501.684 -44.78 -0.425
2026-06-13 318 10501.684 0 0
2026-06-15 319 10563.687 62.003 0.59
2026-06-16 322 10543.019 -20.668 -0.196
2026-06-17 324 10485.322 -57.697 -0.547
2026-06-18 325 10443.986 -41.336 -0.394
2026-06-19 325 10443.986 0 0
2026-06-20 325 10443.986 0 0
2026-06-21 325 10443.986 0 0
2026-06-23 326 10388.873 -55.113 -0.528
2026-06-24 323 10453.459 64.586 0.622
2026-06-25 319 10601.578 148.119 1.417
2026-06-26 313 10696.304 94.726 0.894
2026-06-27 314 10696.304 0 0
2026-06-28 314 10696.304 0 0
2026-06-29 311 10760.03 63.726 0.596
2026-06-30 316 10745.39 -14.64 -0.136
2026-07-01 301 10942.594 197.204 1.835
2026-07-02 294 11068.323 125.729 1.149
2026-07-03 298 11068.323 0 0
2026-07-04 298 11068.323 0 0
2026-07-05 298 11068.323 0 0
2026-07-06 301 11030.432 -37.891 -0.342
2026-07-07 299 11052.822 22.39 0.203
2026-07-08 308 10819.449 -233.373 -2.111
2026-07-09 308 10866.813 47.364 0.438
2026-07-10 305 10883.175 16.362 0.151
2026-07-11 305 10883.175 0 0
2026-07-12 305 10883.175 0 0
2026-07-13 304 10843.562 -39.613 -0.364
2026-07-14 316 10678.22 -165.342 -1.525
2026-07-15 316 10745.39 67.17 0.629
2026-07-16 304 10889.203 143.813 1.338
2026-07-17 307 10775.531 -113.672 -1.044
2026-07-18 306 10775.531 0 0
2026-07-19 306 10775.531 0 0
2026-07-20 313 10697.166 -78.365 -0.727
2026-07-21 315 10715.25 18.084 0.169
2026-07-22 321 10550.769 -164.481 -1.535
2026-07-23 321 10589.521 38.752 0.367
2026-07-24 314 10685.971 96.45 0.911
2026-07-25 314 10685.971 0 0
2026-07-26 314 10685.971 0 0
2026-07-27 312 10767.78 81.809 0.766
2026-07-28 304 10837.534 69.754 0.648
2026-07-29 305 10800.504 -37.03 -0.342
2026-07-30 311 10717.833 -82.671 -0.765
2026-07-31 315 10731.612 13.779 0.129
2026-08-01 316 10731.612 0 0
2026-08-02 316 10731.612 0 0
2026-08-03 306 10834.089 102.477 0.955
2026-08-04 306 10969.29 135.201 1.248
2026-08-05 333 10506.42 -462.87 -4.22
2026-08-06 336 10320.841 -185.579 -1.766
2026-08-07 337 10382.844 62.003 0.601
2026-08-08 337 10382.844 0 0
2026-08-09 337 10382.844 0 0
2026-08-10 341 10260.561 -122.283 -1.178
2026-08-11 336 10366.483 105.922 1.032
2026-08-12 339 10406.096 39.613 0.382
2026-08-13 340 10412.985 6.889 0.066
=======
2026-05-11 309 10752.279 0 0
2026-05-12 310 10729.028 0 0
2026-05-13 310 10668.748 0 0
2026-05-14 307 10682.526 0 0
2026-05-15 309 10698.888 0 0
2026-05-16 316 10465.515 0 0
2026-05-17 315 10465.515 0 0
2026-05-18 314 10465.515 0 0
2026-05-19 316 10450.876 0 0
2026-05-20 312 10595.549 0 0
2026-05-21 315 10470.682 0 0
2026-05-22 314 10543.88 0 0
2026-05-23 317 10536.13 0 0
2026-05-24 318 10536.13 0 0
2026-05-25 317 10536.13 0 0
2026-05-26 318 10536.13 0 0
2026-05-27 321 10462.932 0 0
2026-05-28 315 10435.375 0 0
2026-05-29 317 10518.046 0 0
2026-05-30 318 10497.378 0 0
2026-05-31 317 10497.378 0 0
2026-06-01 317 10497.378 0 0
2026-06-02 319 10427.624 0 0
2026-06-03 337 10207.169 0 0
2026-06-04 330 10317.397 0 0
2026-06-05 329 10315.674 0 0
2026-06-06 330 10243.338 0 0
2026-06-07 330 10243.338 0 0
2026-06-09 330 10259.7 0 0
2026-06-10 316 10450.014 0 0
2026-06-11 313 10495.656 0 0
2026-06-12 312 10546.464 0 0
2026-06-13 318 10501.684 0 0
2026-06-14 318 10501.684 0 0
2026-06-16 319 10563.687 0 0
2026-06-17 322 10543.019 0 0
2026-06-18 325 10485.322 0 0
2026-06-19 325 10443.986 0 0
2026-06-20 325 10443.986 0 0
2026-06-21 325 10443.986 0 0
2026-06-22 325 10443.986 0 0
2026-06-23 330 10338.064 0 0
2026-06-24 325 10388.873 0 0
2026-06-25 324 10453.459 0 0
2026-06-26 317 10601.578 0 0
2026-06-27 313 10696.304 0 0
2026-06-28 314 10696.304 0 0
2026-06-29 314 10696.304 0 0
2026-06-30 312 10760.03 0 0
2026-07-01 318 10745.39 0 0
2026-07-02 301 10942.594 0 0
2026-07-03 296 11068.323 0 0
2026-07-04 298 11068.323 0 0
2026-07-05 298 11068.323 0 0
2026-07-06 297 11068.323 0 0
2026-07-07 302 11030.432 0 0
2026-07-08 297 11052.822 0 0
2026-07-09 306 10819.449 0 0
2026-07-10 307 10866.813 0 0
2026-07-11 305 10883.175 0 0
2026-07-12 305 10883.175 0 0
2026-07-13 302 10883.175 0 0
2026-07-14 304 10843.562 0 0
2026-07-15 318 10678.22 0 0
2026-07-16 314 10745.39 0 0
2026-07-17 303 10889.203 0 0
2026-07-18 307 10775.531 0 0
2026-07-19 306 10775.531 0 0
2026-07-20 305 10775.531 0 0
2026-07-21 313 10697.166 0 0
2026-07-22 318 10715.25 0 0
2026-07-23 323 10550.769 0 0
2026-07-24 318 10589.521 0 0
2026-07-25 314 10685.971 0 0
2026-07-26 314 10685.971 0 0
2026-07-27 314 10685.971 0 0
2026-07-28 309 10767.78 0 0
2026-07-29 304 10837.534 0 0
2026-07-30 305 10800.504 0 0
2026-07-31 315 10717.833 0 0
2026-08-01 315 10731.612 0 0
2026-08-02 316 10731.612 0 0
2026-08-03 315 10731.612 0 0
2026-08-04 307 10834.089 0 0
2026-08-05 309 10969.29 0 0
2026-08-06 333 10506.42 0 0
2026-08-07 336 10320.841 0 0
2026-08-08 337 10382.844 0 0
2026-08-09 337 10382.844 0 0
2026-08-10 337 10382.844 0 0
2026-08-11 342 10260.561 0 0
2026-08-12 338 10366.483 0 0
2026-08-13 339 10406.096 0 0
2026-08-14 340 10412.985 0 0
>>>>>>> 2b550085baac25c543016ca743053a87bf115d5d
