2026-03-10 3196 1122.739 0 0
2026-03-11 3196 1122.739 0 0
2026-03-12 3186 1122.739 0 0
2026-03-13 3182 1122.739 0 0
2026-03-14 3174 1122.739 0 0
2026-03-15 3173 1122.739 0 0
2026-03-16 3174 1122.739 0 0
2026-03-17 3178 1122.739 0 0
2026-03-18 3188 1122.739 0 0
2026-03-19 3164 1122.739 0 0
2026-03-20 3157 1122.739 0 0
2026-03-21 3157 1122.739 0 0
2026-03-22 3157 1122.739 0 0
2026-03-23 3138 1122.739 0 0
2026-03-24 3142 1122.739 0 0
2026-03-25 3154 1122.739 0 0
2026-03-27 3147 1122.739 0 0
2026-03-28 3141 1122.739 0 0
2026-03-29 3141 1122.739 0 0
2026-03-30 3124 1122.739 0 0
2026-03-31 3127 1122.739 0 0
2026-04-01 3148 1122.739 0 0
2026-04-02 3146 1122.739 0 0
2026-04-03 3137 1122.739 0 0
2026-04-04 3137 1122.739 0 0
2026-04-05 3137 1122.739 0 0
2026-04-06 3138 1122.739 0 0
2026-04-07 3138 1122.739 0 0
2026-04-08 3169 1122.739 0 0
2026-04-09 3176 1122.739 0 0
2026-04-10 3179 1122.739 0 0
2026-04-11 3181 1122.739 0 0
2026-04-12 3181 1122.739 0 0
2026-04-13 3184 1122.739 0 0
2026-04-14 3189 1122.739 0 0
2026-04-15 3211 1122.739 0 0
2026-04-16 3217 1122.739 0 0
2026-04-17 3214 1122.739 0 0
2026-04-18 3216 1122.739 0 0
2026-04-19 3216 1122.739 0 0
2026-04-20 3220 1122.739 0 0
2026-04-21 3218 1122.739 0 0
2026-04-22 3219 1122.739 0 0
2026-04-23 3205 1122.739 0 0
2026-04-24 3200 1122.739 0 0
2026-04-25 3195 1122.739 0 0
2026-04-26 3195 1122.739 0 0
2026-04-27 3194 1122.739 0 0
2026-04-28 3191 1122.739 0 0
2026-04-29 3189 1122.739 0 0
2026-04-30 3183 1122.739 0 0
2026-05-01 3189 1122.739 0 0
2026-05-02 3189 1122.739 0 0
2026-05-04 3194 1122.739 0 0
2026-05-05 3201 1122.739 0 0
2026-05-06 3203 1122.739 0 0
2026-05-07 3219 1122.739 0 0
2026-05-08 3230 1122.739 0 0
2026-05-09 3231 1122.739 0 0
2026-05-10 3231 1122.739 0 0
2026-05-11 3229 1122.739 0 0
2026-05-12 3218 1122.739 0 0
2026-05-13 3214 1122.739 0 0
2026-05-14 3212 1122.739 0 0
2026-05-15 3202 1122.739 0 0
2026-05-16 3195 1122.739 0 0
2026-05-17 3195 1122.739 0 0
2026-05-18 3195 1122.739 0 0
2026-05-19 3198 1122.739 0 0
2026-05-20 3194 1122.739 0 0
2026-05-21 3197 1122.739 0 0
2026-05-22 3196 1122.739 0 0
2026-05-23 3196 1122.739 0 0
2026-05-24 3196 1122.739 0 0
2026-05-26 3201 1122.739 0 0
2026-05-27 3206 1122.739 0 0
2026-05-28 3201 1122.739 0 0
2026-05-29 3204 1122.739 0 0
2026-05-31 3204 1122.739 0 0
2026-06-01 3196 1122.739 0 0
2026-06-02 3197 1122.739 0 0
2026-06-03 3181 1122.739 0 0
2026-06-04 3180 1122.739 0 0
2026-06-05 3164 1122.739 0 0
2026-06-06 3161 1122.739 0 0
2026-06-07 3161 1122.739 0 0
2026-06-08 3151 1122.739 0 0
2026-06-09 3153 1122.739 0 0
2026-06-10 3151 1122.739 0 0
2026-06-11 3154 1122.739 0 0
2026-06-12 3163 1122.739 0 0
2026-06-13 3169 1122.739 0 0
2026-06-15 3181 1122.739 0 0
2026-06-16 3183 1122.739 0 0
2026-06-17 3178 1122.739 0 0
2026-06-18 3181 1122.739 0 0
2026-06-19 3176 1122.739 0 0
2026-06-20 3176 1122.739 0 0
2026-06-21 3176 1122.739 0 0
2026-06-23 3160 1122.739 0 0
2026-06-24 3156 1122.739 0 0
2026-06-25 3154 1122.739 0 0
2026-06-26 3149 1122.739 0 0
2026-06-27 3149 1122.739 0 0
2026-06-28 3149 1122.739 0 0
2026-06-29 3160 1122.739 0 0
2026-06-30 3166 1122.739 0 0
2026-07-01 3167 1122.739 0 0
2026-07-02 3168 1122.739 0 0
2026-07-03 3181 1122.739 0 0
2026-07-04 3181 1122.739 0 0
2026-07-05 3181 1122.739 0 0
2026-07-06 3187 1122.739 0 0
2026-07-07 3174 1122.739 0 0
2026-07-08 3168 1122.739 0 0
2026-07-09 3170 1122.739 0 0
2026-07-10 3178 1122.739 0 0
2026-07-11 3179 1122.739 0 0
2026-07-12 3179 1122.739 0 0
2026-07-13 3170 1122.739 0 0
2026-07-14 3175 1122.739 0 0
2026-07-15 3175 1122.739 0 0
2026-07-16 3170 1122.739 0 0
2026-07-17 3150 1122.739 0 0
2026-07-18 3150 1122.739 0 0
2026-07-19 3149 1122.739 0 0
2026-07-20 3152 1122.739 0 0
2026-07-21 3153 1122.739 0 0
2026-07-22 3153 1122.739 0 0
2026-07-23 3159 1122.739 0 0
2026-07-24 3142 1122.739 0 0
2026-07-25 3142 1122.739 0 0
2026-07-26 3142 1122.739 0 0
2026-07-27 3150 1122.739 0 0
2026-07-28 3151 1122.739 0 0
2026-07-29 3153 1122.739 0 0
2026-07-30 3152 1122.739 0 0
2026-07-31 3168 1122.739 0 0
2026-08-01 3169 1122.739 0 0
2026-08-02 3169 1122.739 0 0
2026-08-03 3180 1122.739 0 0
2026-08-04 3189 1122.739 0 0
2026-08-05 3198 1122.739 0 0
2026-08-06 3196 1122.739 0 0
2026-08-07 3202 1122.739 0 0
2026-08-08 3203 1122.739 0 0
2026-08-09 3203 1122.739 0 0
2026-08-10 3214 1122.739 0 0
2026-08-11 3215 1122.739 0 0
2026-08-12 3209 1122.739 0 0
2026-08-13 3209 1122.739 0 0
2026-08-15 3209 1122.739 0 0
2026-08-16 3209 1122.739 0 0
2026-08-17 3205 1122.739 0 0
2026-08-18 3204 1122.739 0 0
2026-08-19 3199 1122.739 0 0
2026-08-20 3207 1122.739 0 0
2026-08-21 3209 1122.739 0 0
2026-08-23 3210 1122.739 0 0
2026-08-24 3202 1122.739 0 0
2026-08-25 3209 1122.739 0 0
2026-08-26 3212 1122.739 0 0
2026-08-27 3209 1122.739 0 0
2026-08-28 3218 1122.739 0 0
2026-08-29 3217 1122.739 0 0
2026-08-30 3217 1122.739 0 0
2026-08-31 3220 1122.739 0 0
2026-09-01 3223 1122.739 0 0
2026-09-02 3204 1122.739 0 0
2026-09-03 3210 1122.739 0 0
2026-09-04 3215 1122.739 0 0
