2026-03-10 2903 1297.284 0 0
2026-03-11 2862 1320.685 23.401 1.804
2026-03-12 2870 1310.021 -10.664 -0.807
2026-03-13 2876 1303.547 -6.474 -0.494
2026-03-14 2889 1294.745 -8.802 -0.675
2026-03-15 2889 1294.745 0 0
2026-03-16 2913 1276.948 -17.797 -1.375
2026-03-17 2894 1287.448 10.5 0.822
2026-03-18 2929 1271.076 -16.372 -1.272
2026-03-19 2937 1251.769 -19.307 -1.519
2026-03-20 2912 1257.882 6.113 0.488
2026-03-21 2906 1261.222 3.34 0.266
2026-03-22 2906 1261.222 0 0
2026-03-23 2806 1315.082 53.86 4.27
2026-03-24 2878 1274.761 -40.321 -3.066
2026-03-25 2892 1273.875 -0.886 -0.07
2026-03-27 2942 1237.865 -36.01 -2.827
2026-03-28 2944 1231.732 -6.133 -0.495
2026-03-29 2944 1231.732 0 0
2026-03-30 2964 1215.309 -16.423 -1.333
2026-03-31 2899 1257.746 42.437 3.492
2026-04-01 2815 1319.972 62.226 4.947
2026-04-02 2784 1336.152 16.18 1.226
2026-04-03 2790 1327.817 -8.335 -0.624
2026-04-04 2790 1327.817 0 0
2026-04-05 2790 1327.817 0 0
2026-04-06 2796 1327.817 0 0
2026-04-07 2775 1342.45 14.633 1.102
2026-04-08 2671 1435.935 93.485 6.964
2026-04-09 2636 1470.066 34.131 2.377
2026-04-10 2643 1468.864 -1.202 -0.082
2026-04-11 2641 1474.377 5.513 0.375
2026-04-12 2641 1474.377 0 0
2026-04-13 2640 1474.377 0 0
2026-04-14 2594 1519.18 44.803 3.039
2026-04-15 2606 1517.379 -1.801 -0.119
2026-04-16 2552 1569.459 52.08 3.432
2026-04-17 2565 1559.847 -9.612 -0.612
2026-04-18 2560 1565.375 5.528 0.354
2026-04-19 2560 1565.375 0 0
2026-04-20 2572 1561.548 -3.827 -0.244
2026-04-21 2577 1552.219 -9.329 -0.597
2026-04-22 2559 1568.703 16.484 1.062
2026-04-23 2557 1567.145 -1.558 -0.099
2026-04-24 2587 1539.668 -27.477 -1.753
2026-04-25 2587 1538.947 -0.721 -0.047
2026-04-26 2587 1538.947 0 0
2026-04-27 2590 1532.879 -6.068 -0.394
2026-04-28 2629 1496.534 -36.345 -2.371
2026-04-29 2605 1518.694 22.16 1.481
2026-04-30 2563 1548.841 30.147 1.985
2026-05-01 2562 1552.838 3.997 0.258
2026-05-02 2558 1557.771 4.933 0.318
2026-05-04 2572 1553.959 -3.812 -0.245
2026-05-05 2510 1593.172 39.213 2.523
2026-05-06 2500 1612.138 18.966 1.19
2026-05-07 2482 1645.434 33.296 2.065
2026-05-08 2490 1643.762 -1.672 -0.102
2026-05-09 2492 1643.375 -0.387 -0.024
2026-05-10 2492 1643.375 0 0
2026-05-11 2485 1647.953 4.578 0.279
2026-05-12 2491 1631.937 -16.016 -0.972
2026-05-13 2516 1599.953 -31.984 -1.96
2026-05-14 2514 1595.448 -4.505 -0.282
2026-05-15 2571 1555.966 -39.482 -2.475
2026-05-16 2578 1549.451 -6.515 -0.419
2026-05-17 2578 1549.451 0 0
2026-05-18 2576 1544.929 -4.522 -0.292
2026-05-19 2627 1507.897 -37.032 -2.397
2026-05-20 2637 1503.629 -4.268 -0.283
2026-05-21 2635 1506.6 2.971 0.198
2026-05-22 2603 1528.434 21.834 1.449
2026-05-23 2610 1525.598 -2.836 -0.186
2026-05-24 2610 1525.598 0 0
2026-05-26 2501 1615.781 90.183 5.911
2026-05-27 2491 1622.362 6.581 0.407
2026-05-28 2522 1586.578 -35.784 -2.206
2026-05-29 2487 1613.5 26.922 1.697
2026-05-31 2487 1616.701 3.201 0.198
2026-06-01 2495 1616.701 0 0
2026-06-02 2532 1579.266 -37.435 -2.316
2026-06-03 2530 1577.662 -1.604 -0.102
2026-06-04 2494 1606.371 28.709 1.82
2026-06-05 2472 1615.016 8.645 0.538
2026-06-06 2478 1605.122 -9.894 -0.613
2026-06-07 2478 1605.122 0 0
2026-06-08 2461 1608.867 3.745 0.233
2026-06-09 2469 1607.948 -0.919 -0.057
2026-06-10 2454 1621.975 14.027 0.872
2026-06-11 2434 1650.606 28.631 1.765
2026-06-12 2422 1667.307 16.701 1.012
2026-06-13 2424 1675.412 8.105 0.486
2026-06-15 2434 1679.161 3.749 0.224
2026-06-16 2435 1677.265 -1.896 -0.113
2026-06-17 2372 1732.171 54.906 3.274
2026-06-18 2388 1715.844 -16.327 -0.943
2026-06-19 2397 1696.203 -19.641 -1.145
2026-06-20 2397 1696.203 0 0
2026-06-21 2398 1696.203 0 0
2026-06-23 2380 1705.759 9.556 0.563
2026-06-24 2395 1688.325 -17.434 -1.022
2026-06-25 2426 1660.697 -27.628 -1.636
2026-06-26 2413 1668.936 8.239 0.496
2026-06-27 2411 1671.598 2.662 0.16
2026-06-28 2410 1671.598 0 0
2026-06-29 2410 1681.197 9.599 0.574
2026-06-30 2477 1628.241 -52.956 -3.15
2026-07-01 2421 1680.103 51.862 3.185
2026-07-02 2410 1697.985 17.882 1.064
2026-07-03 2402 1713.524 15.539 0.915
2026-07-04 2402 1713.524 0 0
2026-07-05 2402 1713.524 0 0
2026-07-06 2375 1742.442 28.918 1.688
2026-07-07 2365 1735.702 -6.74 -0.387
2026-07-08 2396 1701.04 -34.662 -1.997
2026-07-09 2452 1655.576 -45.464 -2.673
2026-07-10 2468 1644.546 -11.03 -0.666
2026-07-11 2470 1643.231 -1.315 -0.08
2026-07-12 2470 1643.231 0 0
2026-07-13 2440 1660.255 17.024 1.036
2026-07-14 2453 1657.604 -2.651 -0.16
2026-07-15 2409 1698.148 40.544 2.446
2026-07-16 2463 1645.11 -53.038 -3.123
2026-07-17 2497 1586.734 -58.376 -3.548
2026-07-18 2494 1586.371 -0.363 -0.023
2026-07-19 2493 1586.371 0 0
2026-07-20 2474 1611.575 25.204 1.589
2026-07-21 2476 1613.447 1.872 0.116
2026-07-22 2479 1604.395 -9.052 -0.561
2026-07-23 2516 1568.899 -35.496 -2.212
2026-07-24 2497 1576.073 7.174 0.457
2026-07-25 2496 1577.149 1.076 0.068
2026-07-26 2496 1577.149 0 0
2026-07-27 2506 1577.887 0.738 0.047
2026-07-28 2532 1562.074 -15.813 -1.002
2026-07-29 2530 1562.554 0.48 0.031
2026-07-30 2436 1655.683 93.129 5.96
2026-07-31 2424 1685.322 29.639 1.79
2026-08-01 2424 1685.71 0.388 0.023
2026-08-02 2424 1685.71 0 0
2026-08-03 2437 1680.491 -5.219 -0.31
2026-08-04 2422 1695.828 15.337 0.913
2026-08-05 2379 1740.503 44.675 2.634
2026-08-06 2428 1696.269 -44.234 -2.541
2026-08-07 2474 1664.575 -31.694 -1.868
2026-08-08 2465 1667.267 2.692 0.162
2026-08-09 2465 1667.267 0 0
2026-08-10 2457 1679.246 11.979 0.718
2026-08-11 2447 1683.738 4.492 0.268
2026-08-12 2478 1655.813 -27.925 -1.659
2026-08-13 2479 1645.343 -10.47 -0.632
2026-08-15 2484 1649.368 4.025 0.245
2026-08-16 2483 1649.368 0 0
2026-08-17 2481 1657.622 8.254 0.5
2026-08-18 2497 1643.566 -14.056 -0.848
2026-08-19 2490 1637.551 -6.015 -0.366
2026-08-20 2444 1693.599 56.048 3.423
2026-08-21 2421 1723.821 30.222 1.784
2026-08-23 2422 1722.211 -1.61 -0.093
2026-08-24 2422 1718.429 -3.782 -0.22
2026-08-25 2390 1745.396 26.967 1.569
2026-08-26 2362 1769.448 24.052 1.378
2026-08-27 2366 1780.076 10.628 0.601
2026-08-28 2360 1773.285 -6.791 -0.382
2026-08-29 2365 1769.575 -3.71 -0.209
2026-08-30 2365 1769.575 0 0
2026-08-31 2395 1756.021 -13.554 -0.766
2026-09-01 2396 1756.021 0 0
2026-09-02 2436 1709.293 0 0
2026-09-03 2479 1665.747 0 0
