2026-03-10 3028 1221.887 0 0
2026-03-11 3029 1227.58 5.693 0.466
2026-03-12 3025 1219.061 -8.519 -0.694
2026-03-13 3026 1214.426 -4.635 -0.38
2026-03-14 3034 1206.226 -8.2 -0.675
2026-03-15 3034 1206.226 0 0
2026-03-16 3035 1206.226 0 0
2026-03-17 3020 1210.52 4.294 0.356
2026-03-18 3023 1210.52 0 0
2026-03-19 2999 1213.447 2.927 0.242
2026-03-20 2987 1213.587 0.14 0.012
2026-03-21 2977 1216.809 3.222 0.265
2026-03-22 2977 1216.809 0 0
2026-03-23 2961 1216.809 0 0
2026-03-24 2959 1221.179 4.37 0.359
2026-03-25 2971 1220.331 -0.848 -0.069
2026-03-27 2966 1220.331 0 0
2026-03-28 2971 1214.286 -6.045 -0.495
2026-03-29 2971 1214.286 0 0
2026-03-30 2966 1214.286 0 0
2026-03-31 2988 1208.438 -5.848 -0.482
2026-04-01 2988 1214.426 5.988 0.496
2026-04-02 2968 1225.154 10.728 0.883
2026-04-03 2979 1217.512 -7.642 -0.624
2026-04-04 2979 1217.512 0 0
2026-04-05 2979 1217.512 0 0
2026-04-06 2980 1217.512 0 0
2026-04-07 2980 1216.528 -0.984 -0.081
2026-04-08 3009 1216.528 0 0
2026-04-09 2973 1232.604 16.076 1.321
2026-04-10 2977 1231.596 -1.008 -0.082
2026-04-11 2974 1236.219 4.623 0.375
2026-04-12 2974 1236.219 0 0
2026-04-13 2977 1236.219 0 0
2026-04-14 2989 1234.337 -1.882 -0.152
2026-04-15 2987 1244.686 10.349 0.838
2026-04-16 3000 1243.511 -1.175 -0.094
2026-04-17 3015 1240.73 -2.781 -0.224
2026-04-18 3013 1245.127 4.397 0.354
2026-04-19 3013 1245.127 0 0
2026-04-20 3014 1245.127 0 0
2026-04-21 3020 1240.73 -4.397 -0.353
2026-04-22 3017 1238.688 -2.042 -0.165
2026-04-23 3009 1235.06 -3.628 -0.293
2026-04-24 3003 1234.337 -0.723 -0.059
2026-04-25 2999 1233.759 -0.578 -0.047
2026-04-26 2999 1233.759 0 0
2026-04-27 3000 1233.759 0 0
2026-04-28 2993 1236.944 3.185 0.258
2026-04-29 2999 1233.326 -3.618 -0.292
2026-04-30 2998 1233.181 -0.145 -0.012
2026-05-01 2998 1236.364 3.183 0.258
2026-05-02 2997 1240.292 3.928 0.318
2026-05-04 2998 1240.292 0 0
2026-05-05 3010 1234.048 -6.244 -0.503
2026-05-06 3012 1234.048 0 0
2026-05-07 3020 1239.125 5.077 0.411
2026-05-08 3023 1241.314 2.189 0.177
2026-05-09 3022 1241.022 -0.292 -0.024
2026-05-10 3022 1241.022 0 0
<<<<<<< HEAD
2026-05-11 3023 1241.022 0 0
2026-05-12 3011 1241.607 0.585 0.047
2026-05-13 3015 1236.944 -4.663 -0.376
2026-05-14 3019 1234.048 -2.896 -0.234
2026-05-15 3022 1231.021 -3.027 -0.245
2026-05-16 3022 1225.866 -5.155 -0.419
2026-05-17 3022 1225.866 0 0
2026-05-18 3017 1225.866 0 0
2026-05-19 3017 1227.008 1.142 0.093
2026-05-20 3025 1222.312 -4.696 -0.383
2026-05-21 3025 1224.727 2.415 0.198
2026-05-22 3026 1224.727 0 0
2026-05-23 3030 1222.454 -2.273 -0.186
2026-05-24 3030 1222.454 0 0
2026-05-26 3030 1222.454 0 0
2026-05-27 3022 1225.154 2.7 0.221
2026-05-28 3026 1225.439 0.285 0.023
2026-05-29 3011 1227.58 2.141 0.175
2026-05-31 3011 1230.015 2.435 0.198
2026-06-01 3012 1230.015 0 0
2026-06-02 3019 1224.442 -5.573 -0.453
2026-06-03 3005 1227.294 2.852 0.233
2026-06-04 3006 1223.874 -3.42 -0.279
2026-06-05 2990 1225.866 1.992 0.163
2026-06-06 3001 1218.356 -7.51 -0.613
2026-06-07 3001 1218.356 0 0
2026-06-08 2992 1218.356 0 0
2026-06-09 2998 1216.528 -1.828 -0.15
2026-06-10 2992 1218.638 2.11 0.173
2026-06-11 2992 1217.652 -0.986 -0.081
2026-06-12 3003 1214.006 -3.646 -0.299
2026-06-13 3004 1219.907 5.901 0.486
2026-06-15 3014 1219.907 0 0
2026-06-16 3009 1223.447 3.54 0.29
2026-06-17 3014 1223.447 0 0
2026-06-18 3023 1221.463 -1.984 -0.162
2026-06-19 3034 1210.659 -10.804 -0.885
2026-06-20 3034 1210.659 0 0
2026-06-21 3034 1210.659 0 0
2026-06-23 3026 1206.364 -4.295 -0.355
2026-06-24 3039 1199.772 -6.592 -0.546
2026-06-25 3039 1195.282 -4.49 -0.374
2026-06-26 3027 1199.09 3.808 0.319
2026-06-27 3027 1201.003 1.913 0.16
2026-06-28 3027 1201.003 0 0
2026-06-29 3040 1201.003 0 0
2026-06-30 3025 1203.883 2.88 0.24
2026-07-01 3039 1204.985 1.102 0.092
2026-07-02 3049 1200.866 -4.119 -0.342
2026-07-03 3052 1206.088 5.222 0.435
2026-07-04 3052 1206.088 0 0
2026-07-05 3052 1206.088 0 0
2026-07-06 3050 1206.088 0 0
2026-07-07 3042 1203.471 -2.617 -0.217
2026-07-08 3030 1205.122 1.651 0.137
2026-07-09 3038 1202.236 -2.886 -0.239
2026-07-10 3041 1204.985 2.749 0.229
2026-07-11 3043 1204.021 -0.964 -0.08
2026-07-12 3043 1204.021 0 0
2026-07-13 3023 1204.021 0 0
2026-07-14 3038 1202.099 -1.922 -0.16
2026-07-15 3039 1206.226 4.127 0.343
2026-07-16 3031 1205.398 -0.828 -0.069
2026-07-17 3023 1206.088 0.69 0.057
2026-07-18 3020 1205.812 -0.276 -0.023
2026-07-19 3019 1205.812 0 0
2026-07-20 3017 1205.812 0 0
2026-07-21 3036 1202.236 -3.576 -0.297
2026-07-22 3029 1202.099 -0.137 -0.011
2026-07-23 3032 1202.647 0.548 0.046
2026-07-24 3030 1198.544 -4.103 -0.341
2026-07-25 3027 1199.363 0.819 0.068
2026-07-26 3027 1199.363 0 0
2026-07-27 3039 1199.363 0 0
2026-07-28 3033 1198.544 -0.819 -0.068
2026-07-29 3033 1200.046 1.502 0.125
2026-07-30 3030 1199.636 -0.41 -0.034
2026-07-31 3021 1212.47 12.834 1.07
2026-08-01 3021 1212.749 0.279 0.023
2026-08-02 3021 1212.749 0 0
2026-08-03 3027 1212.749 0 0
2026-08-04 3029 1213.587 0.838 0.069
2026-08-05 3040 1214.566 0.979 0.081
2026-08-06 3038 1217.652 3.086 0.254
2026-08-07 3051 1215.827 -1.825 -0.15
2026-08-08 3052 1217.793 1.966 0.162
2026-08-09 3052 1217.793 0 0
2026-08-10 3055 1217.793 0 0
2026-08-11 3055 1217.793 0 0
2026-08-12 3051 1216.528 -1.265 -0.104
2026-08-13 3048 1216.528 0 0
=======
2026-05-11 3022 1241.022 0 0
2026-05-12 3020 1241.022 0 0
2026-05-13 3010 1241.607 0 0
2026-05-14 3008 1236.944 0 0
2026-05-15 3019 1234.048 0 0
2026-05-16 3022 1231.021 0 0
2026-05-17 3022 1225.866 0 0
2026-05-18 3015 1225.866 0 0
2026-05-19 3020 1225.866 0 0
2026-05-20 3013 1227.008 0 0
2026-05-21 3026 1222.312 0 0
2026-05-22 3020 1224.727 0 0
2026-05-23 3026 1224.727 0 0
2026-05-24 3030 1222.454 0 0
2026-05-25 3028 1222.454 0 0
2026-05-26 3029 1222.454 0 0
2026-05-27 3028 1222.454 0 0
2026-05-28 3021 1225.154 0 0
2026-05-29 3023 1225.439 0 0
2026-05-30 3011 1227.58 0 0
2026-05-31 3011 1230.015 0 0
2026-06-01 3017 1230.015 0 0
2026-06-02 3011 1230.015 0 0
2026-06-03 3021 1224.442 0 0
2026-06-04 3000 1227.294 0 0
2026-06-05 3002 1223.874 0 0
2026-06-06 2990 1225.866 0 0
2026-06-07 3001 1218.356 0 0
2026-06-09 2992 1218.356 0 0
2026-06-10 2997 1216.528 0 0
2026-06-11 2989 1218.638 0 0
2026-06-12 3000 1217.652 0 0
2026-06-13 3003 1214.006 0 0
2026-06-14 3004 1219.907 0 0
2026-06-16 3012 1219.907 0 0
2026-06-17 3012 1223.447 0 0
2026-06-18 3014 1223.447 0 0
2026-06-19 3022 1221.463 0 0
2026-06-20 3034 1210.659 0 0
2026-06-21 3034 1210.659 0 0
2026-06-22 3033 1210.659 0 0
2026-06-23 3025 1210.659 0 0
2026-06-24 3027 1206.364 0 0
2026-06-25 3039 1199.772 0 0
2026-06-26 3028 1195.282 0 0
2026-06-27 3027 1199.09 0 0
2026-06-28 3027 1201.003 0 0
2026-06-29 3028 1201.003 0 0
2026-06-30 3039 1201.003 0 0
2026-07-01 3037 1203.883 0 0
2026-07-02 3048 1204.985 0 0
2026-07-03 3055 1200.866 0 0
2026-07-04 3052 1206.088 0 0
2026-07-05 3052 1206.088 0 0
2026-07-06 3054 1206.088 0 0
2026-07-07 3039 1206.088 0 0
2026-07-08 3041 1203.471 0 0
2026-07-09 3022 1205.122 0 0
2026-07-10 3045 1202.236 0 0
2026-07-11 3041 1204.985 0 0
2026-07-12 3043 1204.021 0 0
2026-07-13 3029 1204.021 0 0
2026-07-14 3027 1204.021 0 0
2026-07-15 3043 1202.099 0 0
2026-07-16 3045 1206.226 0 0
2026-07-17 3024 1205.398 0 0
2026-07-18 3023 1206.088 0 0
2026-07-19 3020 1205.812 0 0
2026-07-20 3021 1205.812 0 0
2026-07-21 3014 1205.812 0 0
2026-07-22 3036 1202.236 0 0
2026-07-23 3035 1202.099 0 0
2026-07-24 3028 1202.647 0 0
2026-07-25 3030 1198.544 0 0
2026-07-26 3027 1199.363 0 0
2026-07-27 3031 1199.363 0 0
2026-07-28 3032 1199.363 0 0
2026-07-29 3035 1198.544 0 0
2026-07-30 3032 1200.046 0 0
2026-07-31 3038 1199.636 0 0
2026-08-01 3021 1212.47 0 0
2026-08-02 3021 1212.749 0 0
2026-08-03 3025 1212.749 0 0
2026-08-04 3029 1212.749 0 0
2026-08-05 3035 1213.587 0 0
2026-08-06 3042 1214.566 0 0
2026-08-07 3039 1217.652 0 0
2026-08-08 3051 1215.827 0 0
2026-08-09 3052 1217.793 0 0
2026-08-10 3054 1217.793 0 0
2026-08-11 3051 1217.793 0 0
2026-08-12 3055 1217.793 0 0
2026-08-13 3052 1216.528 0 0
2026-08-14 3051 1216.528 0 0
>>>>>>> 2b550085baac25c543016ca743053a87bf115d5d
2026-08-15 3050 1216.809 0 0
2026-08-16 3045 1220.614 0 0
2026-08-17 3045 1220.614 0 0
2026-08-18 3050 1220.614 0 0
2026-08-19 3046 1221.321 0 0
2026-08-20 3036 1220.755 0 0
2026-08-21 3020 1229.298 0 0
2026-08-22 3028 1231.452 0 0
2026-08-24 3032 1230.302 0 0
2026-08-25 3030 1230.302 0 0
