2026-03-10 2328 1751.931 0 0
2026-03-11 2309 1767.998 16.067 0.917
2026-03-12 2338 1728.845 -39.153 -2.215
2026-03-13 2310 1748.532 19.687 1.139
2026-03-14 2304 1748.532 0 0
2026-03-15 2304 1748.532 0 0
2026-03-16 2273 1774.637 26.105 1.493
2026-03-17 2284 1763.336 -11.301 -0.637
2026-03-18 2277 1772.417 9.081 0.515
2026-03-19 2257 1790.725 18.308 1.033
2026-03-20 2267 1765.641 -25.084 -1.401
2026-03-21 2270 1765.641 0 0
2026-03-22 2270 1765.641 0 0
2026-03-23 2251 1773.532 7.891 0.447
2026-03-24 2223 1800.09 26.558 1.497
2026-03-25 2219 1818.051 17.961 0.998
2026-03-27 2285 1748.974 -69.077 -3.8
2026-03-28 2283 1748.974 0 0
2026-03-29 2282 1748.974 0 0
2026-03-30 2346 1695.659 -53.315 -3.048
2026-03-31 2240 1791.42 95.761 5.647
2026-04-01 2219 1818.945 27.525 1.536
2026-04-02 2217 1817.872 -1.073 -0.059
2026-04-03 2217 1817.872 0 0
2026-04-04 2217 1817.872 0 0
2026-04-05 2217 1817.872 0 0
2026-04-06 2154 1882.624 64.752 3.562
2026-04-07 2138 1894.398 11.774 0.625
2026-04-08 2028 2022.472 128.074 6.761
2026-04-09 2011 2044.852 22.38 1.107
2026-04-10 1994 2065.517 20.665 1.011
2026-04-11 2001 2065.517 0 0
2026-04-12 2001 2065.517 0 0
2026-04-13 1993 2084.856 19.339 0.936
2026-04-14 2005 2075.586 -9.27 -0.445
2026-04-15 2023 2064.623 -10.963 -0.528
2026-04-16 1977 2117.032 52.409 2.538
2026-04-17 1934 2185.993 68.961 3.257
2026-04-18 1939 2185.993 0 0
2026-04-19 1939 2185.993 0 0
2026-04-20 1921 2209.678 23.685 1.083
2026-04-21 1878 2248.704 39.026 1.766
2026-04-22 1874 2242.486 -6.218 -0.277
2026-04-23 1808 2316.276 73.79 3.291
2026-04-24 1771 2358.249 41.973 1.812
2026-04-25 1770 2358.249 0 0
2026-04-26 1770 2358.249 0 0
2026-04-27 1806 2311.436 -46.813 -1.985
2026-04-28 1874 2223.588 -87.848 -3.801
2026-04-29 1856 2247.536 23.948 1.077
2026-04-30 1779 2339.677 92.141 4.1
2026-05-01 1812 2307.133 -32.544 -1.391
2026-05-02 1813 2307.133 0 0
2026-05-04 1817 2296.422 -10.711 -0.464
2026-05-05 1818 2312.015 15.593 0.679
2026-05-06 1772 2379.598 67.583 2.923
2026-05-07 1840 2299.22 -80.378 -3.378
2026-05-08 1820 2325.399 26.179 1.139
2026-05-09 1819 2325.399 0 0
2026-05-10 1819 2325.399 0 0
<<<<<<< HEAD
2026-05-11 1778 2388.804 63.405 2.727
2026-05-12 1813 2324.01 -64.794 -2.712
2026-05-13 1773 2377.493 53.483 2.301
2026-05-14 1804 2339.214 -38.279 -1.61
2026-05-15 1857 2271.926 -67.288 -2.877
2026-05-16 1852 2271.926 0 0
2026-05-17 1852 2271.926 0 0
2026-05-18 1894 2204.912 -67.014 -2.95
2026-05-19 1915 2185.741 -19.171 -0.869
2026-05-20 1842 2275.346 89.605 4.1
2026-05-21 1844 2275.346 0 0
2026-05-22 1814 2313.793 38.447 1.69
2026-05-23 1812 2313.793 0 0
2026-05-24 1812 2313.793 0 0
2026-05-26 1764 2390.783 76.99 3.327
2026-05-27 1788 2345.738 -45.045 -1.884
2026-05-28 1775 2359.417 13.679 0.583
2026-05-29 1824 2288.961 -70.456 -2.986
2026-05-31 1824 2288.961 0 0
2026-06-01 1856 2263.898 -25.063 -1.095
2026-06-02 1779 2350.81 86.912 3.839
2026-06-03 1737 2419.097 68.287 2.905
2026-06-04 1757 2379.861 -39.236 -1.622
2026-06-05 1887 2199.356 -180.505 -7.585
2026-06-06 1884 2199.356 0 0
2026-06-07 1884 2199.356 0 0
2026-06-08 1800 2281.565 82.209 3.738
2026-06-09 1837 2252.945 -28.62 -1.254
2026-06-10 1888 2190.928 -62.017 -2.753
2026-06-11 1771 2313.52 122.592 5.595
2026-06-12 1781 2300.651 -12.869 -0.556
2026-06-13 1789 2300.651 0 0
2026-06-15 1752 2379.535 78.884 3.429
2026-06-16 1876 2218.001 -161.534 -6.788
2026-06-17 1927 2164.802 -53.199 -2.399
2026-06-18 1820 2286.32 121.518 5.613
2026-06-19 1813 2286.32 0 0
2026-06-20 1813 2286.32 0 0
2026-06-21 1813 2286.32 0 0
2026-06-23 1931 2139.076 -147.244 -6.44
2026-06-24 1915 2150.85 11.774 0.55
2026-06-25 1909 2154.375 3.525 0.164
2026-06-26 2034 2022.871 -131.504 -6.104
2026-06-27 2034 2022.871 0 0
2026-06-28 2034 2022.871 0 0
2026-06-29 2044 2022.293 -0.578 -0.029
2026-06-30 1974 2095.515 73.222 3.621
2026-07-01 2024 2042.242 -53.273 -2.542
2026-07-02 2078 1996.398 -45.844 -2.245
2026-07-03 2091 1996.398 0 0
2026-07-04 2091 1996.398 0 0
2026-07-05 2091 1996.398 0 0
2026-07-06 2014 2057.394 60.996 3.055
2026-07-07 2093 1980.247 -77.147 -3.75
2026-07-08 2025 2025.176 44.929 2.269
2026-07-09 1978 2086.855 61.679 3.046
2026-07-10 2002 2064.349 -22.506 -1.078
2026-07-11 2002 2064.349 0 0
2026-07-12 2002 2064.349 0 0
2026-07-13 2062 1999.786 -64.563 -3.128
2026-07-14 1973 2089.254 89.468 4.474
2026-07-15 1999 2064.265 -24.989 -1.196
2026-07-16 2039 2014.801 -49.464 -2.396
2026-07-17 2023 2021.482 6.681 0.332
2026-07-18 2023 2021.482 0 0
2026-07-19 2022 2021.482 0 0
2026-07-20 1996 2039.159 17.677 0.874
2026-07-21 1965 2096.462 57.303 2.81
2026-07-22 1945 2112.445 15.983 0.762
2026-07-23 1945 2111.077 -1.368 -0.065
2026-07-24 1993 2044.431 -66.646 -3.157
2026-07-25 1997 2044.431 0 0
2026-07-26 1997 2044.431 0 0
2026-07-27 2004 2049.976 5.545 0.271
2026-07-28 2065 1989.927 -60.049 -2.929
2026-07-29 2107 1954.942 -34.985 -1.758
2026-07-30 2016 2025.881 70.939 3.629
2026-07-31 1934 2141.464 115.583 5.705
2026-08-01 1935 2141.464 0 0
2026-08-02 1934 2141.464 0 0
2026-08-03 2010 2055.542 -85.922 -4.012
2026-08-04 2024 2045.715 -9.827 -0.478
2026-08-05 2026 2056.684 10.969 0.536
2026-08-06 2009 2071.02 14.336 0.697
2026-08-07 1984 2115.696 44.676 2.157
2026-08-08 1984 2115.696 0 0
2026-08-09 1984 2115.696 0 0
2026-08-10 2008 2094.189 -21.507 -1.017
2026-08-11 1983 2116.296 22.107 1.056
2026-08-12 1965 2140.391 24.095 1.139
2026-08-13 2025 2074.671 -65.72 -3.07
=======
2026-05-11 1819 2325.399 0 0
2026-05-12 1775 2388.804 0 0
2026-05-13 1814 2324.01 0 0
2026-05-14 1776 2377.493 0 0
2026-05-15 1803 2339.214 0 0
2026-05-16 1857 2271.926 0 0
2026-05-17 1852 2271.926 0 0
2026-05-18 1844 2271.926 0 0
2026-05-19 1894 2204.912 0 0
2026-05-20 1913 2185.741 0 0
2026-05-21 1845 2275.346 0 0
2026-05-22 1831 2283.743 0 0
2026-05-23 1814 2313.793 0 0
2026-05-24 1812 2313.793 0 0
2026-05-25 1814 2313.793 0 0
2026-05-26 1816 2313.793 0 0
2026-05-27 1763 2390.783 0 0
2026-05-28 1787 2345.738 0 0
2026-05-29 1777 2359.417 0 0
2026-05-30 1824 2288.961 0 0
2026-05-31 1824 2288.961 0 0
2026-06-01 1830 2288.961 0 0
2026-06-02 1850 2263.898 0 0
2026-06-03 1776 2350.81 0 0
2026-06-04 1730 2419.097 0 0
2026-06-05 1754 2379.861 0 0
2026-06-06 1887 2199.356 0 0
2026-06-07 1884 2199.356 0 0
2026-06-09 1802 2281.565 0 0
2026-06-10 1830 2252.945 0 0
2026-06-11 1875 2190.928 0 0
2026-06-12 1775 2313.52 0 0
2026-06-13 1781 2300.651 0 0
2026-06-14 1789 2300.651 0 0
2026-06-16 1753 2379.535 0 0
2026-06-17 1877 2218.001 0 0
2026-06-18 1918 2164.802 0 0
2026-06-19 1820 2286.32 0 0
2026-06-20 1813 2286.32 0 0
2026-06-21 1813 2286.32 0 0
2026-06-22 1810 2286.32 0 0
2026-06-23 1842 2259.153 0 0
2026-06-24 1928 2139.076 0 0
2026-06-25 1915 2150.85 0 0
2026-06-26 1895 2154.375 0 0
2026-06-27 2034 2022.871 0 0
2026-06-28 2034 2022.871 0 0
2026-06-29 2032 2022.871 0 0
2026-06-30 2038 2022.293 0 0
2026-07-01 1982 2095.515 0 0
2026-07-02 2025 2042.242 0 0
2026-07-03 2089 1996.398 0 0
2026-07-04 2091 1996.398 0 0
2026-07-05 2091 1996.398 0 0
2026-07-06 2094 1996.398 0 0
2026-07-07 2010 2057.394 0 0
2026-07-08 2086 1980.247 0 0
2026-07-09 2023 2025.176 0 0
2026-07-10 1987 2086.855 0 0
2026-07-11 2002 2064.349 0 0
2026-07-12 2002 2064.349 0 0
2026-07-13 1998 2064.349 0 0
2026-07-14 2060 1999.786 0 0
2026-07-15 1978 2089.254 0 0
2026-07-16 1997 2064.265 0 0
2026-07-17 2036 2014.801 0 0
2026-07-18 2023 2021.482 0 0
2026-07-19 2023 2021.482 0 0
2026-07-20 2023 2021.482 0 0
2026-07-21 1996 2039.159 0 0
2026-07-22 1970 2096.462 0 0
2026-07-23 1946 2112.445 0 0
2026-07-24 1944 2111.077 0 0
2026-07-25 1993 2044.431 0 0
2026-07-26 1997 2044.431 0 0
2026-07-27 2002 2044.431 0 0
2026-07-28 1997 2049.976 0 0
2026-07-29 2066 1989.927 0 0
2026-07-30 2109 1954.942 0 0
2026-07-31 2027 2025.881 0 0
2026-08-01 1934 2141.464 0 0
2026-08-02 1935 2141.464 0 0
2026-08-03 1930 2141.464 0 0
2026-08-04 2010 2055.542 0 0
2026-08-05 2027 2045.715 0 0
2026-08-06 2026 2056.684 0 0
2026-08-07 2010 2071.02 0 0
2026-08-08 1984 2115.696 0 0
2026-08-09 1984 2115.696 0 0
2026-08-10 1986 2115.696 0 0
2026-08-11 2006 2094.189 0 0
2026-08-12 1983 2116.296 0 0
2026-08-13 1967 2140.391 0 0
2026-08-14 2025 2074.671 0 0
>>>>>>> 2b550085baac25c543016ca743053a87bf115d5d
2026-08-15 1979 2116.191 0 0
2026-08-16 1989 2116.191 0 0
2026-08-17 1987 2116.191 0 0
2026-08-18 1971 2130.9 0 0
2026-08-19 2052 2043.768 0 0
2026-08-20 2085 2009.003 0 0
2026-08-21 2075 2020.009 0 0
2026-08-22 2076 2025.986 0 0
2026-08-24 2080 2025.986 0 0
2026-08-25 2110 1993.105 0 0
2026-08-26 2084 2013.223 0 0
2026-08-27 2084 2012.939 0 0
