2026-06-12 542 7197.616 0 0
2026-06-13 544 7214.755 17.139 0.238
2026-06-15 504 7696.685 481.93 6.68
2026-06-16 450 8168.975 472.29 6.136
2026-06-17 423 8474.134 305.159 3.736
2026-06-18 418 8554.955 80.821 0.954
2026-06-19 418 8548.503 -6.452 -0.075
2026-06-20 418 8548.503 0 0
2026-06-21 418 8548.503 0 0
2026-06-23 429 8330.529 -217.974 -2.55
2026-06-24 437 8164.62 -165.909 -1.992
2026-06-25 396 8932.08 767.46 9.4
2026-06-26 400 8735.741 -196.339 -2.198
2026-06-27 401 8734.2 -1.541 -0.018
2026-06-28 401 8734.2 0 0
2026-06-29 367 9581.873 847.673 9.705
2026-06-30 325 10526.043 944.17 9.854
2026-07-01 360 9848.808 -677.235 -6.434
2026-07-02 388 9100.841 -747.967 -7.594
2026-07-03 385 9224.763 123.922 1.362
2026-07-04 385 9224.763 0 0
2026-07-05 385 9224.763 0 0
2026-07-06 403 8951.71 -273.053 -2.96
2026-07-07 424 8469.586 -482.124 -5.386
2026-07-08 442 8159.298 -310.288 -3.664
2026-07-09 403 8832.428 673.13 8.25
2026-07-10 422 8588.249 -244.179 -2.765
2026-07-11 422 8607.38 19.131 0.223
2026-07-12 422 8607.38 0 0
2026-07-13 432 8313.818 -293.562 -3.411
2026-07-14 396 8919.929 606.111 7.29
2026-07-15 460 8057.903 -862.026 -9.664
2026-07-16 416 8653.65 595.747 7.393
2026-07-17 477 7817.93 -835.72 -9.657
2026-07-18 479 7807.317 -10.613 -0.136
2026-07-19 479 7807.317 0 0
2026-07-20 560 7052.145 -755.172 -9.673
2026-07-21 533 7331.655 279.51 3.963
2026-07-22 462 7958.202 626.547 8.546
2026-07-23 427 8428.582 470.38 5.911
2026-07-24 460 7978.299 -450.283 -5.342
2026-07-25 459 7974.059 -4.24 -0.053
2026-07-26 459 7974.059 0 0
2026-07-27 405 8746.078 772.019 9.682
2026-07-28 435 8391.777 -354.301 -4.051
2026-07-29 397 8944.291 552.514 6.584
2026-07-30 456 8076.671 -867.62 -9.7
2026-07-31 455 8114.478 37.807 0.468
2026-08-01 456 8125.301 10.823 0.133
2026-08-02 456 8125.301 0 0
2026-08-03 518 7598.149 -527.152 -6.488
2026-08-04 442 8324.272 726.123 9.557
2026-08-05 429 8685.925 361.653 4.345
2026-08-06 393 9098.575 412.65 4.751
2026-08-07 353 9981.27 882.695 9.701
2026-08-08 353 9983.636 2.366 0.024
2026-08-09 353 9983.636 0 0
2026-08-10 369 9714.594 -269.042 -2.695
2026-08-11 376 9405.932 -308.662 -3.177
