2026-09-01 3103 1200.325 0 0
2026-09-02 3096 1199.768 0 0
2026-09-03 3097 1197.681 0 0
2026-09-04 3110 1197.403 0 0
2026-09-05 3103 1200.186 0 0
2026-09-06 3098 1199.768 0 0
2026-09-07 3095 1199.768 0 0
2026-09-08 3091 1199.768 0 0
2026-09-09 3085 1199.768 0 0
2026-09-10 3078 1201.303 0 0
2026-09-11 3057 1202.982 0 0
2026-09-12 3068 1201.023 0 0
2026-09-13 3067 1199.628 0 0
2026-09-14 3068 1199.628 0 0
2026-09-15 3074 1199.628 0 0
2026-09-16 3078 1191.739 0 0
2026-09-17 3066 1192.289 0 0
2026-09-18 3078 1191.739 0 0
2026-09-19 3090 1186.4 0 0
2026-09-20 3091 1183.952 0 0
2026-09-21 3090 1183.952 0 0
2026-09-22 3100 1183.952 0 0
2026-09-23 3099 1185.039 0 0
2026-09-24 3094 1181.92 0 0
