2026-03-10 2803 1357.284 0 0
2026-03-11 2807 1361.234 3.95 0.291
2026-03-12 2741 1404.568 43.334 3.183
2026-03-13 2791 1366.521 -38.047 -2.709
2026-03-14 2791 1361.057 -5.464 -0.4
2026-03-15 2791 1361.057 0 0
2026-03-16 2892 1291.871 -69.186 -5.083
2026-03-17 2895 1286.88 -4.991 -0.386
2026-03-18 2906 1282.28 -4.6 -0.357
2026-03-19 3009 1209.858 -72.422 -5.648
2026-03-20 3069 1168.455 -41.403 -3.422
2026-03-21 3055 1171.698 3.243 0.278
2026-03-22 3055 1171.698 0 0
2026-03-23 3094 1145.069 -26.629 -2.273
2026-03-24 3040 1167.502 22.433 1.959
2026-03-25 3023 1194.511 27.009 2.313
2026-03-27 3044 1174.896 -19.615 -1.642
2026-03-28 3045 1171.054 -3.842 -0.327
2026-03-29 3045 1171.054 0 0
2026-03-30 3041 1171.185 0.131 0.011
2026-03-31 3101 1139.285 -31.9 -2.724
2026-04-01 3048 1174.893 35.608 3.125
2026-04-02 3002 1215.026 40.133 3.416
2026-04-03 3041 1179.527 -35.499 -2.922
2026-04-04 3041 1179.527 0 0
2026-04-05 3041 1179.527 0 0
2026-04-06 3045 1179.527 0 0
2026-04-07 3102 1145.746 -33.781 -2.864
2026-04-08 3025 1209.665 63.919 5.579
2026-04-09 3007 1218.022 8.357 0.691
2026-04-10 2966 1237.88 19.858 1.63
2026-04-11 2963 1239.257 1.377 0.111
2026-04-12 2963 1239.257 0 0
2026-04-13 3073 1187.686 -51.571 -4.161
2026-04-14 3049 1207.817 20.131 1.695
2026-04-15 3058 1210.854 3.037 0.251
2026-04-16 3027 1230.918 20.064 1.657
2026-04-17 3040 1225.322 -5.596 -0.455
2026-04-18 3050 1224.083 -1.239 -0.101
2026-04-19 3050 1224.083 0 0
2026-04-20 2901 1316.27 92.187 7.531
2026-04-21 2833 1363.143 46.873 3.561
2026-04-22 2824 1365.8 2.657 0.195
2026-04-23 2828 1351.325 -14.475 -1.06
2026-04-24 2803 1371.216 19.891 1.472
2026-04-25 2801 1371.075 -0.141 -0.01
2026-04-26 2801 1371.075 0 0
2026-04-27 2835 1347.932 -23.143 -1.688
2026-04-28 2820 1354.705 6.773 0.502
2026-04-29 2799 1377.522 22.817 1.684
2026-04-30 2711 1437.097 59.575 4.325
2026-05-01 2711 1437.013 -0.084 -0.006
2026-05-02 2711 1437.013 0 0
2026-05-04 2721 1437.013 0 0
2026-05-05 2628 1511.612 74.599 5.191
2026-05-06 2635 1511.612 0 0
2026-05-07 2618 1538.223 26.611 1.76
2026-05-08 2685 1492.081 -46.142 -3
2026-05-09 2690 1492.015 -0.066 -0.004
2026-05-10 2690 1492.015 0 0
2026-05-11 2629 1530.366 38.351 2.57
2026-05-12 2685 1491.006 -39.36 -2.572
2026-05-13 2693 1485.424 -5.582 -0.374
2026-05-14 2707 1461.245 -24.179 -1.628
2026-05-15 2568 1559.575 98.33 6.729
2026-05-16 2565 1555.335 -4.24 -0.272
2026-05-17 2565 1555.335 0 0
2026-05-18 2607 1524.198 -31.137 -2.002
2026-05-19 2583 1544.445 20.247 1.328
2026-05-20 2587 1542.692 -1.753 -0.114
2026-05-21 2589 1542.171 -0.521 -0.034
2026-05-22 2667 1484.631 -57.54 -3.731
2026-05-23 2664 1487.122 2.491 0.168
2026-05-24 2664 1487.122 0 0
2026-05-26 2688 1466.302 -20.82 -1.4
2026-05-27 2735 1417.455 -48.847 -3.331
2026-05-28 2734 1423.028 5.573 0.393
2026-05-29 2780 1390.316 -32.712 -2.299
2026-05-31 2781 1392.678 2.362 0.17
2026-06-01 2786 1390.874 -1.804 -0.13
2026-06-02 2784 1387.695 -3.179 -0.229
2026-06-03 2805 1364.532 -23.163 -1.669
2026-06-04 2789 1377.435 12.903 0.946
2026-06-05 2753 1398.332 20.897 1.517
2026-06-06 2748 1399.468 1.136 0.081
2026-06-07 2748 1399.468 0 0
2026-06-08 2806 1336.069 -63.399 -4.53
2026-06-09 2801 1348.049 11.98 0.897
2026-06-10 2855 1305.013 -43.036 -3.192
2026-06-11 2891 1284.228 -20.785 -1.593
2026-06-12 2897 1293.533 9.305 0.725
2026-06-13 2897 1296.613 3.08 0.238
2026-06-15 2796 1376.183 79.57 6.137
2026-06-16 2781 1392.791 16.608 1.207
2026-06-17 2797 1372.055 -20.736 -1.489
2026-06-18 2755 1402.579 30.524 2.225
2026-06-19 2754 1401.522 -1.057 -0.075
2026-06-20 2754 1401.522 0 0
2026-06-21 2754 1401.522 0 0
2026-06-23 2858 1310.988 -90.534 -6.46
2026-06-24 2972 1244.172 -66.816 -5.097
2026-06-25 2975 1237.347 -6.825 -0.549
2026-06-26 2990 1219.943 -17.404 -1.407
2026-06-27 2991 1219.728 -0.215 -0.018
2026-06-28 2991 1219.728 0 0
2026-06-29 2970 1240.934 21.206 1.739
2026-06-30 2967 1243.806 2.872 0.231
2026-07-01 2987 1231.47 -12.336 -0.992
2026-07-02 2980 1242.422 10.952 0.889
2026-07-03 2935 1283.096 40.674 3.274
2026-07-04 2935 1283.096 0 0
2026-07-05 2935 1283.096 0 0
2026-07-06 2940 1277.539 -5.557 -0.433
2026-07-07 2983 1239.932 -37.607 -2.944
2026-07-08 3043 1198.478 -41.454 -3.343
2026-07-09 3055 1197.38 -1.098 -0.092
2026-07-10 3071 1188.838 -8.542 -0.713
2026-07-11 3069 1191.486 2.648 0.223
2026-07-12 3069 1191.486 0 0
2026-07-13 3164 1125.156 -66.33 -5.567
2026-07-14 3197 1104.904 -20.252 -1.8
2026-07-15 3294 1051.638 -53.266 -4.821
2026-07-16 3275 1062.066 10.428 0.992
2026-07-17 3321 1021.545 -40.521 -3.815
2026-07-18 3325 1020.158 -1.387 -0.136
2026-07-19 3324 1020.158 0 0
2026-07-20 3300 1031.942 11.784 1.155
2026-07-21 3261 1063.855 31.913 3.093
2026-07-22 3261 1057.211 -6.644 -0.625
2026-07-23 3212 1090.141 32.93 3.115
2026-07-24 3236 1067.402 -22.739 -2.086
2026-07-25 3238 1066.835 -0.567 -0.053
2026-07-26 3238 1066.835 0 0
2026-07-27 3242 1073.009 6.174 0.579
2026-07-28 3253 1066.566 -6.443 -0.6
2026-07-29 3168 1112.585 46.019 4.315
2026-07-30 3141 1131.994 19.409 1.744
2026-07-31 3115 1157.007 25.013 2.21
2026-08-01 3118 1158.55 1.543 0.133
2026-08-02 3118 1158.55 0 0
2026-08-03 3019 1216.978 58.428 5.043
2026-08-04 2973 1254.713 37.735 3.101
2026-08-05 2934 1287.094 32.381 2.581
2026-08-06 2941 1284.594 -2.5 -0.194
2026-08-07 2921 1300.728 16.134 1.256
2026-08-08 2920 1301.037 0.309 0.024
2026-08-09 2920 1301.037 0 0
2026-08-10 2900 1321.88 20.843 1.602
2026-08-11 2948 1283.793 -38.087 -2.881
2026-08-12 2934 1294.654 10.861 0.846
2026-08-13 2906 1312.331 17.677 1.365
2026-08-15 2900 1320.645 8.314 0.634
2026-08-16 2900 1320.645 0 0
2026-08-17 2878 1337.756 17.111 1.296
2026-08-18 2889 1327.997 -9.759 -0.73
2026-08-19 2913 1311.881 -16.116 -1.214
2026-08-20 2884 1334.769 22.888 1.745
2026-08-21 2848 1366.503 31.734 2.377
2026-08-23 2848 1367.194 0.691 0.051
2026-08-24 2937 1294.954 -72.24 -5.284
2026-08-25 2919 1314.82 19.866 1.534
2026-08-26 2926 1312.414 -2.406 -0.183
2026-08-27 2924 1310.602 -1.812 -0.138
2026-08-28 2962 1283.54 -27.062 -2.065
2026-08-29 2960 1283.445 -0.095 -0.007
2026-08-30 2960 1283.445 0 0
2026-08-31 2940 1297.536 14.091 1.098
2026-09-01 2981 1264.944 0 0
2026-09-02 3092 1202.223 0 0
