2026-03-10 3093 1182.246 0 0
2026-03-11 3077 1199.283 17.037 1.441
2026-03-12 3071 1199.235 -0.048 -0.004
2026-03-13 3069 1192.915 -6.32 -0.527
2026-03-14 3067 1189.432 -3.483 -0.292
2026-03-15 3067 1189.432 0 0
2026-03-16 3055 1190.545 1.113 0.094
2026-03-17 3033 1204.648 14.103 1.185
2026-03-18 2990 1226.012 21.364 1.773
2026-03-19 2972 1226.86 0.848 0.069
2026-03-20 2974 1219.697 -7.163 -0.584
2026-03-21 2969 1219.697 0 0
2026-03-22 2969 1219.697 0 0
2026-03-23 2954 1219.697 0 0
2026-03-24 2994 1200.549 -19.148 -1.57
2026-03-25 3007 1205.445 4.896 0.408
2026-03-27 3007 1196.641 -8.804 -0.73
2026-03-28 3036 1179.793 -16.848 -1.408
2026-03-29 3036 1179.793 0 0
2026-03-30 3055 1159.903 -19.89 -1.686
2026-03-31 3069 1155.354 -4.549 -0.392
2026-04-01 3071 1165.429 10.075 0.872
2026-04-02 3104 1151.803 -13.626 -1.169
2026-04-03 3117 1135.13 -16.673 -1.448
2026-04-04 3117 1135.13 0 0
2026-04-05 3117 1135.13 0 0
2026-04-06 3134 1125.706 -9.424 -0.83
2026-04-07 3139 1122.677 -3.029 -0.269
2026-04-08 3161 1129.779 7.102 0.633
2026-04-09 3152 1138.321 8.542 0.756
2026-04-10 3162 1133.482 -4.839 -0.425
2026-04-11 3159 1138.628 5.146 0.454
2026-04-12 3159 1138.628 0 0
2026-04-13 3178 1125.304 -13.324 -1.17
2026-04-14 3181 1127.29 1.986 0.176
2026-04-15 3192 1135.189 7.899 0.701
2026-04-16 3188 1139.757 4.568 0.402
2026-04-17 3186 1142.437 2.68 0.235
2026-04-18 3188 1142.871 0.434 0.038
2026-04-19 3188 1142.871 0 0
2026-04-20 3177 1155.595 12.724 1.113
2026-04-21 3157 1165.953 10.358 0.896
2026-04-22 3144 1168.12 2.167 0.186
2026-04-23 3100 1183.084 14.964 1.281
2026-04-24 3098 1177.377 -5.707 -0.482
2026-04-25 3096 1177.377 0 0
2026-04-26 3096 1177.377 0 0
2026-04-27 3112 1169.057 -8.32 -0.707
2026-04-28 3111 1170.127 1.07 0.092
2026-04-29 3107 1168.524 -1.603 -0.137
2026-04-30 3130 1157.054 -11.47 -0.982
2026-05-01 3145 1151.228 -5.826 -0.504
2026-05-02 3145 1151.228 0 0
2026-05-04 3128 1162.322 11.094 0.964
2026-05-05 3102 1176.982 14.66 1.261
2026-05-06 3106 1179.609 2.627 0.223
2026-05-07 3095 1193.078 13.469 1.142
2026-05-08 3087 1192.994 -0.084 -0.007
2026-05-09 3099 1189.648 -3.346 -0.28
2026-05-10 3099 1189.648 0 0
<<<<<<< HEAD
2026-05-11 3104 1191.883 2.235 0.188
2026-05-12 3087 1194.721 2.838 0.238
2026-05-13 3098 1186.83 -7.891 -0.66
2026-05-14 3098 1188.768 1.938 0.163
2026-05-15 3087 1187.585 -1.183 -0.1
2026-05-16 3089 1181.724 -5.861 -0.494
2026-05-17 3089 1181.724 0 0
2026-05-18 3094 1181.724 0 0
2026-05-19 3097 1179.451 -2.273 -0.192
2026-05-20 3092 1183.014 3.563 0.302
2026-05-21 3087 1185.249 2.235 0.189
2026-05-22 3106 1181.763 -3.486 -0.294
2026-05-23 3107 1182.358 0.595 0.05
2026-05-24 3108 1182.358 0 0
2026-05-26 3085 1191.951 9.593 0.811
2026-05-27 3081 1192.853 0.902 0.076
2026-05-28 3086 1192.388 -0.465 -0.039
2026-05-29 3105 1180.024 -12.364 -1.037
2026-05-31 3103 1183.893 3.869 0.328
2026-06-01 3104 1183.893 0 0
2026-06-02 3093 1183.893 0 0
2026-06-03 3093 1178.424 -5.469 -0.462
2026-06-04 3088 1178.66 0.236 0.02
2026-06-05 3078 1173.814 -4.846 -0.411
2026-06-06 3082 1169.443 -4.371 -0.372
2026-06-07 3082 1169.443 0 0
2026-06-08 3085 1160.852 -8.591 -0.735
2026-06-09 3119 1148.509 -12.343 -1.063
2026-06-10 3091 1158.236 9.727 0.847
2026-06-11 3087 1162.138 3.902 0.337
2026-06-12 3104 1161.859 -0.279 -0.024
2026-06-13 3105 1164.579 2.72 0.234
2026-06-15 3146 1146.386 -18.193 -1.562
2026-06-16 3148 1148.139 1.753 0.153
2026-06-17 3150 1143.2 -4.939 -0.43
2026-06-18 3155 1143.824 0.624 0.055
2026-06-19 3166 1129.232 -14.592 -1.276
2026-06-20 3166 1129.232 0 0
2026-06-21 3166 1129.232 0 0
2026-06-23 3168 1112.708 -16.524 -1.463
2026-06-24 3169 1115.605 2.897 0.26
2026-06-25 3159 1117.561 1.956 0.175
2026-06-26 3159 1114.273 -3.288 -0.294
2026-06-27 3150 1122.451 8.178 0.734
2026-06-28 3150 1122.451 0 0
2026-06-29 3146 1134.304 11.853 1.056
2026-06-30 3164 1124.451 -9.853 -0.869
2026-07-01 3170 1121.81 -2.641 -0.235
2026-07-02 3169 1122.585 0.775 0.069
2026-07-03 3172 1133.222 10.637 0.948
2026-07-04 3172 1133.222 0 0
2026-07-05 3172 1133.222 0 0
2026-07-06 3173 1132.996 -0.226 -0.02
2026-07-07 3162 1131.835 -1.161 -0.102
2026-07-08 3144 1137.707 5.872 0.519
2026-07-09 3157 1133.207 -4.5 -0.396
2026-07-10 3160 1135.754 2.547 0.225
2026-07-11 3157 1137.707 1.953 0.172
2026-07-12 3157 1137.707 0 0
2026-07-13 3139 1136.857 -0.85 -0.075
2026-07-14 3132 1147.231 10.374 0.913
2026-07-15 3156 1137.625 -9.606 -0.837
2026-07-16 3153 1138.473 0.848 0.075
2026-07-17 3125 1140.86 2.387 0.21
2026-07-18 3134 1134.592 -6.268 -0.549
2026-07-19 3133 1134.592 0 0
2026-07-20 3132 1134.592 0 0
2026-07-21 3138 1133.989 -0.603 -0.053
2026-07-22 3140 1134.339 0.35 0.031
2026-07-23 3136 1134.894 0.555 0.049
2026-07-24 3136 1127.569 -7.325 -0.645
2026-07-25 3137 1127.017 -0.552 -0.049
2026-07-26 3137 1127.017 0 0
2026-07-27 3139 1134.404 7.387 0.655
2026-07-28 3133 1135.31 0.906 0.08
2026-07-29 3127 1139.427 4.117 0.363
2026-07-30 3130 1139.051 -0.376 -0.033
2026-07-31 3118 1156.059 17.008 1.493
2026-08-01 3123 1157.049 0.99 0.086
2026-08-02 3123 1157.049 0 0
2026-08-03 3087 1177.993 20.944 1.81
2026-08-04 3091 1183.008 5.015 0.426
2026-08-05 3078 1192.012 9.004 0.761
2026-08-06 3073 1201.485 9.473 0.795
2026-08-07 3075 1204.206 2.721 0.226
2026-08-08 3076 1203.764 -0.442 -0.037
2026-08-09 3076 1203.764 0 0
2026-08-10 3081 1201.847 -1.917 -0.159
2026-08-11 3085 1199.535 -2.312 -0.192
2026-08-12 3081 1205.014 5.479 0.457
2026-08-13 3075 1203.465 -1.549 -0.129
=======
2026-05-11 3102 1192.53 0 0
2026-05-12 3093 1196.06 0 0
2026-05-13 3095 1188.31 0 0
2026-05-14 3091 1185.716 0 0
2026-05-15 3102 1186.772 0 0
2026-05-16 3087 1187.585 0 0
2026-05-17 3089 1181.724 0 0
2026-05-18 3092 1180.848 0 0
2026-05-19 3091 1186.103 0 0
2026-05-20 3095 1177.072 0 0
2026-05-21 3104 1179.534 0 0
2026-05-22 3107 1179.787 0 0
2026-05-23 3106 1181.763 0 0
2026-05-24 3107 1182.358 0 0
2026-05-25 3093 1187.591 0 0
2026-05-26 3081 1192.591 0 0
2026-05-27 3080 1191.951 0 0
2026-05-28 3071 1194.366 0 0
2026-05-29 3079 1194.366 0 0
2026-05-30 3105 1180.024 0 0
2026-05-31 3103 1183.893 0 0
2026-06-01 3111 1183.893 0 0
2026-06-02 3092 1183.893 0 0
2026-06-03 3096 1182.148 0 0
2026-06-04 3078 1185.406 0 0
2026-06-05 3086 1180.623 0 0
2026-06-06 3078 1173.814 0 0
2026-06-07 3082 1169.443 0 0
2026-06-09 3083 1163.429 0 0
2026-06-10 3090 1155.531 0 0
2026-06-11 3086 1159.088 0 0
2026-06-12 3106 1159.984 0 0
2026-06-13 3104 1161.859 0 0
2026-06-14 3105 1164.579 0 0
2026-06-16 3142 1147.238 0 0
2026-06-17 3142 1148.139 0 0
2026-06-18 3154 1142.122 0 0
2026-06-19 3163 1139.344 0 0
2026-06-20 3166 1129.232 0 0
2026-06-21 3166 1129.232 0 0
2026-06-22 3157 1129.008 0 0
2026-06-23 3166 1124.582 0 0
2026-06-24 3168 1114.154 0 0
2026-06-25 3166 1114.157 0 0
2026-06-26 3156 1112.098 0 0
2026-06-27 3159 1114.273 0 0
2026-06-28 3150 1122.451 0 0
2026-06-29 3154 1124.145 0 0
2026-06-30 3151 1129.224 0 0
2026-07-01 3152 1130.004 0 0
2026-07-02 3175 1121.81 0 0
2026-07-03 3173 1125.966 0 0
2026-07-04 3172 1133.222 0 0
2026-07-05 3172 1133.222 0 0
2026-07-06 3173 1129.604 0 0
2026-07-07 3171 1128.755 0 0
2026-07-08 3163 1130.988 0 0
2026-07-09 3141 1136.007 0 0
2026-07-10 3158 1136.829 0 0
2026-07-11 3160 1135.754 0 0
2026-07-12 3157 1137.707 0 0
2026-07-13 3152 1136.857 0 0
2026-07-14 3129 1140.258 0 0
2026-07-15 3137 1143.831 0 0
2026-07-16 3161 1135.701 0 0
2026-07-17 3135 1137.625 0 0
2026-07-18 3125 1140.86 0 0
2026-07-19 3134 1134.592 0 0
2026-07-20 3134 1134.592 0 0
2026-07-21 3129 1137.972 0 0
2026-07-22 3141 1135.06 0 0
2026-07-23 3141 1135.185 0 0
2026-07-24 3139 1127.895 0 0
2026-07-25 3136 1127.569 0 0
2026-07-26 3137 1127.017 0 0
2026-07-27 3139 1127.638 0 0
2026-07-28 3131 1132.938 0 0
2026-07-29 3130 1137.851 0 0
2026-07-30 3138 1136.664 0 0
2026-07-31 3130 1139.898 0 0
2026-08-01 3118 1156.059 0 0
2026-08-02 3123 1157.049 0 0
2026-08-03 3084 1174.831 0 0
2026-08-04 3085 1182.227 0 0
2026-08-05 3100 1181.544 0 0
2026-08-06 3079 1193.701 0 0
2026-08-07 3077 1195.567 0 0
2026-08-08 3075 1204.206 0 0
2026-08-09 3076 1203.764 0 0
2026-08-10 3079 1201.227 0 0
2026-08-11 3079 1202.073 0 0
2026-08-12 3082 1202.918 0 0
2026-08-13 3081 1204.394 0 0
2026-08-14 3074 1206.232 0 0
>>>>>>> 2b550085baac25c543016ca743053a87bf115d5d
2026-08-15 3077 1204.942 0 0
2026-08-16 3079 1205.237 0 0
2026-08-17 3079 1201.85 0 0
2026-08-18 3097 1195.075 0 0
2026-08-19 3086 1198.319 0 0
2026-08-20 3095 1188.531 0 0
2026-08-21 3097 1187.686 0 0
2026-08-22 3092 1196.363 0 0
2026-08-24 3095 1197.763 0 0
2026-08-25 3090 1196.05 0 0
2026-08-26 3097 1191.442 0 0
2026-08-27 3121 1186.306 0 0
