2026-07-14 411 8697.062 0 0
2026-07-15 414 8685.279 -11.783 -0.135
2026-07-16 415 8661.747 -23.532 -0.271
2026-07-17 416 8591.01 -70.737 -0.817
2026-07-18 415 8590.976 -0.034 0
2026-07-19 415 8590.976 0 0
2026-07-20 418 8512.988 -77.988 -0.908
2026-07-21 414 8577.752 64.764 0.761
2026-07-22 419 8543.698 -34.054 -0.397
2026-07-23 439 8167.822 -375.876 -4.399
2026-07-24 446 8121.668 -46.154 -0.565
2026-07-25 447 8121.761 0.093 0.001
2026-07-26 447 8121.761 0 0
2026-07-27 452 8095.396 -26.365 -0.325
2026-07-28 454 8083.048 -12.348 -0.153
2026-07-29 461 8019.893 -63.155 -0.781
2026-07-30 455 8092.743 72.85 0.908
2026-07-31 476 7931.186 -161.557 -1.996
2026-08-01 476 7931.156 -0.03 0
2026-08-02 476 7931.156 0 0
2026-08-03 464 8018.156 87 1.097
2026-08-04 467 8065.356 47.2 0.589
2026-08-05 471 8039.821 -25.535 -0.317
2026-08-06 472 8025.515 -14.306 -0.178
2026-08-07 471 8097.857 72.342 0.901
2026-08-08 471 8098.285 0.428 0.005
2026-08-09 471 8098.285 0 0
2026-08-10 471 8101.381 3.096 0.038
2026-08-11 468 8114.636 13.255 0.164
2026-08-12 472 8091.028 -23.608 -0.291
2026-08-13 463 8179.663 88.635 1.095
2026-08-15 461 8196.243 16.58 0.203
2026-08-16 461 8196.243 0 0
2026-08-17 460 8175.39 -20.853 -0.254
2026-08-18 467 8148.189 -27.201 -0.333
2026-08-19 456 8242.316 94.127 1.155
2026-08-20 460 8200.085 -42.231 -0.512
2026-08-21 452 8318.559 118.474 1.445
2026-08-23 454 8318.725 0.166 0.002
2026-08-24 460 8209.988 -108.737 -1.307
2026-08-25 459 8228.051 18.063 0.22
2026-08-26 464 8190.688 -37.363 -0.454
2026-08-27 458 8289.321 98.633 1.204
2026-08-28 462 8226.598 -62.723 -0.757
2026-08-29 464 8226.411 -0.187 -0.002
2026-08-30 465 8226.411 0 0
2026-08-31 455 8365.735 139.324 1.694
2026-09-01 455 8365.735 0 0
2026-09-02 458 8277.109 0 0
