2026-06-27 2874 1300 0 0
2026-06-28 2874 1300 0 0
2026-06-29 2874 1300 0 0
2026-06-30 2883 1300 0 0
2026-07-01 2892 1300 0 0
2026-07-02 2889 1300 0 0
2026-07-03 2900 1300 0 0
2026-07-04 2900 1300 0 0
2026-07-05 2900 1300 0 0
2026-07-06 2897 1300 0 0
2026-07-07 2890 1300 0 0
2026-07-08 2881 1300 0 0
2026-07-09 2878 1300 0 0
2026-07-10 2880 1300 0 0
2026-07-11 2883 1300 0 0
2026-07-12 2883 1300 0 0
2026-07-13 2876 1300 0 0
2026-07-14 2878 1300 0 0
2026-07-15 2880 1300 0 0
2026-07-16 2887 1300 0 0
2026-07-17 2866 1300 0 0
2026-07-18 2868 1300 0 0
2026-07-19 2867 1300 0 0
2026-07-20 2864 1300 0 0
2026-07-21 2875 1300 0 0
2026-07-22 2873 1300 0 0
2026-07-23 2863 1300 0 0
2026-07-24 2854 1300 0 0
2026-07-25 2855 1300 0 0
2026-07-26 2855 1300 0 0
2026-07-27 2875 1300 0 0
2026-07-28 2874 1300 0 0
2026-07-29 2879 1300 0 0
2026-07-30 2871 1300 0 0
2026-07-31 2891 1300 0 0
2026-08-01 2892 1300 0 0
2026-08-02 2892 1300 0 0
2026-08-03 2895 1300 0 0
2026-08-04 2908 1300 0 0
2026-08-05 2913 1300 0 0
2026-08-06 2917 1300 0 0
2026-08-07 2922 1300 0 0
2026-08-08 2923 1300 0 0
2026-08-09 2923 1300 0 0
2026-08-10 2928 1300 0 0
2026-08-11 2923 1300 0 0
2026-08-12 2927 1300 0 0
2026-08-13 2925 1300 0 0
2026-08-15 2925 1300 0 0
2026-08-16 2925 1300 0 0
2026-08-17 2941 1300 0 0
2026-08-18 2929 1300 0 0
2026-08-19 2932 1300 0 0
2026-08-20 2931 1300 0 0
2026-08-21 2930 1300 0 0
2026-08-23 2934 1300 0 0
2026-08-24 2926 1300 0 0
2026-08-25 2937 1300 0 0
2026-08-26 2937 1300 0 0
2026-08-27 2940 1300 0 0
2026-08-28 2940 1300 0 0
2026-08-29 2941 1300 0 0
2026-08-30 2941 1300 0 0
2026-08-31 2936 1300 0 0
2026-09-01 2937 1300.0 0 0
2026-09-02 2922 1300.0 0 0
2026-09-03 2925 1300.0 0 0
