2026-03-10 2575 1530.262 0 0
2026-03-11 2523 1572.559 42.297 2.764
2026-03-12 2491 1593.528 20.969 1.333
2026-03-13 2513 1567.416 -26.112 -1.639
2026-03-14 2511 1563.822 -3.594 -0.229
2026-03-15 2511 1563.822 0 0
2026-03-16 2495 1574.207 10.385 0.664
2026-03-17 2571 1516.291 -57.916 -3.679
2026-03-18 2623 1478.734 -37.557 -2.477
2026-03-19 2638 1445.925 -32.809 -2.219
2026-03-20 2647 1427.426 -18.499 -1.279
2026-03-21 2646 1429.356 1.93 0.135
2026-03-22 2646 1429.356 0 0
2026-03-23 2646 1414.058 -15.298 -1.07
2026-03-24 2626 1431.661 17.603 1.245
2026-03-25 2644 1432.063 0.402 0.028
2026-03-27 2633 1435.92 3.857 0.269
2026-03-28 2630 1433.414 -2.506 -0.175
2026-03-29 2630 1433.414 0 0
2026-03-30 2586 1472.233 38.819 2.708
2026-03-31 2617 1440.675 -31.558 -2.144
2026-04-01 2616 1460.924 20.249 1.406
2026-04-02 2606 1471.188 10.264 0.703
2026-04-03 2616 1457.025 -14.163 -0.963
2026-04-04 2616 1457.025 0 0
2026-04-05 2616 1457.025 0 0
2026-04-06 2620 1455.723 -1.302 -0.089
2026-04-07 2585 1494.575 38.852 2.669
2026-04-08 2576 1526.915 32.34 2.164
2026-04-09 2539 1556.664 29.749 1.948
2026-04-10 2568 1529.775 -26.889 -1.727
2026-04-11 2570 1530.902 1.127 0.074
2026-04-12 2570 1530.902 0 0
2026-04-13 2575 1538.152 7.25 0.474
2026-04-14 2554 1559.085 20.933 1.361
2026-04-15 2581 1542.297 -16.788 -1.077
2026-04-16 2542 1577.753 35.456 2.299
2026-04-17 2521 1600.904 23.151 1.467
2026-04-18 2524 1600.361 -0.543 -0.034
2026-04-19 2524 1600.361 0 0
2026-04-20 2558 1571.707 -28.654 -1.79
2026-04-21 2537 1586.224 14.517 0.924
2026-04-22 2534 1584.993 -1.231 -0.078
2026-04-23 2566 1552.271 -32.722 -2.064
2026-04-24 2560 1564.552 12.281 0.791
2026-04-25 2558 1564.447 -0.105 -0.007
2026-04-26 2558 1564.447 0 0
2026-04-27 2589 1536.357 -28.09 -1.796
2026-04-28 2615 1506.825 -29.532 -1.922
2026-04-29 2609 1515.956 9.131 0.606
2026-04-30 2639 1496.278 -19.678 -1.298
2026-05-01 2645 1495.111 -1.167 -0.078
2026-05-02 2644 1495.149 0.038 0.003
2026-05-04 2645 1494.889 -0.26 -0.017
2026-05-05 2618 1523.159 28.27 1.891
2026-05-06 2624 1522.382 -0.777 -0.051
2026-05-07 2638 1519.964 -2.418 -0.159
2026-05-08 2648 1512.408 -7.556 -0.497
2026-05-09 2648 1512.955 0.547 0.036
2026-05-10 2648 1512.955 0 0
<<<<<<< HEAD
2026-05-11 2688 1497.611 -15.344 -1.014
2026-05-12 2683 1491.696 -5.915 -0.395
2026-05-13 2661 1497.711 6.015 0.403
2026-05-14 2655 1496.297 -1.414 -0.094
2026-05-15 2695 1461.031 -35.266 -2.357
2026-05-16 2688 1458.796 -2.235 -0.153
2026-05-17 2688 1458.796 0 0
2026-05-18 2704 1443.978 -14.818 -1.016
2026-05-19 2691 1457.507 13.529 0.937
2026-05-20 2683 1460.52 3.013 0.207
2026-05-21 2688 1460.351 -0.169 -0.012
2026-05-22 2681 1467.375 7.024 0.481
2026-05-23 2681 1468.254 0.879 0.06
2026-05-24 2681 1468.254 0 0
2026-05-26 2668 1487.648 19.394 1.321
2026-05-27 2707 1442.566 -45.082 -3.03
2026-05-28 2716 1439.844 -2.722 -0.189
2026-05-29 2714 1435.743 -4.101 -0.285
2026-05-31 2714 1436.881 1.138 0.079
2026-06-01 2678 1465.244 28.363 1.974
2026-06-02 2660 1487.993 22.749 1.553
2026-06-03 2658 1488.383 0.39 0.026
2026-06-04 2692 1449.77 -38.613 -2.594
2026-06-05 2699 1431.259 -18.511 -1.277
2026-06-06 2698 1431.447 0.188 0.013
2026-06-07 2698 1431.447 0 0
2026-06-08 2739 1389.53 -41.917 -2.928
2026-06-09 2754 1384.14 -5.39 -0.388
2026-06-10 2724 1401.478 17.338 1.253
2026-06-11 2735 1397.702 -3.776 -0.269
2026-06-12 2705 1424.096 26.394 1.888
2026-06-13 2712 1425.993 1.897 0.133
2026-06-15 2742 1409.507 -16.486 -1.156
2026-06-16 2803 1376.206 -33.301 -2.363
2026-06-17 2809 1366.419 -9.787 -0.711
2026-06-18 2829 1349.573 -16.846 -1.233
2026-06-19 2823 1348.423 -1.15 -0.085
2026-06-20 2823 1348.423 0 0
2026-06-21 2823 1348.423 0 0
2026-06-23 2829 1332.304 -16.119 -1.195
2026-06-24 2820 1337.85 5.546 0.416
2026-06-25 2841 1317.438 -20.412 -1.526
2026-06-26 2885 1296.914 -20.524 -1.558
2026-06-27 2886 1296.832 -0.082 -0.006
2026-06-28 2886 1296.832 0 0
2026-06-29 2843 1325.972 29.14 2.247
2026-06-30 2878 1304.572 -21.4 -1.614
2026-07-01 2856 1318.212 13.64 1.046
2026-07-02 2857 1317.042 -1.17 -0.089
2026-07-03 2847 1332.55 15.508 1.177
2026-07-04 2847 1332.55 0 0
2026-07-05 2847 1332.55 0 0
2026-07-06 2848 1334.375 1.825 0.137
2026-07-07 2858 1320.095 -14.28 -1.07
2026-07-08 2863 1309.776 -10.319 -0.782
2026-07-09 2862 1310.905 1.129 0.086
2026-07-10 2832 1334.612 23.707 1.808
2026-07-11 2834 1335.779 1.167 0.087
2026-07-12 2834 1335.779 0 0
2026-07-13 2843 1321.161 -14.618 -1.094
2026-07-14 2792 1372.537 51.376 3.889
2026-07-15 2787 1382.324 9.787 0.713
2026-07-16 2808 1359.161 -23.163 -1.676
2026-07-17 2798 1351.219 -7.942 -0.584
2026-07-18 2798 1350.424 -0.795 -0.059
2026-07-19 2797 1350.424 0 0
2026-07-20 2770 1372.444 22.02 1.631
2026-07-21 2793 1358.449 -13.995 -1.02
2026-07-22 2784 1366.751 8.302 0.611
2026-07-23 2738 1399.281 32.53 2.38
2026-07-24 2773 1364.351 -34.93 -2.496
2026-07-25 2777 1364.124 -0.227 -0.017
2026-07-26 2777 1364.124 0 0
2026-07-27 2787 1365.288 1.164 0.085
2026-07-28 2785 1363.802 -1.486 -0.109
2026-07-29 2755 1388.811 25.009 1.834
2026-07-30 2737 1398.879 10.068 0.725
2026-07-31 2727 1411.602 12.723 0.91
2026-08-01 2729 1412.462 0.86 0.061
2026-08-02 2729 1412.462 0 0
2026-08-03 2744 1401.953 -10.509 -0.744
2026-08-04 2745 1410.553 8.6 0.613
2026-08-05 2768 1405.184 -5.369 -0.381
2026-08-06 2790 1394.726 -10.458 -0.744
2026-08-07 2778 1401.723 6.997 0.502
2026-08-08 2779 1402.046 0.323 0.023
2026-08-09 2779 1402.046 0 0
2026-08-10 2771 1414.892 12.846 0.916
2026-08-11 2795 1398.535 -16.357 -1.156
2026-08-12 2770 1409.956 11.421 0.817
2026-08-13 2827 1369.451 -40.505 -2.873
=======
2026-05-11 2665 1504.761 0 0
2026-05-12 2680 1499.432 0 0
2026-05-13 2689 1485.316 0 0
2026-05-14 2658 1494.065 0 0
2026-05-15 2686 1477.145 0 0
2026-05-16 2695 1461.031 0 0
2026-05-17 2688 1458.796 0 0
2026-05-18 2710 1436.954 0 0
2026-05-19 2715 1435.788 0 0
2026-05-20 2695 1453.863 0 0
2026-05-21 2683 1465.981 0 0
2026-05-22 2680 1463.991 0 0
2026-05-23 2681 1467.375 0 0
2026-05-24 2681 1468.254 0 0
2026-05-25 2709 1447.292 0 0
2026-05-26 2695 1454.583 0 0
2026-05-27 2688 1461.217 0 0
2026-05-28 2712 1439.373 0 0
2026-05-29 2709 1439.844 0 0
2026-05-30 2714 1435.743 0 0
2026-05-31 2714 1436.881 0 0
2026-06-01 2679 1465.244 0 0
2026-06-02 2671 1478.053 0 0
2026-06-03 2662 1487.078 0 0
2026-06-04 2679 1461.825 0 0
2026-06-05 2694 1447.027 0 0
2026-06-06 2699 1431.259 0 0
2026-06-07 2698 1431.447 0 0
2026-06-09 2770 1373.067 0 0
2026-06-10 2734 1395.093 0 0
2026-06-11 2728 1398.734 0 0
2026-06-12 2683 1437.905 0 0
2026-06-13 2705 1424.096 0 0
2026-06-14 2712 1425.993 0 0
2026-06-16 2780 1385.693 0 0
2026-06-17 2800 1375.29 0 0
2026-06-18 2824 1351.756 0 0
2026-06-19 2828 1349.573 0 0
2026-06-20 2823 1348.423 0 0
2026-06-21 2823 1348.423 0 0
2026-06-22 2804 1363.992 0 0
2026-06-23 2825 1345.08 0 0
2026-06-24 2828 1331.39 0 0
2026-06-25 2839 1324.163 0 0
2026-06-26 2877 1293.775 0 0
2026-06-27 2885 1296.914 0 0
2026-06-28 2886 1296.832 0 0
2026-06-29 2860 1309.581 0 0
2026-06-30 2879 1302.295 0 0
2026-07-01 2848 1324.628 0 0
2026-07-02 2853 1325.513 0 0
2026-07-03 2849 1331.626 0 0
2026-07-04 2847 1332.55 0 0
2026-07-05 2847 1332.55 0 0
2026-07-06 2841 1337.113 0 0
2026-07-07 2853 1327.075 0 0
2026-07-08 2852 1321.918 0 0
2026-07-09 2881 1299.751 0 0
2026-07-10 2823 1346.425 0 0
2026-07-11 2832 1334.612 0 0
2026-07-12 2834 1335.779 0 0
2026-07-13 2847 1323.902 0 0
2026-07-14 2829 1333.952 0 0
2026-07-15 2799 1371.624 0 0
2026-07-16 2803 1365.878 0 0
2026-07-17 2822 1339.955 0 0
2026-07-18 2798 1351.219 0 0
2026-07-19 2798 1350.424 0 0
2026-07-20 2780 1370.527 0 0
2026-07-21 2782 1357.823 0 0
2026-07-22 2788 1369.432 0 0
2026-07-23 2721 1410.681 0 0
2026-07-24 2763 1372.77 0 0
2026-07-25 2773 1364.351 0 0
2026-07-26 2777 1364.124 0 0
2026-07-27 2782 1361.381 0 0
2026-07-28 2788 1356.146 0 0
2026-07-29 2753 1385.764 0 0
2026-07-30 2733 1404.368 0 0
2026-07-31 2733 1409.862 0 0
2026-08-01 2727 1411.602 0 0
2026-08-02 2729 1412.462 0 0
2026-08-03 2742 1401.449 0 0
2026-08-04 2745 1402.87 0 0
2026-08-05 2767 1402.301 0 0
2026-08-06 2778 1399.682 0 0
2026-08-07 2768 1406.653 0 0
2026-08-08 2778 1401.723 0 0
2026-08-09 2779 1402.046 0 0
2026-08-10 2758 1421.315 0 0
2026-08-11 2750 1427.738 0 0
2026-08-12 2758 1423.309 0 0
2026-08-13 2811 1384.251 0 0
2026-08-14 2841 1360.27 0 0
>>>>>>> 2b550085baac25c543016ca743053a87bf115d5d
2026-08-15 2840 1361.157 0 0
2026-08-16 2845 1361.674 0 0
2026-08-17 2844 1361.674 0 0
