2026-03-10 2625 1499.207 0 0
2026-03-11 2644 1488.61 -10.597 -0.707
2026-03-12 2644 1475.687 -12.923 -0.868
2026-03-13 2632 1470.704 -4.983 -0.338
2026-03-14 2632 1464.824 -5.88 -0.4
2026-03-15 2632 1464.824 0 0
2026-03-16 2618 1477.491 12.667 0.865
2026-03-17 2723 1399.712 -77.779 -5.264
2026-03-18 2685 1424.825 25.113 1.794
2026-03-19 2706 1402.013 -22.812 -1.601
2026-03-20 2679 1410.356 8.343 0.595
2026-03-21 2672 1414.271 3.915 0.278
2026-03-22 2672 1414.271 0 0
2026-03-23 2759 1347.047 -67.224 -4.753
2026-03-24 2746 1359.631 12.584 0.934
2026-03-25 2715 1390.63 30.999 2.28
2026-03-27 2644 1430.098 39.468 2.838
2026-03-28 2640 1425.421 -4.677 -0.327
2026-03-29 2640 1425.421 0 0
2026-03-30 2647 1417.369 -8.052 -0.565
2026-03-31 2719 1368.373 -48.996 -3.457
2026-04-01 2658 1417.611 49.238 3.598
2026-04-02 2619 1459.06 41.449 2.924
2026-04-03 2596 1482.209 23.149 1.587
2026-04-04 2596 1482.209 0 0
2026-04-05 2596 1482.209 0 0
2026-04-06 2597 1482.209 0 0
2026-04-07 2522 1542.861 60.652 4.092
2026-04-08 2526 1563.386 20.525 1.33
2026-04-09 2468 1617.641 54.255 3.47
2026-04-10 2508 1585.121 -32.52 -2.01
2026-04-11 2507 1586.884 1.763 0.111
2026-04-12 2507 1586.884 0 0
2026-04-13 2494 1595.259 8.375 0.528
2026-04-14 2490 1604.494 9.235 0.579
2026-04-15 2531 1585.711 -18.783 -1.171
2026-04-16 2532 1588.346 2.635 0.166
2026-04-17 2470 1666.09 77.744 4.895
2026-04-18 2471 1664.406 -1.684 -0.101
2026-04-19 2471 1664.406 0 0
2026-04-20 2478 1653.461 -10.945 -0.658
2026-04-21 2452 1679.61 26.149 1.581
2026-04-22 2419 1705.454 25.844 1.539
2026-04-23 2688 1459.78 -245.674 -14.405
2026-04-24 2717 1432.388 -27.392 -1.876
2026-04-25 2715 1432.242 -0.146 -0.01
2026-04-26 2715 1432.242 0 0
2026-04-27 2730 1421.309 -10.933 -0.763
2026-04-28 2725 1424.661 3.352 0.236
2026-04-29 2752 1405.99 -18.671 -1.311
2026-04-30 2723 1428.285 22.295 1.586
2026-05-01 2722 1428.201 -0.084 -0.006
2026-05-02 2724 1428.201 0 0
2026-05-04 2730 1428.201 0 0
2026-05-05 2544 1572.902 144.701 10.132
2026-05-06 2555 1572.902 0 0
2026-05-07 2525 1595.717 22.815 1.451
2026-05-08 2591 1557.887 -37.83 -2.371
2026-05-09 2589 1557.818 -0.069 -0.004
2026-05-10 2589 1557.818 0 0
<<<<<<< HEAD
2026-05-11 2593 1550.573 -7.245 -0.465
2026-05-12 2639 1514.134 -36.439 -2.35
2026-05-13 2624 1515.76 1.626 0.107
2026-05-14 2521 1590.143 74.383 4.907
2026-05-15 2514 1589.933 -0.21 -0.013
2026-05-16 2513 1585.61 -4.323 -0.272
2026-05-17 2513 1585.61 0 0
2026-05-18 2575 1545.895 -39.715 -2.505
2026-05-19 2574 1550.481 4.586 0.297
2026-05-20 2553 1566.707 16.226 1.047
2026-05-21 2556 1566.177 -0.53 -0.034
2026-05-22 2691 1459.665 -106.512 -6.801
2026-05-23 2687 1462.114 2.449 0.168
2026-05-24 2687 1462.114 0 0
2026-05-26 2712 1447.374 -14.74 -1.008
2026-05-27 2737 1413.584 -33.79 -2.335
2026-05-28 2694 1454.624 41.04 2.903
2026-05-29 2589 1538.184 83.56 5.744
2026-05-31 2591 1540.798 2.614 0.17
2026-06-01 2743 1410.913 -129.885 -8.43
2026-06-02 2691 1451.571 40.658 2.882
2026-06-03 2702 1442.576 -8.995 -0.62
2026-06-04 2721 1419.876 -22.7 -1.574
2026-06-05 2782 1375.272 -44.604 -3.141
2026-06-06 2782 1376.389 1.117 0.081
2026-06-07 2781 1376.389 0 0
2026-06-08 2860 1305.246 -71.143 -5.169
2026-06-09 2793 1354.844 49.598 3.8
2026-06-10 2860 1302.075 -52.769 -3.895
2026-06-11 2854 1302.295 0.22 0.017
2026-06-12 2934 1263.161 -39.134 -3.005
2026-06-13 2936 1266.169 3.008 0.238
2026-06-15 2867 1317.426 51.257 4.048
2026-06-16 2847 1330.949 13.523 1.026
2026-06-17 2799 1370.414 39.465 2.965
2026-06-18 2798 1373.829 3.415 0.249
2026-06-19 2801 1372.793 -1.036 -0.075
2026-06-20 2801 1372.793 0 0
2026-06-21 2801 1372.793 0 0
2026-06-23 2826 1334.49 -38.303 -2.79
2026-06-24 2798 1358.427 23.937 1.794
2026-06-25 2852 1313.773 -44.654 -3.287
2026-06-26 2909 1278.284 -35.489 -2.701
2026-06-27 2909 1278.058 -0.226 -0.018
2026-06-28 2909 1278.058 0 0
2026-06-29 2949 1252.344 -25.714 -2.012
2026-06-30 2804 1358.317 105.973 8.462
2026-07-01 2762 1406.014 47.697 3.511
2026-07-02 2803 1366.153 -39.861 -2.835
2026-07-03 2867 1316.263 -49.89 -3.652
2026-07-04 2867 1316.263 0 0
2026-07-05 2867 1316.263 0 0
2026-07-06 2916 1291.198 -25.065 -1.904
2026-07-07 2921 1271.803 -19.395 -1.502
2026-07-08 2959 1248.549 -23.254 -1.828
2026-07-09 2916 1271.7 23.151 1.854
2026-07-10 2852 1318.65 46.95 3.692
2026-07-11 2852 1321.588 2.938 0.223
2026-07-12 2852 1321.588 0 0
2026-07-13 2978 1228.012 -93.576 -7.081
2026-07-14 2992 1219.967 -8.045 -0.655
2026-07-15 3108 1165.765 -54.202 -4.443
2026-07-16 3150 1142.501 -23.264 -1.996
2026-07-17 3249 1067.405 -75.096 -6.573
2026-07-18 3249 1065.956 -1.449 -0.136
2026-07-19 3248 1065.956 0 0
2026-07-20 3299 1033.349 -32.607 -3.059
2026-07-21 3227 1081.033 47.684 4.615
2026-07-22 3240 1071.604 -9.429 -0.872
2026-07-23 3260 1059.387 -12.217 -1.14
2026-07-24 3277 1039.507 -19.88 -1.877
2026-07-25 3277 1038.954 -0.553 -0.053
2026-07-26 3277 1038.954 0 0
2026-07-27 3267 1059.371 20.417 1.965
2026-07-28 3295 1036.459 -22.912 -2.163
2026-07-29 3309 1026.858 -9.601 -0.926
2026-07-30  994.88 -31.978 -3.114
2026-08-01 3317 1028.443 33.563 3.374
2026-08-02 3317 1028.443 0 0
2026-08-03 3317 1032.212 3.769 0.366
2026-08-04 3254 1085.543 53.331 5.167
2026-08-05 3217 1108.587 23.044 2.123
2026-08-06 3222 1108.455 -0.132 -0.012
2026-08-07 3209 1119.326 10.871 0.981
2026-08-08 3210 1119.592 0.266 0.024
2026-08-09 3210 1119.592 0 0
2026-08-10 3231 1108.05 -11.542 -1.031
2026-08-11 3229 1111.112 3.062 0.276
2026-08-12 3186 1137.831 26.719 2.405
2026-08-13 3228 1111.064 -26.767 -2.352
=======
2026-05-11 2583 1563.428 0 0
2026-05-12 2648 1513.41 0 0
2026-05-13 2649 1501.033 0 0
2026-05-14 2519 1585.487 0 0
2026-05-15 2527 1587.1 0 0
2026-05-16 2514 1589.933 0 0
2026-05-17 2513 1585.61 0 0
2026-05-18 2554 1557.342 0 0
2026-05-19 2608 1525.57 0 0
2026-05-20 2584 1538.087 0 0
2026-05-21 2665 1485.394 0 0
2026-05-22 2692 1456.162 0 0
2026-05-23 2691 1459.665 0 0
2026-05-24 2687 1462.114 0 0
2026-05-25 2682 1467.028 0 0
2026-05-26 2720 1434.974 0 0
2026-05-27 2727 1426.785 0 0
2026-05-28 2694 1453.402 0 0
2026-05-29 2608 1522.138 0 0
2026-05-30 2589 1538.184 0 0
2026-05-31 2591 1540.798 0 0
2026-06-01 2720 1436.514 0 0
2026-06-02 2712 1438.158 0 0
2026-06-03 2671 1474.13 0 0
2026-06-04 2720 1422.357 0 0
2026-06-05 2738 1408.139 0 0
2026-06-06 2782 1375.272 0 0
2026-06-07 2782 1376.389 0 0
2026-06-09 2815 1328.961 0 0
2026-06-10 2860 1303.529 0 0
2026-06-11 2845 1302.779 0 0
2026-06-12 2891 1296.197 0 0
2026-06-13 2934 1263.161 0 0
2026-06-14 2936 1266.169 0 0
2026-06-16 2837 1336.706 0 0
2026-06-17 2817 1360.593 0 0
2026-06-18 2803 1368.767 0 0
2026-06-19 2798 1373.829 0 0
2026-06-20 2801 1372.793 0 0
2026-06-21 2801 1372.793 0 0
2026-06-22 2811 1359.157 0 0
2026-06-23 2820 1349.988 0 0
2026-06-24 2811 1344.813 0 0
2026-06-25 2838 1324.227 0 0
2026-06-26 2881 1289.709 0 0
2026-06-27 2909 1278.284 0 0
2026-06-28 2909 1278.058 0 0
2026-06-29 2972 1240.655 0 0
2026-06-30 2816 1343.982 0 0
2026-07-01 2770 1394.123 0 0
2026-07-02 2739 1414.448 0 0
2026-07-03 2841 1337.137 0 0
2026-07-04 2867 1316.263 0 0
2026-07-05 2867 1316.263 0 0
2026-07-06 2866 1317.902 0 0
2026-07-07 2931 1271.521 0 0
2026-07-08 2978 1238.803 0 0
2026-07-09 2971 1233.343 0 0
2026-07-10 2846 1324.306 0 0
2026-07-11 2852 1318.65 0 0
2026-07-12 2852 1321.588 0 0
2026-07-13 2935 1263.425 0 0
2026-07-14 2987 1222.383 0 0
2026-07-15 3040 1202.62 0 0
2026-07-16 3098 1172.098 0 0
2026-07-17 3180 1110.101 0 0
2026-07-18 3249 1067.405 0 0
2026-07-19 3249 1065.956 0 0
2026-07-20 3261 1062.906 0 0
2026-07-21 3312 1023.731 0 0
2026-07-22 3241 1073.985 0 0
2026-07-23 3260 1059.387 0 0
2026-07-24 3267 1046.949 0 0
2026-07-25 3277 1039.507 0 0
2026-07-26 3277 1038.954 0 0
2026-07-27 3274 1049.984 0 0
2026-07-28 3255 1062.657 0 0
2026-07-29 3322 1017.666 0 0
2026-07-30 3341 1005.951 0 0
2026-07-31 3290 1041.874 0 0
2026-08-02 3317 1028.443 0 0
2026-08-03 3317 1030.563 0 0
2026-08-04 3268 1070.616 0 0
2026-08-05 3242 1092.133 0 0
2026-08-06 3209 1117.297 0 0
2026-08-07 3209 1116.699 0 0
2026-08-08 3209 1119.326 0 0
2026-08-09 3210 1119.592 0 0
2026-08-10 3227 1108.285 0 0
2026-08-11 3251 1097.921 0 0
2026-08-12 3208 1128.071 0 0
2026-08-13 3195 1130.761 0 0
2026-08-14 3221 1117.663 0 0
>>>>>>> 2b550085baac25c543016ca743053a87bf115d5d
2026-08-15 3219 1114.599 0 0
