2026-03-10 2239 1842.489 0 0
2026-03-11 2342 1745.845 -96.644 -5.245
2026-03-12 2356 1718.331 -27.514 -1.576
2026-03-13 2373 1695.899 -22.432 -1.305
2026-03-14 2369 1689.724 -6.175 -0.364
2026-03-15 2369 1689.724 0 0
2026-03-16 2371 1689.147 -0.577 -0.034
2026-03-17 2398 1660.473 -28.674 -1.698
2026-03-18 2404 1656.401 -4.072 -0.245
2026-03-19 2386 1663.987 7.586 0.458
2026-03-20 2435 1608.437 -55.55 -3.338
2026-03-21 2426 1617.05 8.613 0.535
2026-03-22 2426 1617.05 0 0
2026-03-23 2432 1595.446 -21.604 -1.336
2026-03-24 2430 1597.235 1.789 0.112
2026-03-25 2444 1599.394 2.159 0.135
2026-03-27 2531 1529.68 -69.714 -4.359
2026-03-28 2529 1524.036 -5.644 -0.369
2026-03-29 2529 1524.036 0 0
2026-03-30 2580 1480.634 -43.402 -2.848
2026-03-31 2437 1592.214 111.58 7.536
2026-04-01 2447 1596.099 3.885 0.244
2026-04-02 2440 1606.653 10.554 0.661
2026-04-03 2421 1619.825 13.172 0.82
2026-04-04 2421 1619.825 0 0
2026-04-05 2421 1619.825 0 0
2026-04-06 2394 1657.008 37.183 2.295
2026-04-07 2403 1646.369 -10.639 -0.642
2026-04-08 2423 1646.369 0 0
2026-04-09 2445 1630.755 -15.614 -0.948
2026-04-10 2420 1657.912 27.157 1.665
2026-04-11 2411 1675.464 17.552 1.059
2026-04-12 2411 1675.464 0 0
2026-04-13 2419 1665.288 -10.176 -0.607
2026-04-14 2390 1702.993 37.705 2.264
2026-04-15 2314 1788.733 85.74 5.035
2026-04-16 2319 1779.948 -8.785 -0.491
2026-04-17 2304 1803.367 23.419 1.316
2026-04-18 2288 1825.112 21.745 1.206
2026-04-19 2288 1825.112 0 0
2026-04-20 2381 1739.837 -85.275 -4.672
2026-04-21 2396 1723.602 -16.235 -0.933
2026-04-22 2410 1715.166 -8.436 -0.489
2026-04-23 2382 1726.316 11.15 0.65
2026-04-24 2368 1733.602 7.286 0.422
2026-04-25 2364 1733.713 0.111 0.006
2026-04-26 2364 1733.713 0 0
2026-04-27 2419 1693.58 -40.133 -2.315
2026-04-28 2339 1757.976 64.396 3.802
2026-04-29 2364 1738.123 -19.853 -1.129
2026-04-30 2395 1714.911 -23.212 -1.335
2026-05-01 2385 1726.279 11.368 0.663
2026-05-02 2379 1730.646 4.367 0.253
2026-05-04 2395 1718.928 -11.718 -0.677
2026-05-05 2319 1793.131 74.203 4.317
2026-05-06 2284 1823.98 30.849 1.72
2026-05-07 2228 1890.136 66.156 3.627
2026-05-08 2230 1897.017 6.881 0.364
2026-05-09 2226 1897.644 0.627 0.033
2026-05-10 2226 1897.644 0 0
2026-05-11 2181 1939.585 41.941 2.21
2026-05-12 2189 1923.426 -16.159 -0.833
2026-05-13 2178 1936.137 12.711 0.661
2026-05-14 2212 1896.632 -39.505 -2.04
2026-05-15 2204 1893.074 -3.558 -0.188
2026-05-16 2211 1882.441 -10.633 -0.562
2026-05-17 2211 1882.441 0 0
2026-05-18 2235 1855.071 -27.37 -1.454
2026-05-19 2250 1848.071 -7 -0.377
2026-05-20 2273 1829.928 -18.143 -0.982
2026-05-21 2260 1846.528 16.6 0.907
2026-05-22 2273 1846.528 0 0
2026-05-23 2261 1853.871 7.343 0.398
2026-05-24 2261 1853.871 0 0
2026-05-26 2303 1804.242 -49.629 -2.677
2026-05-27 2267 1840.031 35.789 1.984
2026-05-28 2184 1916.888 76.857 4.177
2026-05-29 2126 1973.996 57.108 2.979
2026-05-31 2107 1986.644 12.648 0.641
2026-06-01 2079 2007.37 20.726 1.043
2026-06-02 2098 1994.993 -12.377 -0.617
2026-06-03 2091 1987.456 -7.537 -0.378
2026-06-04 2074 2005.741 18.285 0.92
2026-06-05 2048 2014.678 8.937 0.446
2026-06-06 2079 1990.084 -24.594 -1.221
2026-06-07 2079 1990.084 0 0
2026-06-08 2037 2013.018 22.934 1.152
2026-06-09 2011 2046.758 33.74 1.676
2026-06-10 2020 2033.898 -12.86 -0.628
2026-06-11 2059 1995.159 -38.739 -1.905
2026-06-12 2099 1965.567 -29.592 -1.483
2026-06-13 2079 1992.834 27.267 1.387
2026-06-15 2159 1935.653 -57.181 -2.869
2026-06-16 2187 1906.462 -29.191 -1.508
2026-06-17 2284 1816.664 -89.798 -4.71
2026-06-18 2307 1798.047 -18.617 -1.025
2026-06-19 2353 1735.141 -62.906 -3.499
2026-06-20 2353 1735.141 0 0
2026-06-21 2353 1735.141 0 0
2026-06-23 2432 1657.175 -77.966 -4.493
2026-06-24 2398 1686.959 29.784 1.797
2026-06-25 2358 1721.392 34.433 2.041
2026-06-26 2353 1725.084 3.692 0.214
2026-06-27 2365 1714.328 -10.756 -0.624
2026-06-28 2365 1714.328 0 0
2026-06-29 2376 1708.278 -6.05 -0.353
2026-06-30 2379 1716.527 8.249 0.483
2026-07-01 2373 1727.685 11.158 0.65
2026-07-02 2418 1694.404 -33.281 -1.926
2026-07-03 2404 1711.095 16.691 0.985
2026-07-04 2404 1711.095 0 0
2026-07-05 2404 1711.095 0 0
2026-07-06 2399 1721.405 10.31 0.603
2026-07-07 2387 1719.541 -1.864 -0.108
2026-07-08 2477 1627.689 -91.852 -5.342
2026-07-09 2546 1569.488 -58.201 -3.576
2026-07-10 2544 1574.306 4.818 0.307
2026-07-11 2537 1576.642 2.336 0.148
2026-07-12 2537 1576.642 0 0
2026-07-13 2535 1573.023 -3.619 -0.23
2026-07-14 2557 1554.536 -18.487 -1.175
2026-07-15 2586 1540.976 -13.56 -0.872
2026-07-16 2603 1521.193 -19.783 -1.284
2026-07-17 2505 1583.307 62.114 4.083
2026-07-18 2514 1576.17 -7.137 -0.451
2026-07-19 2513 1576.17 0 0
2026-07-20 2519 1568.397 -7.773 -0.493
2026-07-21 2540 1562.939 -5.458 -0.348
2026-07-22 2499 1583.773 20.834 1.333
2026-07-23 2498 1579.439 -4.334 -0.274
2026-07-24 2502 1573.932 -5.507 -0.349
2026-07-25 2488 1587.043 13.111 0.833
2026-07-26 2488 1587.043 0 0
2026-07-27 2488 1592.408 5.365 0.338
2026-07-28 2501 1581.561 -10.847 -0.681
2026-07-29 2502 1580.038 -1.523 -0.096
2026-07-30 2516 1571.349 -8.689 -0.55
2026-07-31 2507 1588.647 17.298 1.101
2026-08-01 2509 1590.029 1.382 0.087
2026-08-02 2509 1590.029 0 0
2026-08-03 2514 1588.843 -1.186 -0.075
2026-08-04 2553 1570.485 -18.358 -1.155
2026-08-05 2508 1618.195 47.71 3.038
2026-08-06 2509 1622.001 3.806 0.235
2026-08-07 2493 1639.457 17.456 1.076
2026-08-08 2489 1643.934 4.477 0.273
2026-08-09 2489 1643.934 0 0
2026-08-10 2476 1659.067 15.133 0.921
2026-08-11 2554 1582.188 -76.879 -4.634
2026-08-12 2575 1567.79 -14.398 -0.91
2026-08-13 2552 1577.151 9.361 0.597
2026-08-15 2521 1614.88 37.729 2.392
2026-08-16 2520 1614.88 0 0
2026-08-17 2509 1629.015 14.135 0.875
2026-08-18 2514 1623.053 -5.962 -0.366
2026-08-19 2488 1638.855 15.802 0.974
2026-08-20 2483 1647.84 8.985 0.548
2026-08-21 2503 1637.936 -9.904 -0.601
2026-08-23 2500 1642.532 4.596 0.281
2026-08-24 2504 1632.806 -9.726 -0.592
2026-08-25 2545 1592.831 -39.975 -2.448
2026-08-26 2530 1610.825 17.994 1.13
2026-08-27 2560 1585.683 -25.142 -1.561
2026-08-28 2549 1596.832 11.149 0.703
2026-08-29 2555 1591.423 -5.409 -0.339
2026-08-30 2555 1591.423 0 0
2026-08-31 2578 1574.341 -17.082 -1.073
2026-09-01 2575 1574.341 0 0
2026-09-02 2578 1567.998 0 0
2026-09-03 2562 1580.561 0 0
2026-09-04 2587 1567.846 0 0
2026-09-05 2569 1578.95 0 0
