2026-03-10 2605 1507.072 0 0
2026-03-11 2600 1514.093 7.021 0.466
2026-03-12 2595 1503.585 -10.508 -0.694
2026-03-13 2598 1497.868 -5.717 -0.38
2026-03-14 2607 1487.755 -10.113 -0.675
2026-03-15 2607 1487.755 0 0
2026-03-16 2609 1487.755 0 0
2026-03-17 2607 1493.052 5.297 0.356
2026-03-18 2610 1493.052 0 0
2026-03-19 2586 1496.661 3.609 0.242
2026-03-20 2573 1496.834 0.173 0.012
2026-03-21 2563 1500.808 3.974 0.265
2026-03-22 2563 1500.808 0 0
2026-03-23 2553 1500.808 0 0
2026-03-24 2546 1506.199 5.391 0.359
2026-03-25 2559 1505.152 -1.047 -0.07
2026-03-27 2553 1505.152 0 0
2026-03-28 2562 1497.696 -7.456 -0.495
2026-03-29 2562 1497.696 0 0
2026-03-30 2559 1497.696 0 0
2026-03-31 2570 1490.484 -7.212 -0.482
2026-04-01 2580 1497.868 7.384 0.495
2026-04-02 2553 1511.101 13.233 0.883
2026-04-03 2568 1501.675 -9.426 -0.624
2026-04-04 2568 1501.675 0 0
2026-04-05 2568 1501.675 0 0
2026-04-06 2569 1501.675 0 0
2026-04-07 2570 1500.462 -1.213 -0.081
2026-04-08 2595 1500.462 0 0
2026-04-09 2578 1520.29 19.828 1.321
2026-04-10 2576 1519.047 -1.243 -0.082
2026-04-11 2575 1524.748 5.701 0.375
2026-04-12 2575 1524.748 0 0
2026-04-13 2587 1524.748 0 0
2026-04-14 2592 1522.427 -2.321 -0.152
2026-04-15 2587 1535.191 12.764 0.838
2026-04-16 2594 1533.742 -1.449 -0.094
2026-04-17 2599 1530.312 -3.43 -0.224
2026-04-18 2595 1535.735 5.423 0.354
2026-04-19 2595 1535.735 0 0
2026-04-20 2602 1535.735 0 0
2026-04-21 2613 1530.312 -5.423 -0.353
2026-04-22 2611 1527.794 -2.518 -0.165
2026-04-23 2601 1523.318 -4.476 -0.293
2026-04-24 2601 1522.427 -0.891 -0.058
2026-04-25 2601 1521.714 -0.713 -0.047
2026-04-26 2601 1521.714 0 0
2026-04-27 2606 1521.714 0 0
2026-04-28 2597 1525.643 3.929 0.258
2026-04-29 2603 1521.179 -4.464 -0.293
2026-04-30 2603 1521.002 -0.177 -0.012
2026-05-01 2601 1524.927 3.925 0.258
2026-05-02 2598 1529.772 4.845 0.318
2026-05-04 2601 1529.772 0 0
2026-05-05 2619 1522.07 -7.702 -0.503
2026-05-06 2625 1522.07 0 0
2026-05-07 2628 1528.333 6.263 0.411
2026-05-08 2631 1531.033 2.7 0.177
2026-05-09 2631 1530.672 -0.361 -0.024
2026-05-10 2631 1530.672 0 0
<<<<<<< HEAD
2026-05-11 2628 1530.672 0 0
2026-05-12 2610 1531.394 0.722 0.047
2026-05-13 2612 1525.643 -5.751 -0.376
2026-05-14 2618 1522.07 -3.573 -0.234
2026-05-15 2621 1518.337 -3.733 -0.245
2026-05-16 2625 1511.98 -6.357 -0.419
2026-05-17 2625 1511.98 0 0
2026-05-18 2618 1511.98 0 0
2026-05-19 2619 1513.388 1.408 0.093
2026-05-20 2630 1507.596 -5.792 -0.383
2026-05-21 2630 1510.574 2.978 0.198
2026-05-22 2627 1510.574 0 0
2026-05-23 2629 1507.771 -2.803 -0.186
2026-05-24 2629 1507.771 0 0
2026-05-26 2632 1507.771 0 0
2026-05-27 2628 1511.101 3.33 0.221
2026-05-28 2631 1511.452 0.351 0.023
2026-05-29 2617 1514.093 2.641 0.175
2026-05-31 2619 1517.097 3.004 0.198
2026-06-01 2627 1517.097 0 0
2026-06-02 2625 1510.223 -6.874 -0.453
2026-06-03 2618 1513.74 3.517 0.233
2026-06-04 2615 1509.522 -4.218 -0.279
2026-06-05 2605 1511.98 2.458 0.163
2026-06-06 2617 1502.716 -9.264 -0.613
2026-06-07 2617 1502.716 0 0
2026-06-08 2603 1502.716 0 0
2026-06-09 2611 1500.462 -2.254 -0.15
2026-06-10 2599 1503.064 2.602 0.173
2026-06-11 2608 1501.848 -1.216 -0.081
2026-06-12 2621 1497.351 -4.497 -0.299
2026-06-13 2613 1504.63 7.279 0.486
2026-06-15 2625 1504.63 0 0
2026-06-16 2628 1508.996 4.366 0.29
2026-06-17 2624 1508.996 0 0
2026-06-18 2625 1506.548 -2.448 -0.162
2026-06-19 2648 1493.223 -13.325 -0.884
2026-06-20 2648 1493.223 0 0
2026-06-21 2648 1493.223 0 0
2026-06-23 2649 1487.925 -5.298 -0.355
2026-06-24 2654 1479.795 -8.13 -0.546
2026-06-25 2660 1474.257 -5.538 -0.374
2026-06-26 2645 1478.953 4.696 0.319
2026-06-27 2638 1481.313 2.36 0.16
2026-06-28 2638 1481.313 0 0
2026-06-29 2641 1481.313 0 0
2026-06-30 2647 1484.866 3.553 0.24
2026-07-01 2650 1486.224 1.358 0.091
2026-07-02 2659 1481.144 -5.08 -0.342
2026-07-03 2657 1487.584 6.44 0.435
2026-07-04 2657 1487.584 0 0
2026-07-05 2657 1487.584 0 0
2026-07-06 2666 1487.584 0 0
2026-07-07 2663 1484.357 -3.227 -0.217
2026-07-08 2645 1486.394 2.037 0.137
2026-07-09 2651 1482.833 -3.561 -0.24
2026-07-10 2649 1486.224 3.391 0.229
2026-07-11 2652 1485.035 -1.189 -0.08
2026-07-12 2652 1485.035 0 0
2026-07-13 2648 1485.035 0 0
2026-07-14 2652 1482.664 -2.371 -0.16
2026-07-15 2652 1487.755 5.091 0.343
2026-07-16 2655 1486.734 -1.021 -0.069
2026-07-17 2632 1487.584 0.85 0.057
2026-07-18 2632 1487.244 -0.34 -0.023
2026-07-19 2631 1487.244 0 0
2026-07-20 2620 1487.244 0 0
2026-07-21 2642 1482.833 -4.411 -0.297
2026-07-22 2637 1482.664 -0.169 -0.011
2026-07-23 2632 1483.341 0.677 0.046
2026-07-24 2628 1478.281 -5.06 -0.341
2026-07-25 2626 1479.29 1.009 0.068
2026-07-26 2626 1479.29 0 0
2026-07-27 2644 1479.29 0 0
2026-07-28 2639 1478.281 -1.009 -0.068
2026-07-29 2639 1480.132 1.851 0.125
2026-07-30 2642 1479.627 -0.505 -0.034
2026-07-31 2639 1495.456 15.829 1.07
2026-08-01 2641 1495.8 0.344 0.023
2026-08-02 2641 1495.8 0 0
2026-08-03 2649 1495.8 0 0
2026-08-04 2655 1496.834 1.034 0.069
2026-08-05 2659 1498.041 1.207 0.081
2026-08-06 2639 1501.848 3.807 0.254
2026-08-07 2659 1499.596 -2.252 -0.15
2026-08-08 2650 1502.022 2.426 0.162
2026-08-09 2650 1502.022 0 0
2026-08-10 2655 1502.022 0 0
2026-08-11 2653 1502.022 0 0
2026-08-12 2659 1500.462 -1.56 -0.104
2026-08-13 2655 1500.462 0 0
=======
2026-05-11 2634 1530.672 0 0
2026-05-12 2627 1530.672 0 0
2026-05-13 2605 1531.394 0 0
2026-05-14 2606 1525.643 0 0
2026-05-15 2622 1522.07 0 0
2026-05-16 2621 1518.337 0 0
2026-05-17 2625 1511.98 0 0
2026-05-18 2624 1511.98 0 0
2026-05-19 2619 1511.98 0 0
2026-05-20 2617 1513.388 0 0
2026-05-21 2630 1507.596 0 0
2026-05-22 2623 1510.574 0 0
2026-05-23 2627 1510.574 0 0
2026-05-24 2629 1507.771 0 0
2026-05-25 2629 1507.771 0 0
2026-05-26 2628 1507.771 0 0
2026-05-27 2633 1507.771 0 0
2026-05-28 2625 1511.101 0 0
2026-05-29 2622 1511.452 0 0
2026-05-30 2617 1514.093 0 0
2026-05-31 2619 1517.097 0 0
2026-06-01 2624 1517.097 0 0
2026-06-02 2619 1517.097 0 0
2026-06-03 2626 1510.223 0 0
2026-06-04 2613 1513.74 0 0
2026-06-05 2613 1509.522 0 0
2026-06-06 2605 1511.98 0 0
2026-06-07 2617 1502.716 0 0
2026-06-09 2606 1502.716 0 0
2026-06-10 2602 1500.462 0 0
2026-06-11 2601 1503.064 0 0
2026-06-12 2616 1501.848 0 0
2026-06-13 2621 1497.351 0 0
2026-06-14 2613 1504.63 0 0
2026-06-16 2628 1504.63 0 0
2026-06-17 2632 1508.996 0 0
2026-06-18 2624 1508.996 0 0
2026-06-19 2623 1506.548 0 0
2026-06-20 2648 1493.223 0 0
2026-06-21 2648 1493.223 0 0
2026-06-22 2647 1493.223 0 0
2026-06-23 2651 1493.223 0 0
2026-06-24 2646 1487.925 0 0
2026-06-25 2657 1479.795 0 0
2026-06-26 2642 1474.257 0 0
2026-06-27 2645 1478.953 0 0
2026-06-28 2638 1481.313 0 0
2026-06-29 2642 1481.313 0 0
2026-06-30 2646 1481.313 0 0
2026-07-01 2656 1484.866 0 0
2026-07-02 2646 1486.224 0 0
2026-07-03 2661 1481.144 0 0
2026-07-04 2657 1487.584 0 0
2026-07-05 2657 1487.584 0 0
2026-07-06 2663 1487.584 0 0
2026-07-07 2665 1487.584 0 0
2026-07-08 2656 1484.357 0 0
2026-07-09 2641 1486.394 0 0
2026-07-10 2657 1482.833 0 0
2026-07-11 2649 1486.224 0 0
2026-07-12 2652 1485.035 0 0
2026-07-13 2649 1485.035 0 0
2026-07-14 2645 1485.035 0 0
2026-07-15 2656 1482.664 0 0
2026-07-16 2649 1487.755 0 0
2026-07-17 2648 1486.734 0 0
2026-07-18 2632 1487.584 0 0
2026-07-19 2632 1487.244 0 0
2026-07-20 2634 1487.244 0 0
2026-07-21 2621 1487.244 0 0
2026-07-22 2640 1482.833 0 0
2026-07-23 2633 1482.664 0 0
2026-07-24 2622 1483.341 0 0
2026-07-25 2628 1478.281 0 0
2026-07-26 2626 1479.29 0 0
2026-07-27 2636 1479.29 0 0
2026-07-28 2638 1479.29 0 0
2026-07-29 2641 1478.281 0 0
2026-07-30 2640 1480.132 0 0
2026-07-31 2653 1479.627 0 0
2026-08-01 2639 1495.456 0 0
2026-08-02 2641 1495.8 0 0
2026-08-03 2641 1495.8 0 0
2026-08-04 2653 1495.8 0 0
2026-08-05 2660 1496.834 0 0
2026-08-06 2660 1498.041 0 0
2026-08-07 2640 1501.848 0 0
2026-08-08 2659 1499.596 0 0
2026-08-09 2650 1502.022 0 0
2026-08-10 2652 1502.022 0 0
2026-08-11 2654 1502.022 0 0
2026-08-12 2654 1502.022 0 0
2026-08-13 2658 1500.462 0 0
2026-08-14 2653 1500.462 0 0
>>>>>>> 2b550085baac25c543016ca743053a87bf115d5d
2026-08-15 2657 1500.808 0 0
2026-08-16 2654 1505.501 0 0
2026-08-17 2654 1505.501 0 0
2026-08-18 2653 1505.501 0 0
2026-08-19 2654 1506.373 0 0
2026-08-20 2649 1505.675 0 0
2026-08-21 2642 1516.212 0 0
2026-08-22 2644 1518.869 0 0
2026-08-24 2647 1517.451 0 0
2026-08-25 2638 1517.451 0 0
2026-08-26 2649 1516.566 0 0
2026-08-27 2652 1517.097 0 0
