2026-03-10 3290 1056.168 0 0
2026-03-11 3267 1071.594 15.426 1.461
2026-03-12 3270 1066.639 -4.955 -0.462
2026-03-13 3255 1069.63 2.991 0.28
2026-03-14 3251 1070.493 0.863 0.081
2026-03-15 3251 1070.493 0 0
2026-03-16 3258 1070.493 0 0
2026-03-17 3244 1079.692 9.199 0.859
2026-03-18 3242 1079.692 0 0
2026-03-19 3228 1081.183 1.491 0.138
2026-03-20 3220 1083.451 2.268 0.21
2026-03-21 3216 1082.396 -1.055 -0.097
2026-03-22 3216 1082.396 0 0
2026-03-23 3201 1082.396 0 0
2026-03-24 3210 1082.105 -0.291 -0.027
2026-03-25 3220 1081.684 -0.421 -0.039
2026-03-27 3212 1081.684 0 0
2026-03-28 3213 1078.607 -3.077 -0.284
2026-03-29 3212 1078.607 0 0
2026-03-30 3204 1078.607 0 0
2026-03-31 3206 1083.24 4.633 0.43
2026-04-01 3202 1089.097 5.857 0.541
2026-04-02 3201 1092.474 3.377 0.31
2026-04-03 3185 1097.241 4.767 0.436
2026-04-04 3185 1097.241 0 0
2026-04-05 3185 1097.241 0 0
2026-04-06 3190 1097.241 0 0
2026-04-07 3158 1111.901 14.66 1.336
2026-04-08 3186 1111.901 0 0
2026-04-09 3231 1088.093 -23.808 -2.141
2026-04-10 3237 1088.924 0.831 0.076
2026-04-11 3236 1092.657 3.733 0.343
2026-04-12 3236 1092.657 0 0
2026-04-13 3242 1092.657 0 0
2026-04-14 3253 1091.055 -1.602 -0.147
2026-04-15 3266 1090.873 -0.182 -0.017
2026-04-16 3265 1094.532 3.659 0.335
2026-04-17 3256 1098.479 3.947 0.361
2026-04-18 3254 1100.765 2.286 0.208
2026-04-19 3254 1100.765 0 0
2026-04-20 3252 1100.765 0 0
2026-04-21 3249 1103.575 2.81 0.255
2026-04-22 3231 1110.386 6.811 0.617
2026-04-23 3222 1111.709 1.323 0.119
2026-04-24 3220 1110.003 -1.706 -0.153
2026-04-25 3215 1110.507 0.504 0.045
2026-04-26 3215 1110.507 0 0
2026-04-27 3215 1110.507 0 0
2026-04-28 3194 1119.654 9.147 0.824
2026-04-29 3191 1120.955 1.301 0.116
2026-04-30 3196 1113.3 -7.655 -0.683
2026-05-01 3204 1112.67 -0.63 -0.057
2026-05-02 3204 1112.74 0.07 0.006
2026-05-04 3208 1112.74 0 0
2026-05-05 3228 1109.604 -3.136 -0.282
2026-05-06 3230 1109.604 0 0
2026-05-07 3238 1113.195 3.591 0.324
2026-05-08 3250 1112.39 -0.805 -0.072
2026-05-09 3251 1109.604 -2.786 -0.25
2026-05-10 3251 1109.604 0 0
<<<<<<< HEAD
2026-05-11 3245 1109.604 0 0
2026-05-12 3233 1109.604 0 0
2026-05-13 3238 1108.564 -1.04 -0.094
2026-05-14 3245 1101.189 -7.375 -0.665
2026-05-15 3252 1097.014 -4.175 -0.379
2026-05-16 3231 1103.148 6.134 0.559
2026-05-17 3231 1103.148 0 0
2026-05-18 3226 1103.148 0 0
2026-05-19 3233 1103.738 0.59 0.053
2026-05-20 3245 1099.443 -4.295 -0.389
2026-05-21 3257 1096.459 -2.984 -0.271
2026-05-22 3254 1096.459 0 0
2026-05-23 3247 1098.192 1.733 0.158
2026-05-24 3247 1098.192 0 0
2026-05-26 3257 1098.192 0 0
2026-05-27 3280 1084.484 -13.708 -1.248
2026-05-28 3268 1085.332 0.848 0.078
2026-05-29 3279 1077.445 -7.887 -0.727
2026-05-31 3295 1070.705 -6.74 -0.626
2026-06-01 3295 1070.705 0 0
2026-06-02 3291 1065.94 -4.765 -0.445
2026-06-03 3280 1067.886 1.946 0.183
2026-06-04 3274 1072.913 5.027 0.471
2026-06-05 3254 1077.046 4.133 0.385
2026-06-06 3254 1074.243 -2.803 -0.26
2026-06-07 3254 1074.243 0 0
2026-06-08 3244 1074.243 0 0
2026-06-09 3243 1075.005 0.762 0.071
2026-06-10 3238 1071.098 -3.907 -0.363
2026-06-11 3229 1072.423 1.325 0.124
2026-06-12 3241 1072.359 -0.064 -0.006
2026-06-13 3256 1069.136 -3.223 -0.301
2026-06-15 3271 1069.136 0 0
2026-06-16 3277 1069.747 0.611 0.057
2026-06-17 3264 1071.697 1.95 0.182
2026-06-18 3263 1070.894 -0.803 -0.075
2026-06-19 3257 1071.902 1.008 0.094
2026-06-20 3257 1071.902 0 0
2026-06-21 3257 1071.902 0 0
2026-06-23 3244 1072.881 0.979 0.091
2026-06-24 3234 1073.751 0.87 0.081
2026-06-25 3226 1074.148 0.397 0.037
2026-06-26 3217 1075.929 1.781 0.166
2026-06-27 3224 1074.656 -1.273 -0.118
2026-06-28 3224 1074.656 0 0
2026-06-29 3233 1074.656 0 0
2026-06-30 3223 1080.336 5.68 0.529
2026-07-01 3221 1088.15 7.814 0.723
2026-07-02 3234 1086.378 -1.772 -0.163
2026-07-03 3218 1094.817 8.439 0.777
2026-07-04 3218 1094.817 0 0
2026-07-05 3218 1094.817 0 0
2026-07-06 3221 1094.817 0 0
2026-07-07 3211 1096.593 1.776 0.162
2026-07-08 3197 1100.663 4.07 0.371
2026-07-09 3193 1102.67 2.007 0.182
2026-07-10 3193 1107.872 5.202 0.472
2026-07-11 3229 1090.956 -16.916 -1.527
2026-07-12 3229 1090.956 0 0
2026-07-13 3217 1090.956 0 0
2026-07-14 3217 1093.94 2.984 0.274
2026-07-15 3204 1102.38 8.44 0.772
2026-07-16 3212 1096.207 -6.173 -0.56
2026-07-17 3183 1100.086 3.879 0.354
2026-07-18 3186 1099.257 -0.829 -0.075
2026-07-19 3185 1099.257 0 0
2026-07-20 3186 1099.257 0 0
2026-07-21 3183 1100.51 1.253 0.114
2026-07-22 3175 1105.546 5.036 0.458
2026-07-23 3186 1105.332 -0.214 -0.019
2026-07-24 3173 1101.019 -4.313 -0.39
2026-07-25 3183 1094.532 -6.487 -0.589
2026-07-26 3183 1094.532 0 0
2026-07-27 3195 1094.532 0 0
2026-07-28 3198 1093.539 -0.993 -0.091
2026-07-29 3218 1089.303 -4.236 -0.387
2026-07-30 3209 1090.823 1.52 0.14
2026-07-31 3221 1094.031 3.208 0.294
2026-08-01 3224 1093.331 -0.7 -0.064
2026-08-02 3224 1093.331 0 0
2026-08-03 3230 1093.331 0 0
2026-08-04 3235 1093.464 0.133 0.012
2026-08-05 3234 1100.256 6.792 0.621
2026-08-06 3235 1102.278 2.022 0.184
2026-08-07 3235 1103.319 1.041 0.094
2026-08-08 3234 1104.431 1.112 0.101
2026-08-09 3234 1104.431 0 0
2026-08-10 3239 1104.431 0 0
2026-08-11 3238 1104.431 0 0
2026-08-12 3233 1108.218 3.787 0.343
2026-08-13 3230 1109.326 1.108 0.1
=======
2026-05-11 3249 1109.604 0 0
2026-05-12 3245 1109.604 0 0
2026-05-13 3238 1109.604 0 0
2026-05-14 3232 1108.564 0 0
2026-05-15 3249 1101.189 0 0
2026-05-16 3252 1097.014 0 0
2026-05-17 3231 1103.148 0 0
2026-05-18 3229 1103.148 0 0
2026-05-19 3230 1103.148 0 0
2026-05-20 3230 1103.738 0 0
2026-05-21 3248 1099.443 0 0
2026-05-22 3250 1096.459 0 0
2026-05-23 3254 1096.459 0 0
2026-05-24 3247 1098.192 0 0
2026-05-25 3250 1098.192 0 0
2026-05-26 3249 1098.192 0 0
2026-05-27 3249 1098.192 0 0
2026-05-28 3273 1084.484 0 0
2026-05-29 3272 1085.332 0 0
2026-05-30 3279 1077.445 0 0
2026-05-31 3295 1070.705 0 0
2026-06-01 3296 1070.705 0 0
2026-06-02 3293 1070.705 0 0
2026-06-03 3290 1065.94 0 0
2026-06-04 3279 1067.886 0 0
2026-06-05 3275 1072.913 0 0
2026-06-06 3254 1077.046 0 0
2026-06-07 3254 1074.243 0 0
2026-06-09 3243 1074.243 0 0
2026-06-10 3237 1075.005 0 0
2026-06-11 3231 1071.098 0 0
2026-06-12 3237 1072.423 0 0
2026-06-13 3241 1072.359 0 0
2026-06-14 3256 1069.136 0 0
2026-06-16 3271 1069.136 0 0
2026-06-17 3271 1069.747 0 0
2026-06-18 3264 1071.697 0 0
2026-06-19 3261 1070.894 0 0
2026-06-20 3257 1071.902 0 0
2026-06-21 3257 1071.902 0 0
2026-06-22 3244 1071.902 0 0
2026-06-23 3249 1071.902 0 0
2026-06-24 3241 1072.881 0 0
2026-06-25 3232 1073.751 0 0
2026-06-26 3216 1074.148 0 0
2026-06-27 3217 1075.929 0 0
2026-06-28 3224 1074.656 0 0
2026-06-29 3228 1074.656 0 0
2026-06-30 3232 1074.656 0 0
2026-07-01 3226 1080.336 0 0
2026-07-02 3228 1088.15 0 0
2026-07-03 3236 1086.378 0 0
2026-07-04 3218 1094.817 0 0
2026-07-05 3218 1094.817 0 0
2026-07-06 3219 1094.817 0 0
2026-07-07 3220 1094.817 0 0
2026-07-08 3210 1096.593 0 0
2026-07-09 3188 1100.663 0 0
2026-07-10 3199 1102.67 0 0
2026-07-11 3193 1107.872 0 0
2026-07-12 3229 1090.956 0 0
2026-07-13 3222 1090.956 0 0
2026-07-14 3216 1090.956 0 0
2026-07-15 3217 1093.94 0 0
2026-07-16 3203 1102.38 0 0
2026-07-17 3203 1096.207 0 0
2026-07-18 3183 1100.086 0 0
2026-07-19 3186 1099.257 0 0
2026-07-20 3189 1099.257 0 0
2026-07-21 3182 1099.257 0 0
2026-07-22 3186 1100.51 0 0
2026-07-23 3181 1105.546 0 0
2026-07-24 3175 1105.332 0 0
2026-07-25 3173 1101.019 0 0
2026-07-26 3183 1094.532 0 0
2026-07-27 3189 1094.532 0 0
2026-07-28 3192 1094.532 0 0
2026-07-29 3208 1093.539 0 0
2026-07-30 3212 1089.303 0 0
2026-07-31 3217 1090.823 0 0
2026-08-01 3221 1094.031 0 0
2026-08-02 3224 1093.331 0 0
2026-08-03 3227 1093.331 0 0
2026-08-04 3229 1093.331 0 0
2026-08-05 3241 1093.464 0 0
2026-08-06 3234 1100.256 0 0
2026-08-07 3231 1102.278 0 0
2026-08-08 3235 1103.319 0 0
2026-08-09 3234 1104.431 0 0
2026-08-10 3233 1104.431 0 0
2026-08-11 3240 1104.431 0 0
2026-08-12 3239 1104.431 0 0
2026-08-13 3233 1108.218 0 0
2026-08-14 3228 1109.326 0 0
>>>>>>> 2b550085baac25c543016ca743053a87bf115d5d
2026-08-15 3228 1108.642 0 0
2026-08-16 3226 1110.96 0 0
2026-08-17 3224 1110.96 0 0
2026-08-18 3218 1110.96 0 0
2026-08-19 3214 1116.959 0 0
2026-08-20 3208 1114.844 0 0
2026-08-21 3214 1116.341 0 0
2026-08-22 3208 1123.82 0 0
2026-08-24 3213 1119.796 0 0
2026-08-25 3206 1119.796 0 0
2026-08-26 3208 1123.281 0 0
2026-08-27 3212 1122.671 0 0
2026-08-28 3226 1118.854 0 0
