2026-02-23 1874 2215.815 0 0
2026-02-24 1876 2218.343 2.528 0.114
2026-02-25 1882 2216.699 -1.644 -0.074
2026-02-26 1884 2216.668 -0.031 -0.001
2026-02-27 1884 2217.657 0.989 0.045
2026-02-28 1892 2216.151 -1.506 -0.068
2026-03-01 1894 2216.151 0 0
2026-03-02 1888 2216.151 0 0
2026-03-03 1883 2203.975 -12.176 -0.549
2026-03-04 1863 2203.975 0 0
2026-03-05 1895 2187.981 -15.994 -0.726
2026-03-06 1873 2201.268 13.287 0.607
2026-03-07 1880 2197.58 -3.688 -0.168
2026-03-08 1879 2197.58 0 0
2026-03-09 1867 2197.58 0 0
2026-03-10 1918 2183.569 -14.011 -0.638
2026-03-11 1908 2195.845 12.276 0.562
2026-03-12 1904 2190.537 -5.308 -0.242
2026-03-13 1903 2187.06 -3.477 -0.159
2026-03-14 1902 2180.704 -6.356 -0.291
2026-03-15 1902 2180.704 0 0
2026-03-16 1898 2180.704 0 0
2026-03-17 1902 2181.353 0.649 0.03
2026-03-18 1903 2181.353 0 0
2026-03-19 1888 2176.408 -4.945 -0.227
2026-03-20 1876 2176.408 0 0
2026-03-21 1898 2151.242 -25.166 -1.156
2026-03-22 1898 2151.242 0 0
2026-03-23 1884 2151.242 0 0
2026-03-24 1896 2145.375 -5.867 -0.273
2026-03-25 1902 2147.889 2.514 0.117
2026-03-27 1889 2147.889 0 0
2026-03-28 1904 2126.735 -21.154 -0.985
2026-03-29 1904 2126.735 0 0
2026-03-30 1904 2126.735 0 0
2026-03-31 1905 2125.67 -1.065 -0.05
2026-04-01 1919 2125.67 0 0
2026-04-02 1924 2125.67 0 0
2026-04-03 1886 2165.422 39.752 1.87
2026-04-04 1886 2165.422 0 0
2026-04-05 1886 2165.422 0 0
2026-04-06 1890 2165.422 0 0
2026-04-07 1880 2166.555 1.133 0.052
2026-04-08 1911 2166.555 0 0
2026-04-09 1906 2177.79 11.235 0.519
2026-04-10 1912 2175.821 -1.969 -0.09
2026-04-11 1918 2174.296 -1.525 -0.07
2026-04-12 1918 2174.296 0 0
2026-04-13 1914 2174.296 0 0
2026-04-14 1935 2158.987 -15.309 -0.704
2026-04-15 1947 2158.987 0 0
2026-04-16 1949 2159.017 0.03 0.001
2026-04-17 1950 2163.242 4.225 0.196
2026-04-18 1950 2169.761 6.519 0.301
2026-04-19 1950 2169.761 0 0
2026-04-20 1951 2169.761 0 0
2026-04-21 1951 2165.305 -4.456 -0.205
2026-04-22 1962 2156.417 -8.888 -0.41
2026-04-23 1953 2149.378 -7.039 -0.326
2026-04-24 1954 2142.412 -6.966 -0.324
2026-04-25 1958 2139.229 -3.183 -0.149
2026-04-26 1958 2139.229 0 0
2026-04-27 1955 2139.229 0 0
2026-04-28 1951 2141.074 1.845 0.086
2026-04-29 1955 2132.414 -8.66 -0.404
2026-04-30 1957 2125.555 -6.859 -0.322
2026-05-01 1964 2124.214 -1.341 -0.063
2026-05-02 1968 2124.214 0 0
2026-05-04 1972 2124.214 0 0
2026-05-05 1975 2120.331 -3.883 -0.183
2026-05-06 1980 2120.331 0 0
2026-05-07 1989 2130.92 10.589 0.499
2026-05-08 1987 2139.145 8.225 0.386
2026-05-09 1985 2133.908 -5.237 -0.245
2026-05-10 1985 2133.908 0 0
<<<<<<< HEAD
2026-05-11 1984 2133.908 0 0
2026-05-12 1992 2115.326 -18.582 -0.871
2026-05-13 1988 2108.111 -7.215 -0.341
2026-05-14 1996 2106.679 -1.432 -0.068
2026-05-15 1988 2105.304 -1.375 -0.065
2026-05-16 1986 2100.998 -4.306 -0.205
2026-05-17 1986 2100.998 0 0
2026-05-18 1980 2100.998 0 0
2026-05-19 1999 2092.411 -8.587 -0.409
2026-05-20 2002 2088.7 -3.711 -0.177
2026-05-21 2011 2082.229 -6.471 -0.31
2026-05-22 2016 2082.229 0 0
2026-05-23 1988 2106.347 24.118 1.158
2026-05-24 1988 2106.347 0 0
2026-05-26 1990 2106.347 0 0
2026-05-27 1986 2107.062 0.715 0.034
2026-05-28 1986 2106.926 -0.136 -0.006
2026-05-29 1992 2106.926 0 0
2026-05-31 1985 2122.284 15.358 0.729
2026-06-01 1975 2122.284 0 0
2026-06-02 1967 2122.311 0.027 0.001
2026-06-03 1963 2116.325 -5.986 -0.282
2026-06-04 1973 2106.431 -9.894 -0.468
2026-06-05 1968 2104.753 -1.678 -0.08
2026-06-06 1948 2123.708 18.955 0.901
2026-06-07 1948 2123.708 0 0
2026-06-08 1943 2123.708 0 0
2026-06-09 1965 2106.541 -17.167 -0.808
2026-06-10 1957 2114.354 7.813 0.371
2026-06-11 1949 2116.214 1.86 0.088
2026-06-12 1965 2105.496 -10.718 -0.506
2026-06-13 1959 2119.83 14.334 0.681
2026-06-15 1969 2119.83 0 0
2026-06-16 1967 2128.585 8.755 0.413
2026-06-17 1953 2132.187 3.602 0.169
2026-06-18 1955 2132.809 0.622 0.029
2026-06-19 1947 2137.302 4.493 0.211
2026-06-20 1948 2137.302 0 0
2026-06-21 1948 2137.302 0 0
2026-06-23 1939 2129.401 -7.901 -0.37
2026-06-24 1928 2128.01 -1.391 -0.065
2026-06-25 1938 2130.006 1.996 0.094
2026-06-26 1922 2135.914 5.908 0.277
2026-06-27 1922 2135.914 0 0
2026-06-28 1922 2135.914 0 0
2026-06-29 1939 2135.914 0 0
2026-06-30 1946 2132.723 -3.191 -0.149
2026-07-01 1950 2129.936 -2.787 -0.131
2026-07-02 1968 2117.158 -12.778 -0.6
2026-07-03 1980 2113.552 -3.606 -0.17
2026-07-04 1980 2113.552 0 0
2026-07-05 1980 2113.552 0 0
2026-07-06 1973 2113.552 0 0
2026-07-07 1959 2113.441 -0.111 -0.005
2026-07-08 1933 2123.011 9.57 0.453
2026-07-09 1953 2109.766 -13.245 -0.624
2026-07-10 1953 2113.663 3.897 0.185
2026-07-11 1954 2115.02 1.357 0.064
2026-07-12 1954 2115.02 0 0
2026-07-13 1940 2115.02 0 0
2026-07-14 1949 2108.51 -6.51 -0.308
2026-07-15 1975 2095.756 -12.754 -0.605
2026-07-16 1978 2094.422 -1.334 -0.064
2026-07-17 1966 2092.439 -1.983 -0.095
2026-07-18 1962 2093.989 1.55 0.074
2026-07-19 1961 2093.989 0 0
2026-07-20 1959 2093.989 0 0
2026-07-21 1974 2090.337 -3.652 -0.174
2026-07-22 1970 2095.022 4.685 0.224
2026-07-23 1973 2087.699 -7.323 -0.35
2026-07-24 1967 2087.727 0.028 0.001
2026-07-25 1969 2087.835 0.108 0.005
2026-07-26 1969 2087.835 0 0
2026-07-27 1980 2087.835 0 0
2026-07-28 1946 2102.284 14.449 0.692
2026-07-29 1952 2103.299 1.015 0.048
2026-07-30 1946 2107.862 4.563 0.217
2026-07-31 1964 2107.23 -0.632 -0.03
2026-08-01 1961 2113.054 5.824 0.276
2026-08-02 1961 2113.054 0 0
2026-08-03 1965 2113.054 0 0
2026-08-04 1977 2114.729 1.675 0.079
2026-08-05 1979 2113.689 -1.04 -0.049
2026-08-06 1974 2119.413 5.724 0.271
2026-08-07 1982 2117.27 -2.143 -0.101
2026-08-08 1982 2117.603 0.333 0.016
2026-08-09 1982 2117.603 0 0
2026-08-10 1986 2117.603 0 0
2026-08-11 1982 2117.603 0 0
2026-08-12 1991 2112.418 -5.185 -0.245
2026-08-13 1988 2114.856 2.438 0.115
=======
2026-05-11 1989 2133.908 0 0
2026-05-12 1981 2133.908 0 0
2026-05-13 1990 2115.326 0 0
2026-05-14 1985 2108.111 0 0
2026-05-15 1993 2106.679 0 0
2026-05-16 1988 2105.304 0 0
2026-05-17 1986 2100.998 0 0
2026-05-18 1977 2100.998 0 0
2026-05-19 1982 2100.998 0 0
2026-05-20 1997 2092.411 0 0
2026-05-21 2004 2088.7 0 0
2026-05-22 2014 2082.229 0 0
2026-05-23 2016 2082.229 0 0
2026-05-24 1988 2106.347 0 0
2026-05-25 1989 2106.347 0 0
2026-05-26 1993 2106.347 0 0
2026-05-27 1987 2106.347 0 0
2026-05-28 1983 2107.062 0 0
2026-05-29 1986 2106.926 0 0
2026-05-30 1992 2106.926 0 0
2026-05-31 1985 2122.284 0 0
2026-06-01 1983 2122.284 0 0
2026-06-02 1971 2122.284 0 0
2026-06-03 1964 2122.311 0 0
2026-06-04 1961 2116.325 0 0
2026-06-05 1973 2106.431 0 0
2026-06-06 1968 2104.753 0 0
2026-06-07 1948 2123.708 0 0
2026-06-09 1949 2123.708 0 0
2026-06-10 1962 2106.541 0 0
2026-06-11 1950 2114.354 0 0
2026-06-12 1959 2116.214 0 0
2026-06-13 1965 2105.496 0 0
2026-06-14 1959 2119.83 0 0
2026-06-16 1967 2119.83 0 0
2026-06-17 1964 2128.585 0 0
2026-06-18 1954 2132.187 0 0
2026-06-19 1954 2132.809 0 0
2026-06-20 1947 2137.302 0 0
2026-06-21 1948 2137.302 0 0
2026-06-22 1944 2137.302 0 0
2026-06-23 1950 2137.302 0 0
2026-06-24 1938 2129.401 0 0
2026-06-25 1936 2128.01 0 0
2026-06-26 1925 2130.006 0 0
2026-06-27 1922 2135.914 0 0
2026-06-28 1922 2135.914 0 0
2026-06-29 1935 2135.914 0 0
2026-06-30 1940 2135.914 0 0
2026-07-01 1948 2132.723 0 0
2026-07-02 1951 2129.936 0 0
2026-07-03 1972 2117.158 0 0
2026-07-04 1980 2113.552 0 0
2026-07-05 1980 2113.552 0 0
2026-07-06 1978 2113.552 0 0
2026-07-07 1967 2113.552 0 0
2026-07-08 1952 2113.441 0 0
2026-07-09 1932 2123.011 0 0
2026-07-10 1956 2109.766 0 0
2026-07-11 1953 2113.663 0 0
2026-07-12 1954 2115.02 0 0
2026-07-13 1951 2115.02 0 0
2026-07-14 1940 2115.02 0 0
2026-07-15 1953 2108.51 0 0
2026-07-16 1978 2095.756 0 0
2026-07-17 1974 2094.422 0 0
2026-07-18 1966 2092.439 0 0
2026-07-19 1962 2093.989 0 0
2026-07-20 1961 2093.989 0 0
2026-07-21 1963 2093.989 0 0
2026-07-22 1979 2090.337 0 0
2026-07-23 1971 2095.022 0 0
2026-07-24 1969 2087.699 0 0
2026-07-25 1967 2087.727 0 0
2026-07-26 1969 2087.835 0 0
2026-07-27 1971 2087.835 0 0
2026-07-28 1974 2087.835 0 0
2026-07-29 1949 2102.284 0 0
2026-07-30 1953 2103.299 0 0
2026-07-31 1963 2107.862 0 0
2026-08-01 1964 2107.23 0 0
2026-08-02 1961 2113.054 0 0
2026-08-03 1956 2113.054 0 0
2026-08-04 1969 2113.054 0 0
2026-08-05 1977 2114.729 0 0
2026-08-06 1976 2113.689 0 0
2026-08-07 1976 2119.413 0 0
2026-08-08 1982 2117.27 0 0
2026-08-09 1982 2117.603 0 0
2026-08-10 1985 2117.603 0 0
2026-08-11 1985 2117.603 0 0
2026-08-12 1982 2117.603 0 0
2026-08-13 1989 2112.418 0 0
2026-08-14 1989 2114.856 0 0
>>>>>>> 2b550085baac25c543016ca743053a87bf115d5d
2026-08-15 1985 2112.334 0 0
2026-08-16 1995 2112.666 0 0
2026-08-17 1992 2112.666 0 0
2026-08-18 1994 2112.666 0 0
2026-08-19 1992 2108.717 0 0
2026-08-20 1989 2107.172 0 0
2026-08-21 1989 2105.441 0 0
