2026-06-24 3351 1000.0 0 0
2026-06-25 3346 1000.0 0 0
2026-06-26 3342 1000.0 0 0
2026-06-27 3346 1000.0 0 0
2026-06-28 3353 1000.0 0 0
2026-06-29 3347 1000.0 0 0
2026-06-30 3350 1000.0 0 0
2026-07-01 3356 1000.0 0 0
2026-07-02 3358 1000.0 0 0
2026-07-03 3364 1000.0 0 0
2026-07-04 3375 1000.0 0 0
2026-07-05 3375 1000.0 0 0
2026-07-06 3374 1000.0 0 0
2026-07-07 3366 1000.0 0 0
2026-07-08 3366 1000.0 0 0
2026-07-09 3352 1000.0 0 0
2026-07-10 3355 1000.0 0 0
2026-07-11 3369 1000.0 0 0
2026-07-12 3383 1000.0 0 0
2026-07-13 3375 1000.0 0 0
2026-07-14 3360 1000.0 0 0
2026-07-15 3368 1000.0 0 0
2026-07-16 3372 1000.0 0 0
2026-07-17 3364 1000.0 0 0
2026-07-18 3360 1000.0 0 0
2026-07-19 3361 1000.0 0 0
2026-07-20 3358 1000.0 0 0
2026-07-21 3349 1000.0 0 0
2026-07-22 3355 1000.0 0 0
2026-07-23 3355 1000.0 0 0
2026-07-24 3347 1000.0 0 0
2026-07-25 3349 1000.0 0 0
2026-07-26 3351 1000.0 0 0
2026-07-27 3350 1000.0 0 0
2026-07-28 3346 1000.0 0 0
2026-07-29 3352 1000.0 0 0
2026-07-30 3354 1000.0 0 0
2026-07-31 3358 1000.0 0 0
2026-08-01 3353 1000.0 0 0
2026-08-02 3369 1000.0 0 0
2026-08-03 3368 1000.0 0 0
2026-08-04 3368 1000.0 0 0
2026-08-05 3378 1000.0 0 0
2026-08-06 3381 1000.0 0 0
2026-08-07 3385 1000.0 0 0
2026-08-08 3383 1000.0 0 0
2026-08-09 3389 1000.0 0 0
2026-08-10 3387 1000.0 0 0
2026-08-11 3384 1000.0 0 0
2026-08-12 3380 1000.0 0 0
2026-08-13 3388 1000.0 0 0
2026-08-14 3384 1000.0 0 0
