2026-03-10 3223 1101.119 0 0
2026-03-11 3240 1089.523 -11.596 -1.053
2026-03-12 3218 1101.653 12.13 1.113
2026-03-13 3213 1100.547 -1.106 -0.1
2026-03-14 3213 1099.497 -1.05 -0.095
2026-03-15 3212 1099.497 0 0
2026-03-16 3218 1094.829 -4.668 -0.425
2026-03-17 3193 1109.769 14.94 1.365
2026-03-18 3207 1105.444 -4.325 -0.39
2026-03-19 3187 1107.965 2.521 0.228
2026-03-20 3184 1102.147 -5.818 -0.525
2026-03-21 3199 1095.447 -6.7 -0.608
2026-03-22 3199 1095.447 0 0
2026-03-23 3195 1088.894 -6.553 -0.598
2026-03-24 3213 1076.167 -12.727 -1.169
2026-03-25 3218 1082.561 6.394 0.594
2026-03-27 3232 1065.678 -16.883 -1.56
2026-03-28 3225 1069.131 3.453 0.324
2026-03-29 3224 1069.131 0 0
2026-03-30 3183 1093.704 24.573 2.298
2026-03-31 3176 1096.96 3.256 0.298
2026-04-01 3173 1104.957 7.997 0.729
2026-04-02 3157 1112.737 7.78 0.704
2026-04-03 3140 1121.5 8.763 0.788
2026-04-04 3140 1121.5 0 0
2026-04-05 3140 1121.5 0 0
2026-04-06 3127 1129.399 7.899 0.704
2026-04-07 3137 1122.772 -6.627 -0.587
2026-04-08 3160 1130.654 7.882 0.702
2026-04-09 3153 1137.742 7.088 0.627
2026-04-10 3149 1145.695 7.953 0.699
2026-04-11 3148 1148.073 2.378 0.208
2026-04-12 3148 1148.073 0 0
2026-04-13 3141 1153.716 5.643 0.492
2026-04-14 3158 1146.576 -7.14 -0.619
2026-04-15 3158 1154.704 8.128 0.709
2026-04-16 3178 1146.945 -7.759 -0.672
2026-04-17 3194 1136.813 -10.132 -0.883
2026-04-18 3209 1128.177 -8.636 -0.76
2026-04-19 3209 1128.177 0 0
2026-04-20 3215 1126.133 -2.044 -0.181
2026-04-21 3204 1130.705 4.572 0.406
2026-04-22 3214 1126.939 -3.766 -0.333
2026-04-23 3195 1130.234 3.295 0.292
2026-04-24 3162 1143.844 13.61 1.204
2026-04-25 3175 1135.391 -8.453 -0.739
2026-04-26 3175 1135.391 0 0
2026-04-27 3158 1144.894 9.503 0.837
2026-04-28 3162 1143.294 -1.6 -0.14
2026-04-29 3155 1147.383 4.089 0.358
2026-04-30 3165 1135.11 -12.273 -1.07
2026-05-01 3161 1139.216 4.106 0.362
2026-05-02 3160 1142.406 3.19 0.28
2026-05-04 3129 1160.838 18.432 1.613
2026-05-05 3141 1156.105 -4.733 -0.408
2026-05-06 3146 1156.443 0.338 0.029
2026-05-07 3159 1159.93 3.487 0.302
2026-05-08 3197 1144.153 -15.777 -1.36
2026-05-09 3198 1143.765 -0.388 -0.034
2026-05-10 3198 1143.765 0 0
<<<<<<< HEAD
2026-05-11 3186 1148.818 5.053 0.442
2026-05-12 3191 1138.115 -10.703 -0.932
2026-05-13 3189 1137.594 -0.521 -0.046
2026-05-14 3201 1128.816 -8.778 -0.772
2026-05-15 3198 1124.749 -4.067 -0.36
2026-05-16 3229 1106.518 -18.231 -1.621
2026-05-17 3229 1106.518 0 0
2026-05-18 3235 1099.305 -7.213 -0.652
2026-05-19 3227 1105.581 6.276 0.571
2026-05-20 3223 1109.214 3.633 0.329
2026-05-21 3224 1111.787 2.573 0.232
2026-05-22 3231 1104.08 -7.707 -0.693
2026-05-23 3208 1116.729 12.649 1.146
2026-05-24 3208 1116.729 0 0
2026-05-26 3199 1124.413 7.684 0.688
2026-05-27 3210 1120.131 -4.282 -0.381
2026-05-28 3232 1104.051 -16.08 -1.436
2026-05-29 3234 1102.264 -1.787 -0.162
2026-05-31 3242 1101.569 -0.695 -0.063
2026-06-01 3254 1092.746 -8.823 -0.801
2026-06-02 3259 1092.423 -0.323 -0.03
2026-06-03 3232 1096.361 3.938 0.36
2026-06-04 3196 1107.668 11.307 1.031
2026-06-05 3224 1096.14 -11.528 -1.041
2026-06-06 3218 1097.357 1.217 0.111
2026-06-07 3218 1097.357 0 0
2026-06-08 3208 1095.201 -2.156 -0.196
2026-06-09 3235 1079.262 -15.939 -1.455
2026-06-10 3217 1084.338 5.076 0.47
2026-06-11 3210 1087.298 2.96 0.273
2026-06-12 3201 1099.732 12.434 1.144
2026-06-13 3207 1100.149 0.417 0.038
2026-06-15 3207 1107.25 7.101 0.645
2026-06-16 3217 1100.337 -6.913 -0.624
2026-06-17 3232 1093.305 -7.032 -0.639
2026-06-18 3189 1114.961 21.656 1.981
2026-06-19 3199 1102.214 -12.747 -1.143
2026-06-20 3199 1102.214 0 0
2026-06-21 3199 1102.214 0 0
2026-06-23 3230 1082.49 -19.724 -1.789
2026-06-24 3237 1070.892 -11.598 -1.071
2026-06-25 3248 1060.943 -9.949 -0.929
2026-06-26 3229 1071.516 10.573 0.997
2026-06-27 3235 1069.76 -1.756 -0.164
2026-06-28 3235 1069.76 0 0
2026-06-29 3239 1072.382 2.622 0.245
2026-06-30 3253 1064.346 -8.036 -0.749
2026-07-01 3268 1059.761 -4.585 -0.431
2026-07-02 3285 1049.545 -10.216 -0.964
2026-07-03 3282 1058.437 8.892 0.847
2026-07-04 3282 1058.437 0 0
2026-07-05 3282 1058.437 0 0
2026-07-06 3262 1072.017 13.58 1.283
2026-07-07 3225 1089.089 17.072 1.593
2026-07-08 3235 1078.843 -10.246 -0.941
2026-07-09 3230 1082.462 3.619 0.335
2026-07-10 3224 1092.197 9.735 0.899
2026-07-11 3236 1087.015 -5.182 -0.474
2026-07-12 3236 1087.015 0 0
2026-07-13 3224 1087.015 0 0
2026-07-14 3200 1103.683 16.668 1.533
2026-07-15 3192 1111.398 7.715 0.699
2026-07-16 3163 1129.311 17.913 1.612
2026-07-17 3132 1136.046 6.735 0.596
2026-07-18 3127 1139.307 3.261 0.287
2026-07-19 3126 1139.307 0 0
2026-07-20 3126 1139.307 0 0
2026-07-21 3114 1151.718 12.411 1.089
2026-07-22 3104 1163.409 11.691 1.015
2026-07-23 3131 1138.804 -24.605 -2.115
2026-07-24 3122 1135.092 -3.712 -0.326
2026-07-25 3119 1136.815 1.723 0.152
2026-07-26 3119 1136.815 0 0
2026-07-27 3131 1138.751 1.936 0.17
2026-07-28 3131 1135.793 -2.958 -0.26
2026-07-29 3207 1094.653 -41.14 -3.622
2026-07-30 3216 1087.282 -7.371 -0.673
2026-07-31 3254 1075.326 -11.956 -1.1
2026-08-01 3262 1070.367 -4.959 -0.461
2026-08-02 3262 1070.367 0 0
2026-08-03 3285 1060.24 -10.127 -0.946
2026-08-04 3274 1073.127 12.887 1.215
2026-08-05 3283 1072.777 -0.35 -0.033
2026-08-06 3279 1074.337 1.56 0.145
2026-08-07 3304 1058.256 -16.081 -1.497
2026-08-08 3307 1056.489 -1.767 -0.167
2026-08-09 3307 1056.489 0 0
2026-08-10 3344 1027.341 -29.148 -2.759
2026-08-11 3358 1016.13 -11.211 -1.091
2026-08-12 3353 1024.237 8.107 0.798
2026-08-13 3344 1029.578 5.341 0.521
=======
2026-05-11 3200 1143.765 0 0
2026-05-12 3178 1148.818 0 0
2026-05-13 3190 1138.115 0 0
2026-05-14 3180 1137.594 0 0
2026-05-15 3204 1128.816 0 0
2026-05-16 3198 1124.749 0 0
2026-05-17 3229 1106.518 0 0
2026-05-18 3222 1106.518 0 0
2026-05-19 3241 1099.305 0 0
2026-05-20 3223 1105.581 0 0
2026-05-21 3224 1109.214 0 0
2026-05-22 3258 1090.005 0 0
2026-05-23 3231 1104.08 0 0
2026-05-24 3208 1116.729 0 0
2026-05-25 3205 1116.729 0 0
2026-05-26 3208 1117.564 0 0
2026-05-27 3192 1124.413 0 0
2026-05-28 3205 1120.131 0 0
2026-05-29 3238 1104.051 0 0
2026-05-30 3234 1102.264 0 0
2026-05-31 3242 1101.569 0 0
2026-06-01 3240 1101.569 0 0
2026-06-02 3251 1092.746 0 0
2026-06-03 3258 1092.423 0 0
2026-06-04 3225 1096.361 0 0
2026-06-05 3204 1107.668 0 0
2026-06-06 3224 1096.14 0 0
2026-06-07 3218 1097.357 0 0
2026-06-09 3203 1095.201 0 0
2026-06-10 3231 1079.262 0 0
2026-06-11 3212 1084.338 0 0
2026-06-12 3218 1087.298 0 0
2026-06-13 3201 1099.732 0 0
2026-06-14 3207 1100.149 0 0
2026-06-16 3203 1107.25 0 0
2026-06-17 3217 1100.337 0 0
2026-06-18 3230 1093.305 0 0
2026-06-19 3189 1114.961 0 0
2026-06-20 3199 1102.214 0 0
2026-06-21 3199 1102.214 0 0
2026-06-22 3196 1102.214 0 0
2026-06-23 3203 1099.911 0 0
2026-06-24 3228 1082.49 0 0
2026-06-25 3238 1070.892 0 0
2026-06-26 3239 1060.943 0 0
2026-06-27 3229 1071.516 0 0
2026-06-28 3235 1069.76 0 0
2026-06-29 3238 1069.76 0 0
2026-06-30 3235 1072.382 0 0
2026-07-01 3260 1064.346 0 0
2026-07-02 3267 1059.761 0 0
2026-07-03 3288 1049.545 0 0
2026-07-04 3282 1058.437 0 0
2026-07-05 3282 1058.437 0 0
2026-07-06 3283 1058.437 0 0
2026-07-07 3258 1072.017 0 0
2026-07-08 3225 1089.089 0 0
2026-07-09 3230 1078.843 0 0
2026-07-10 3239 1082.462 0 0
2026-07-11 3224 1092.197 0 0
2026-07-12 3236 1087.015 0 0
2026-07-13 3231 1087.015 0 0
2026-07-14 3225 1087.015 0 0
2026-07-15 3199 1103.683 0 0
2026-07-16 3188 1111.398 0 0
2026-07-17 3149 1129.311 0 0
2026-07-18 3132 1136.046 0 0
2026-07-19 3127 1139.307 0 0
2026-07-20 3129 1139.307 0 0
2026-07-21 3128 1139.307 0 0
2026-07-22 3114 1151.718 0 0
2026-07-23 3104 1163.409 0 0
2026-07-24 3123 1138.804 0 0
2026-07-25 3122 1135.092 0 0
2026-07-26 3119 1136.815 0 0
2026-07-27 3128 1136.815 0 0
2026-07-28 3127 1138.751 0 0
2026-07-29 3136 1135.793 0 0
2026-07-30 3204 1094.653 0 0
2026-07-31 3224 1087.282 0 0
2026-08-01 3254 1075.326 0 0
2026-08-02 3262 1070.367 0 0
2026-08-03 3267 1070.367 0 0
2026-08-04 3287 1060.24 0 0
2026-08-05 3280 1073.127 0 0
2026-08-06 3284 1072.777 0 0
2026-08-07 3277 1074.337 0 0
2026-08-08 3304 1058.256 0 0
2026-08-09 3307 1056.489 0 0
2026-08-10 3308 1056.489 0 0
2026-08-11 3346 1027.341 0 0
2026-08-12 3356 1016.13 0 0
2026-08-13 3353 1024.237 0 0
2026-08-14 3345 1029.578 0 0
>>>>>>> 2b550085baac25c543016ca743053a87bf115d5d
2026-08-15 3323 1037.815 0 0
2026-08-16 3331 1036.213 0 0
2026-08-17 3332 1036.213 0 0
2026-08-18 3345 1030.309 0 0
2026-08-19 3343 1029.261 0 0
2026-08-20 3322 1039.203 0 0
2026-08-21 3340 1030.049 0 0
2026-08-22 3341 1035.23 0 0
2026-08-24 3353 1029.126 0 0
2026-08-25 3356 1025.312 0 0
2026-08-26 3356 1027.251 0 0
2026-08-27 3348 1035.77 0 0
