2026-03-24 3200 1089.458 0 0
2026-03-25 3175 1108.29 18.832 1.729
2026-03-27  969.311 -138.979 -12.54
2026-03-31  988.578 19.267 1.988
2026-04-02 3273 1046.408 57.83 5.85
2026-04-03 3263 1046.408 0 0
2026-04-04 3263 1046.408 0 0
2026-04-05 3263 1046.408 0 0
2026-04-06 3253 1054.518 8.11 0.775
2026-04-07 3224 1070.815 16.297 1.545
2026-04-08 3318 1027.511 -43.304 -4.044
2026-04-09  999.285 -28.226 -2.747
2026-04-16 3312 1060.689 61.404 6.145
2026-04-17 3293 1080.209 19.52 1.84
2026-04-18 3293 1080.209 0 0
2026-04-19 3293 1080.209 0 0
2026-04-20 3180 1154.646 74.437 6.891
2026-04-21 3109 1185.026 30.38 2.631
2026-04-22 3162 1157.556 -27.47 -2.318
2026-04-23 3258 1093.861 -63.695 -5.503
2026-04-24 3210 1114.639 20.778 1.9
2026-04-25 3208 1114.639 0 0
2026-04-26 3208 1114.639 0 0
2026-04-27 3211 1113.247 -1.392 -0.125
2026-04-28 3248 1094.201 -19.046 -1.711
2026-04-29 3256 1084.569 -9.632 -0.88
2026-04-30 3249 1085.821 1.252 0.115
2026-05-01 3199 1117.056 31.235 2.877
2026-05-02 3201 1117.056 0 0
2026-05-04 3165 1141.438 24.382 2.183
2026-05-05 3087 1191.56 50.122 4.391
2026-05-06 3015 1233.791 42.231 3.544
2026-05-07 3199 1135.278 -98.513 -7.985
2026-05-08 3251 1110.239 -25.039 -2.206
2026-05-09 3250 1110.239 0 0
2026-05-10 3250 1110.239 0 0
2026-05-11 3242 1111.71 1.471 0.132
2026-05-12 3211 1125.553 13.843 1.245
2026-05-13 3272 1086.574 -38.979 -3.463
2026-05-14 3225 1117.476 30.902 2.844
2026-05-15 3158 1148.215 30.739 2.751
2026-05-16 3147 1148.215 0 0
2026-05-17 3147 1148.215 0 0
2026-05-18 3140 1153.881 5.666 0.493
2026-05-19 3109 1171.544 17.663 1.531
2026-05-20 3053 1206.393 34.849 2.975
2026-05-21 3057 1206.393 0 0
2026-05-22 3126 1170.339 -36.054 -2.989
2026-05-23 3126 1170.339 0 0
2026-05-24 3126 1170.339 0 0
2026-05-26 3048 1212.85 42.511 3.632
2026-05-27 3240 1105.421 -107.429 -8.858
2026-05-28 3224 1108.887 3.466 0.314
2026-05-29 3266 1085.448 -23.439 -2.114
2026-05-31 3272 1085.448 0 0
2026-06-01 3198 1122.038 36.59 3.371
2026-06-02 3219 1109.982 -12.056 -1.074
2026-06-03 3231 1096.53 -13.452 -1.212
2026-06-04 3287 1066.9 -29.63 -2.702
2026-06-05 3271 1067.628 0.728 0.068
2026-06-06 3267 1067.628 0 0
2026-06-07 3267 1067.628 0 0
2026-06-08 3239 1076.264 8.636 0.809
2026-06-09 3283 1043.32 -32.944 -3.061
2026-06-10 3316 1021.038 -22.282 -2.136
2026-06-11 3341 1003.286 -17.752 -1.739
2026-06-12  989.485 -13.801 -1.376
2026-06-16 3319 1036.127 46.642 4.714
2026-06-17  999.055 -37.072 -3.578
2026-06-19 3342 1011.766 12.711 1.272
2026-06-20 3342 1011.766 0 0
2026-06-21 3342 1011.766 0 0
2026-06-23 3304 1035.27 23.504 2.323
2026-06-24 3287 1039.284 4.014 0.388
2026-06-25 3274 1043.412 4.128 0.397
2026-06-26 3206 1080.416 37.004 3.546
2026-06-27 3207 1080.416 0 0
2026-06-28 3207 1080.416 0 0
2026-06-29 3201 1096.617 16.201 1.5
2026-06-30 3211 1091.372 -5.245 -0.478
2026-07-01 3217 1090.506 -0.866 -0.079
2026-07-02 3277 1056.238 -34.268 -3.142
2026-07-03 3285 1056.238 0 0
2026-07-04 3285 1056.238 0 0
2026-07-05 3285 1056.238 0 0
2026-07-06 3192 1111.366 55.128 5.219
2026-07-07 3214 1095.935 -15.431 -1.388
2026-07-08 3221 1087.333 -8.602 -0.785
2026-07-09 3203 1099.074 11.741 1.08
2026-07-10 3241 1082.496 -16.578 -1.508
2026-07-11 3245 1082.496 0 0
2026-07-12 3245 1082.496 0 0
2026-07-13 3298 1043.019 -39.477 -3.647
2026-07-14 3287 1051.458 8.439 0.809
2026-07-15 3258 1071.531 20.073 1.909
2026-07-16 3269 1067.335 -4.196 -0.392
2026-07-17 3193 1097.099 29.764 2.789
2026-07-18 3189 1097.099 0 0
2026-07-19 3188 1097.099 0 0
2026-07-20 3155 1118.332 21.233 1.935
2026-07-21 3163 1113.282 -5.05 -0.452
2026-07-22 3308 1027.901 -85.381 -7.669
2026-07-23 3319 1019.318 -8.583 -0.835
2026-07-24 3306 1026.468 7.15 0.701
2026-07-25 3304 1026.468 0 0
2026-07-26 3304 1026.468 0 0
2026-07-27 3284 1044.921 18.453 1.798
2026-07-28 3267 1056.199 11.278 1.079
2026-07-29 3128 1138.655 82.456 7.807
2026-07-30 3199 1096.521 -42.134 -3.7
2026-07-31 3245 1080.627 -15.894 -1.449
2026-08-01 3247 1080.627 0 0
2026-08-02 3247 1080.627 0 0
2026-08-03 3256 1079.453 -1.174 -0.109
2026-08-04 3240 1090.271 10.818 1.002
2026-08-05 3228 1103.541 13.27 1.217
2026-08-06 3319 1040.054 -63.487 -5.753
2026-08-07 3369 1008.256 -31.798 -3.057
2026-08-08 3375 1008.256 0 0
2026-08-09 3375 1008.256 0 0
2026-08-10 3372 1006.747 -1.509 -0.15
2026-08-11  952.719 -54.028 -5.367
