2026-03-10 1315 3213.973 0 0
2026-03-11 1350 3138.482 -75.491 -2.349
2026-03-12 1390 3029.402 -109.08 -3.476
2026-03-13 1391 3003.27 -26.132 -0.863
2026-03-14 1394 2991.261 -12.009 -0.4
2026-03-15 1394 2991.261 0 0
2026-03-16 1410 2954.957 -36.304 -1.214
2026-03-17 1402 2993.087 38.13 1.29
2026-03-18 1343 3107.349 114.262 3.818
2026-03-19 1393 2998.541 -108.808 -3.502
2026-03-20 1431 2884.454 -114.087 -3.805
2026-03-21 1427 2892.46 8.006 0.278
2026-03-22 1427 2892.46 0 0
2026-03-23 1436 2865.849 -26.611 -0.92
2026-03-24 1413 2900.551 34.702 1.211
2026-03-25 1383 3018.075 117.524 4.052
2026-03-27 1396 2953.427 -64.648 -2.142
2026-03-28 1395 2943.768 -9.659 -0.327
2026-03-29 1395 2943.768 0 0
2026-03-30 1395 2913.084 -30.684 -1.042
2026-03-31 1429 2855.786 -57.298 -1.967
2026-04-01 1397 2955.352 99.566 3.486
2026-04-02 1388 2978.338 22.986 0.778
2026-04-03 1388 2968.784 -9.554 -0.321
2026-04-04 1388 2968.784 0 0
2026-04-05 1388 2968.784 0 0
2026-04-06 1390 2968.784 0 0
2026-04-07 1444 2838.615 -130.169 -4.385
2026-04-08 1413 2930.055 91.44 3.221
2026-04-09 1434 2901.107 -28.948 -0.988
2026-04-10 1398 3003.077 101.97 3.515
2026-04-11 1396 3006.417 3.34 0.111
2026-04-12 1396 3006.417 0 0
2026-04-13 1462 2868.475 -137.942 -4.588
2026-04-14 1416 2945.356 76.881 2.68
2026-04-15 1404 3003.31 57.954 1.968
2026-04-16 1381 3091.619 88.309 2.94
2026-04-17 1398 3061.542 -30.077 -0.973
2026-04-18 1400 3058.448 -3.094 -0.101
2026-04-19 1400 3058.448 0 0
2026-04-20 1383 3115.205 56.757 1.856
2026-04-21 1388 3096.027 -19.178 -0.616
2026-04-22 1355 3172.889 76.862 2.483
2026-04-23 1328 3204.524 31.635 0.997
2026-04-24 1345 3172.803 -31.721 -0.99
2026-04-25 1344 3172.478 -0.325 -0.01
2026-04-26 1344 3172.478 0 0
2026-04-27 1419 2965.872 -206.606 -6.512
2026-04-28 1499 2797.692 -168.18 -5.671
2026-04-29 1485 2815.235 17.543 0.627
2026-04-30 1497 2790.318 -24.917 -0.885
2026-05-01 1500 2790.154 -0.164 -0.006
2026-05-02 1503 2790.154 0 0
2026-05-04 1506 2790.154 0 0
2026-05-05 1429 2945.301 155.147 5.561
2026-05-06 1433 2945.301 0 0
2026-05-07 1437 2963.131 17.83 0.605
2026-05-08 1507 2847.252 -115.879 -3.911
2026-05-09 1507 2847.127 -0.125 -0.004
2026-05-10 1506 2847.127 0 0
2026-05-11 1517 2819.636 -27.491 -0.966
2026-05-12 1490 2853.354 33.718 1.196
2026-05-13 1429 2979.317 125.963 4.415
2026-05-14 1458 2918.575 -60.742 -2.039
2026-05-15 1546 2738.548 -180.027 -6.168
2026-05-16 1547 2731.103 -7.445 -0.272
2026-05-17 1547 2731.103 0 0
2026-05-18 1527 2767.504 36.401 1.333
2026-05-19 1505 2804.583 37.079 1.34
2026-05-20 1428 2948.285 143.702 5.124
2026-05-21 1428 2947.289 -0.996 -0.034
2026-05-22 1491 2831.733 -115.556 -3.921
2026-05-23 1489 2836.484 4.751 0.168
2026-05-24 1489 2836.484 0 0
2026-05-26 1512 2793.361 -43.123 -1.52
2026-05-27 1485 2849.233 55.872 2
2026-05-28 1433 2952.252 103.019 3.616
2026-05-29 1450 2913.812 -38.44 -1.302
2026-05-31 1450 2918.763 4.951 0.17
2026-06-01 1371 3115.983 197.22 6.757
2026-06-02 1431 2978.927 -137.056 -4.398
2026-06-03 1507 2807.214 -171.713 -5.764
2026-06-04 1513 2783.853 -23.361 -0.832
2026-06-05 1615 2564.656 -219.197 -7.874
2026-06-06 1616 2566.739 2.083 0.081
2026-06-07 1616 2566.739 0 0
2026-06-08 1611 2568.162 1.423 0.055
2026-06-09 1562 2644.055 75.893 2.955
2026-06-10 1628 2531.518 -112.537 -4.256
2026-06-11 1647 2486.092 -45.426 -1.794
2026-06-12 1645 2504.653 18.561 0.747
2026-06-13 1647 2510.617 5.964 0.238
2026-06-15 1626 2577.615 66.998 2.669
2026-06-16 1658 2529.009 -48.606 -1.886
2026-06-17 1559 2706.472 177.463 7.017
2026-06-18 1541 2753.357 46.885 1.732
2026-06-19 1538 2751.281 -2.076 -0.075
2026-06-20 1538 2751.281 0 0
2026-06-21 1538 2751.281 0 0
2026-06-23 1498 2785.342 34.061 1.238
2026-06-24 1549 2695.822 -89.52 -3.214
2026-06-25 1541 2710.057 14.235 0.528
2026-06-26 1652 2522.422 -187.635 -6.924
2026-06-27 1652 2521.977 -0.445 -0.018
2026-06-28 1652 2521.977 0 0
2026-06-29 1664 2504.544 -17.433 -0.691
2026-06-30 1675 2494.645 -9.899 -0.395
2026-07-01 1733 2394.777 -99.868 -4.003
2026-07-02 1853 2245.299 -149.478 -6.242
2026-07-03 1726 2421.018 175.719 7.826
2026-07-04 1726 2421.018 0 0
2026-07-05 1726 2421.018 0 0
2026-07-06 1671 2514.039 93.021 3.842
2026-07-07 1739 2394.758 -119.281 -4.745
2026-07-08 1828 2264.494 -130.264 -5.44
2026-07-09 1791 2298.099 33.605 1.484
2026-07-10 1889 2192.665 -105.434 -4.588
2026-07-11 1887 2197.549 4.884 0.223
2026-07-12 1887 2197.549 0 0
2026-07-13 1780 2308.028 110.479 5.027
2026-07-14 1763 2342.538 34.51 1.495
2026-07-15 1794 2302.328 -40.21 -1.717
2026-07-16 1887 2195.286 -107.042 -4.649
2026-07-17 1913 2134.374 -60.912 -2.775
2026-07-18 1917 2131.477 -2.897 -0.136
2026-07-19 1916 2131.477 0 0
2026-07-20 1868 2194.764 63.287 2.969
2026-07-21 1826 2260.768 66.004 3.007
2026-07-22 1839 2237.626 -23.142 -1.024
2026-07-23 1726 2382.125 144.499 6.458
2026-07-24 1732 2356.024 -26.101 -1.096
2026-07-25 1732 2354.772 -1.252 -0.053
2026-07-26 1732 2354.772 0 0
2026-07-27 1693 2434.734 79.962 3.396
2026-07-28 1760 2337.165 -97.569 -4.007
2026-07-29 1721 2399.616 62.451 2.672
2026-07-30 1851 2235.436 -164.18 -6.842
2026-07-31 1823 2272.891 37.455 1.676
2026-08-01 1813 2275.923 3.032 0.133
2026-08-02 1813 2275.923 0 0
2026-08-03 1807 2284.493 8.57 0.377
2026-08-04 1847 2259.219 -25.274 -1.106
2026-08-05 1781 2337.439 78.22 3.462
2026-08-06 1784 2333.082 -4.357 -0.186
2026-08-07 1782 2344.66 11.578 0.496
2026-08-08 1781 2345.216 0.556 0.024
2026-08-09 1781 2345.216 0 0
2026-08-10 1751 2402.624 57.408 2.448
2026-08-11 1769 2366.922 -35.702 -1.486
2026-08-12 1743 2410.55 43.628 1.843
2026-08-13 1726 2434.913 24.363 1.011
2026-08-15 1734 2420.593 -14.32 -0.588
2026-08-16 1733 2420.593 0 0
2026-08-17 1588 2658.617 238.024 9.833
2026-08-18 1597 2650 -8.617 -0.324
2026-08-19 1679 2484.703 -165.297 -6.238
2026-08-20 1666 2524.132 39.429 1.587
2026-08-21 1640 2573.174 49.042 1.943
2026-08-23 1641 2574.476 1.302 0.051
2026-08-24 1651 2553.108 -21.368 -0.83
2026-08-25 1711 2471.655 -81.453 -3.19
2026-08-26 1708 2484.746 13.091 0.53
2026-08-27 1890 2241.038 -243.708 -9.808
2026-08-28 2019 2094.113 -146.925 -6.556
2026-08-29 2019 2093.957 -0.156 -0.007
2026-08-30 2019 2093.957 0 0
2026-08-31 2055 2050.071 -43.886 -2.096
2026-09-01 2034 2063.839 0 0
2026-09-02 2001 2093.826 0 0
2026-09-03 2013 2079.039 0 0
2026-09-04 1948 2158.731 0 0
