2026-02-25 3136 1043.505 0 0
2026-02-26 3130 1045.493 1.988 0.191
2026-02-27 3134 1036.455 -9.038 -0.864
2026-02-28 3139 1034.864 -1.591 -0.154
2026-03-01 3131 1034.864 0 0
2026-03-02 3121 1033.405 -1.459 -0.141
2026-03-03 3106 1030.444 -2.961 -0.287
2026-03-04 3096 1033.886 3.442 0.334
2026-03-05 3090 1036.789 2.903 0.281
2026-03-06 3091 1036.666 -0.123 -0.012
2026-03-07 3096 1034.895 -1.771 -0.171
2026-03-08 3096 1034.895 0 0
2026-03-09 3093 1031.5 -3.395 -0.328
2026-03-10 3306 1047.574 16.074 1.558
2026-03-11 3316 1036.475 -11.099 -1.059
2026-03-12 3298 1047.554 11.079 1.069
2026-03-13 3291 1046.577 -0.977 -0.093
2026-03-14 3285 1045.582 -0.995 -0.095
2026-03-15 3285 1045.582 0 0
2026-03-16 3290 1041.229 -4.353 -0.416
2026-03-17 3275 1055.26 14.031 1.348
2026-03-18 3279 1051.227 -4.033 -0.382
2026-03-19 3276 1053.646 2.419 0.23
2026-03-20 3266 1048.098 -5.548 -0.527
2026-03-21 3265 1041.692 -6.406 -0.611
2026-03-22 3264 1041.692 0 0
2026-03-23 3265 1035.582 -6.11 -0.587
2026-03-24 3291 1023.518 -12.064 -1.165
2026-03-25 3294 1029.498 5.98 0.584
2026-03-27 3307 1013.754 -15.744 -1.529
2026-03-28 3299 1017.066 3.312 0.327
2026-03-29 3299 1017.066 0 0
2026-03-30 3263 1039.981 22.915 2.253
2026-03-31 3259 1043.226 3.245 0.312
2026-04-01 3266 1050.759 7.533 0.722
2026-04-02 3253 1058.187 7.428 0.707
2026-04-03 3239 1066.6 8.413 0.795
2026-04-04 3239 1066.6 0 0
2026-04-05 3239 1066.6 0 0
2026-04-06 3228 1073.966 7.366 0.691
2026-04-07 3229 1067.728 -6.238 -0.581
2026-04-08 3243 1075.078 7.35 0.688
2026-04-09 3246 1081.886 6.808 0.633
2026-04-10 3236 1089.485 7.599 0.702
2026-04-11 3238 1091.77 2.285 0.21
2026-04-12 3238 1091.77 0 0
2026-04-13 3233 1097.032 5.262 0.482
2026-04-14 3255 1090.153 -6.879 -0.627
2026-04-15 3253 1098.046 7.893 0.724
2026-04-16 3273 1090.693 -7.353 -0.67
2026-04-17 3290 1081.114 -9.579 -0.878
2026-04-18 3304 1072.87 -8.244 -0.763
2026-04-19 3304 1072.87 0 0
2026-04-20 3308 1070.964 -1.906 -0.178
2026-04-21 3301 1075.301 4.337 0.405
2026-04-22 3304 1071.779 -3.522 -0.328
2026-04-23 3289 1074.932 3.153 0.294
2026-04-24 3257 1087.763 12.831 1.194
2026-04-25 3268 1079.696 -8.067 -0.742
2026-04-26 3268 1079.696 0 0
2026-04-27 3257 1088.557 8.861 0.821
2026-04-28 3257 1087.107 -1.45 -0.133
2026-04-29 3245 1091.011 3.904 0.359
2026-04-30 3261 1079.358 -11.653 -1.068
2026-05-01 3258 1083.297 3.939 0.365
2026-05-02 3254 1086.344 3.047 0.281
2026-05-04 3224 1103.533 17.189 1.582
2026-05-05 3248 1098.945 -4.588 -0.416
2026-05-06 3251 1099.26 0.315 0.029
2026-05-07 3257 1102.619 3.359 0.306
2026-05-08 3285 1087.669 -14.95 -1.356
2026-05-09 3283 1087.313 -0.356 -0.033
2026-05-10 3283 1087.313 0 0
<<<<<<< HEAD
2026-05-11 3276 1092.025 4.712 0.433
2026-05-12 3288 1082.083 -9.942 -0.91
2026-05-13 3288 1081.545 -0.538 -0.05
2026-05-14 3295 1073.33 -8.215 -0.76
2026-05-15 3296 1069.514 -3.816 -0.356
2026-05-16 3317 1052.103 -17.411 -1.628
2026-05-17 3317 1052.103 0 0
2026-05-18 3318 1045.376 -6.727 -0.639
2026-05-19 3310 1051.379 6.003 0.574
2026-05-20 3313 1054.84 3.461 0.329
2026-05-21 3312 1057.302 2.462 0.233
2026-05-22 3320 1050.115 -7.187 -0.68
2026-05-23 3306 1062.221 12.106 1.153
2026-05-24 3306 1062.221 0 0
2026-05-26 3304 1069.386 7.165 0.675
2026-05-27 3305 1065.313 -4.073 -0.381
2026-05-28 3317 1049.943 -15.37 -1.443
2026-05-29 3315 1048.235 -1.708 -0.163
2026-05-31 3317 1047.57 -0.665 -0.063
2026-06-01 3327 1039.342 -8.228 -0.785
2026-06-02 3326 1038.883 -0.459 -0.044
2026-06-03 3313 1042.561 3.678 0.354
2026-06-04 3302 1053.19 10.629 1.02
2026-06-05 3299 1042.405 -10.785 -1.024
2026-06-06 3299 1043.581 1.176 0.113
2026-06-07 3299 1043.581 0 0
2026-06-08 3283 1041.572 -2.009 -0.193
2026-06-09 3312 1026.489 -15.083 -1.448
2026-06-10 3295 1031.385 4.896 0.477
2026-06-11 3288 1034.243 2.858 0.277
2026-06-12 3286 1045.856 11.613 1.123
2026-06-13 3289 1046.267 0.411 0.039
2026-06-15 3290 1052.889 6.622 0.633
2026-06-16 3304 1046.302 -6.587 -0.626
2026-06-17 3304 1039.679 -6.623 -0.633
2026-06-18 3284 1059.85 20.171 1.94
2026-06-19 3297 1047.713 -12.137 -1.145
2026-06-20 3297 1047.713 0 0
2026-06-21 3297 1047.713 0 0
2026-06-23 3311 1029.15 -18.563 -1.772
2026-06-24 3320 1018.085 -11.065 -1.075
2026-06-25 3326 1008.712 -9.373 -0.921
2026-06-26 3313 1018.717 10.005 0.992
2026-06-27 3322 1017.051 -1.666 -0.164
2026-06-28 3322 1017.051 0 0
2026-06-29 3318 1019.496 2.445 0.24
2026-06-30 3330 1011.981 -7.515 -0.737
2026-07-01 3344 1007.582 -4.399 -0.435
2026-07-03 3363 1006.366 -1.216 -0.121
2026-07-04 3363 1006.366 0 0
2026-07-05 3363 1006.366 0 0
2026-07-06 3336 1019.03 12.664 1.258
2026-07-07 3311 1034.997 15.967 1.567
2026-07-08 3316 1025.271 -9.726 -0.94
2026-07-09 3311 1028.698 3.427 0.334
2026-07-10 3308 1037.804 9.106 0.885
2026-07-11 3322 1032.865 -4.939 -0.476
2026-07-12 3322 1032.865 0 0
2026-07-13 3312 1032.865 0 0
2026-07-14 3290 1048.534 15.669 1.517
2026-07-15 3285 1055.913 7.379 0.704
2026-07-16 3255 1072.495 16.582 1.57
2026-07-17 3230 1078.687 6.192 0.577
2026-07-18 3217 1081.82 3.133 0.29
2026-07-19 3216 1081.82 0 0
2026-07-20 3210 1081.82 0 0
2026-07-21 3200 1093.285 11.465 1.06
2026-07-22 3178 1104.108 10.823 0.99
2026-07-23 3225 1081.467 -22.641 -2.051
2026-07-24 3216 1077.817 -3.65 -0.338
2026-07-25 3211 1079.48 1.663 0.154
2026-07-26 3211 1079.48 0 0
2026-07-27 3225 1081.286 1.806 0.167
2026-07-28 3226 1078.421 -2.865 -0.265
2026-07-29 3288 1039.859 -38.562 -3.576
2026-07-30 3295 1032.806 -7.053 -0.678
2026-07-31 3324 1021.594 -11.212 -1.086
2026-08-01 3335 1016.869 -4.725 -0.463
2026-08-02 3335 1016.869 0 0
2026-08-03 3355 1007.425 -9.444 -0.929
2026-08-04 3346 1019.456 12.031 1.194
2026-08-05 3351 1019.026 -0.43 -0.042
2026-08-06 3349 1020.516 1.49 0.146
2026-08-07 3371 1005.508 -15.008 -1.471
2026-08-08 3379 1003.833 -1.675 -0.167
2026-08-09 3379 1003.833 0 0
2026-08-10  976.652 -27.181 -2.708
2026-08-11  966.198 -10.454 -1.07
=======
2026-05-11 3282 1087.313 0 0
2026-05-12 3275 1092.025 0 0
2026-05-13 3293 1082.083 0 0
2026-05-14 3278 1081.545 0 0
2026-05-15 3296 1073.33 0 0
2026-05-16 3296 1069.514 0 0
2026-05-17 3317 1052.103 0 0
2026-05-18 3309 1052.103 0 0
2026-05-19 3318 1045.376 0 0
2026-05-20 3307 1051.379 0 0
2026-05-21 3312 1054.84 0 0
2026-05-22 3337 1036.99 0 0
2026-05-23 3320 1050.115 0 0
2026-05-24 3306 1062.221 0 0
2026-05-25 3309 1062.221 0 0
2026-05-26 3308 1063.0 0 0
2026-05-27 3303 1069.386 0 0
2026-05-28 3301 1065.313 0 0
2026-05-29 3313 1049.943 0 0
2026-05-30 3315 1048.235 0 0
2026-05-31 3317 1047.57 0 0
2026-06-01 3323 1047.57 0 0
2026-06-02 3323 1039.342 0 0
2026-06-03 3326 1038.883 0 0
2026-06-04 3310 1042.561 0 0
2026-06-05 3301 1053.19 0 0
2026-06-06 3299 1042.405 0 0
2026-06-07 3299 1043.581 0 0
2026-06-09 3282 1041.572 0 0
2026-06-10 3306 1026.489 0 0
2026-06-11 3291 1031.385 0 0
2026-06-12 3295 1034.243 0 0
2026-06-13 3286 1045.856 0 0
2026-06-14 3289 1046.267 0 0
2026-06-16 3288 1052.889 0 0
2026-06-17 3301 1046.302 0 0
2026-06-18 3302 1039.679 0 0
2026-06-19 3283 1059.85 0 0
2026-06-20 3297 1047.713 0 0
2026-06-21 3297 1047.713 0 0
2026-06-22 3295 1047.713 0 0
2026-06-23 3292 1045.565 0 0
2026-06-24 3306 1029.15 0 0
2026-06-25 3316 1018.085 0 0
2026-06-26 3320 1008.712 0 0
2026-06-27 3313 1018.717 0 0
2026-06-28 3322 1017.051 0 0
2026-06-29 3320 1017.051 0 0
2026-06-30 3319 1019.496 0 0
2026-07-01 3333 1011.981 0 0
2026-07-02 3345 1007.582 0 0
2026-07-04 3363 1006.366 0 0
2026-07-05 3363 1006.366 0 0
2026-07-06 3363 1006.366 0 0
2026-07-07 3329 1019.03 0 0
2026-07-08 3304 1034.997 0 0
2026-07-09 3310 1025.271 0 0
2026-07-10 3316 1028.698 0 0
2026-07-11 3308 1037.804 0 0
2026-07-12 3322 1032.865 0 0
2026-07-13 3317 1032.865 0 0
2026-07-14 3308 1032.865 0 0
2026-07-15 3296 1048.534 0 0
2026-07-16 3286 1055.913 0 0
2026-07-17 3251 1072.495 0 0
2026-07-18 3230 1078.687 0 0
2026-07-19 3217 1081.82 0 0
2026-07-20 3217 1081.82 0 0
2026-07-21 3211 1081.82 0 0
2026-07-22 3203 1093.285 0 0
2026-07-23 3183 1104.108 0 0
2026-07-24 3216 1081.467 0 0
2026-07-25 3216 1077.817 0 0
2026-07-26 3211 1079.48 0 0
2026-07-27 3218 1079.48 0 0
2026-07-28 3227 1081.286 0 0
2026-07-29 3231 1078.421 0 0
2026-07-30 3285 1039.859 0 0
2026-07-31 3298 1032.806 0 0
2026-08-01 3324 1021.594 0 0
2026-08-02 3335 1016.869 0 0
2026-08-03 3336 1016.869 0 0
2026-08-04 3356 1007.425 0 0
2026-08-05 3345 1019.456 0 0
2026-08-06 3351 1019.026 0 0
2026-08-07 3345 1020.516 0 0
2026-08-08 3371 1005.508 0 0
2026-08-09 3379 1003.833 0 0
2026-08-10 3378 1003.833 0 0
2026-08-11 3391 976.652 0 0
2026-08-12 3390 966.198 0 0
>>>>>>> 2b550085baac25c543016ca743053a87bf115d5d
