2026-04-09 3346 1011.14 0 0
2026-04-10 3357 1007.018 -4.122 -0.408
2026-04-11 3355 1015.725 8.707 0.865
2026-04-12 3355 1015.725 0 0
2026-04-13 3351 1015.725 0 0
2026-04-14 3309 1046.443 30.718 3.024
2026-04-15 3309 1055.172 8.729 0.834
2026-04-16 3326 1050.318 -4.854 -0.46
2026-04-17 3333 1047.887 -2.431 -0.231
2026-04-18 3314 1065.432 17.545 1.674
2026-04-19 3314 1065.432 0 0
2026-04-20 3316 1065.432 0 0
2026-04-21 3324 1054.532 -10.9 -1.023
2026-04-22 3329 1052.032 -2.5 -0.237
2026-04-23 3322 1045.361 -6.671 -0.634
2026-04-24 3317 1043.618 -1.743 -0.167
2026-04-25 3318 1042.744 -0.874 -0.084
2026-04-26 3318 1042.744 0 0
2026-04-27 3323 1042.744 0 0
2026-04-28 3313 1047.569 4.825 0.463
2026-04-29 3311 1044.893 -2.676 -0.255
2026-04-30 3315 1041.068 -3.825 -0.366
2026-05-01 3311 1045.786 4.718 0.453
2026-05-02 3298 1057.38 11.594 1.109
2026-05-04 3299 1057.38 0 0
2026-05-05 3308 1049.162 -8.218 -0.777
2026-05-06 3314 1049.162 0 0
2026-05-07 3307 1065.123 15.961 1.521
2026-05-08 3301 1076.811 11.688 1.097
2026-05-09 3299 1079.437 2.626 0.244
2026-05-10 3299 1079.437 0 0
<<<<<<< HEAD
2026-05-11 3302 1079.437 0 0
2026-05-12 3297 1076.555 -2.882 -0.267
2026-05-13 3316 1065.522 -11.033 -1.025
2026-05-14 3310 1063.145 -2.377 -0.223
2026-05-15 3308 1062.487 -0.658 -0.062
2026-05-16 3321 1047.704 -14.783 -1.391
2026-05-17 3321 1047.704 0 0
2026-05-18 3316 1047.704 0 0
2026-05-19 3312 1048.538 0.834 0.08
2026-05-20 3332 1038.111 -10.427 -0.994
2026-05-21 3323 1049.976 11.865 1.143
2026-05-22 3323 1049.976 0 0
2026-05-23 3322 1050.91 0.934 0.089
2026-05-24 3322 1050.91 0 0
2026-05-26 3324 1050.91 0 0
2026-05-27 3309 1061.076 10.166 0.967
2026-05-28 3301 1065.073 3.997 0.377
2026-05-29 3295 1069.181 4.108 0.386
2026-05-31 3293 1071.201 2.02 0.189
2026-06-01 3293 1071.201 0 0
2026-06-02 3300 1060.094 -11.107 -1.037
2026-06-03 3282 1066.555 6.461 0.609
2026-06-04 3292 1062.635 -3.92 -0.368
2026-06-05 3270 1068.406 5.771 0.543
2026-06-06 3283 1056.002 -12.404 -1.161
2026-06-07 3283 1056.002 0 0
2026-06-08 3265 1056.002 0 0
2026-06-09 3270 1054.212 -1.79 -0.17
2026-06-10 3264 1056.707 2.495 0.237
2026-06-11 3264 1055.765 -0.942 -0.089
2026-06-12 3277 1052.908 -2.857 -0.271
2026-06-13 3258 1068.516 15.608 1.482
2026-06-15 3272 1068.516 0 0
2026-06-16 3263 1077.993 9.477 0.887
2026-06-17 3249 1079.922 1.929 0.179
2026-06-18 3258 1075.937 -3.985 -0.369
2026-06-19 3279 1060.196 -15.741 -1.463
2026-06-20 3279 1060.196 0 0
2026-06-21 3279 1060.196 0 0
2026-06-23 3268 1054.885 -5.311 -0.501
2026-06-24 3285 1040.667 -14.218 -1.348
2026-06-25 3289 1034.109 -6.558 -0.63
2026-06-26 3271 1043.494 9.385 0.908
2026-06-27 3268 1046.742 3.248 0.311
2026-06-28 3268 1046.742 0 0
2026-06-29 3274 1046.742 0 0
2026-06-30 3279 1045.943 -0.799 -0.076
2026-07-01 3292 1043.963 -1.98 -0.189
2026-07-02 3299 1043.581 -0.382 -0.037
2026-07-03 3299 1051.078 7.497 0.718
2026-07-04 3299 1051.078 0 0
2026-07-05 3299 1051.078 0 0
2026-07-06 3293 1051.078 0 0
2026-07-07 3290 1048.809 -2.269 -0.216
2026-07-08 3283 1047.983 -0.826 -0.079
2026-07-09 3307 1029.913 -18.07 -1.724
2026-07-10 3306 1040.628 10.715 1.04
2026-07-11 3307 1043.196 2.568 0.247
2026-07-12 3307 1043.196 0 0
2026-07-13 3297 1043.196 0 0
2026-07-14 3306 1036.455 -6.741 -0.646
2026-07-15 3310 1038.072 1.617 0.156
2026-07-16 3312 1037.172 -0.9 -0.087
2026-07-17 3316 1025.146 -12.026 -1.159
2026-07-18 3316 1025.797 0.651 0.064
2026-07-19 3315 1025.797 0 0
2026-07-20 3314 1025.797 0 0
2026-07-21 3314 1026.804 1.007 0.098
2026-07-22 3317 1024.328 -2.476 -0.241
2026-07-23 3318 1020.572 -3.756 -0.367
2026-07-24 3324 1012.098 -8.474 -0.83
2026-07-25 3312 1024.766 12.668 1.252
2026-07-26 3312 1024.766 0 0
2026-07-27 3318 1024.766 0 0
2026-07-28 3318 1025.312 0.546 0.053
2026-07-29 3313 1023.708 -1.604 -0.156
2026-07-30 3318 1019.567 -4.141 -0.405
2026-07-31 3312 1030.993 11.426 1.121
2026-08-01 3328 1025.586 -5.407 -0.524
2026-08-02 3328 1025.586 0 0
2026-08-03 3331 1025.586 0 0
2026-08-04 3341 1026.696 1.11 0.108
2026-08-05 3326 1035.427 8.731 0.85
2026-08-06 3321 1038.293 2.866 0.277
2026-08-07 3338 1027.23 -11.063 -1.065
2026-08-08 3329 1034.832 7.602 0.74
2026-08-09 3329 1034.832 0 0
2026-08-10 3331 1034.832 0 0
2026-08-11 3333 1034.832 0 0
2026-08-12 3345 1028.32 -6.512 -0.629
2026-08-13 3345 1028.981 0.661 0.064
=======
2026-05-11 3298 1079.437 0 0
2026-05-12 3297 1079.437 0 0
2026-05-13 3300 1076.555 0 0
2026-05-14 3304 1065.522 0 0
2026-05-15 3310 1063.145 0 0
2026-05-16 3308 1062.487 0 0
2026-05-17 3321 1047.704 0 0
2026-05-18 3313 1047.704 0 0
2026-05-19 3315 1047.704 0 0
2026-05-20 3311 1048.538 0 0
2026-05-21 3335 1038.111 0 0
2026-05-22 3320 1049.976 0 0
2026-05-23 3323 1049.976 0 0
2026-05-24 3322 1050.91 0 0
2026-05-25 3326 1050.91 0 0
2026-05-26 3326 1050.91 0 0
2026-05-27 3322 1050.91 0 0
2026-05-28 3306 1061.076 0 0
2026-05-29 3299 1065.073 0 0
2026-05-30 3295 1069.181 0 0
2026-05-31 3293 1071.201 0 0
2026-06-01 3293 1071.201 0 0
2026-06-02 3291 1071.201 0 0
2026-06-03 3298 1060.094 0 0
2026-06-04 3281 1066.555 0 0
2026-06-05 3293 1062.635 0 0
2026-06-06 3270 1068.406 0 0
2026-06-07 3283 1056.002 0 0
2026-06-09 3268 1056.002 0 0
2026-06-10 3264 1054.212 0 0
2026-06-11 3257 1056.707 0 0
2026-06-12 3265 1055.765 0 0
2026-06-13 3277 1052.908 0 0
2026-06-14 3258 1068.516 0 0
2026-06-16 3273 1068.516 0 0
2026-06-17 3255 1077.993 0 0
2026-06-18 3247 1079.922 0 0
2026-06-19 3256 1075.937 0 0
2026-06-20 3279 1060.196 0 0
2026-06-21 3279 1060.196 0 0
2026-06-22 3271 1060.196 0 0
2026-06-23 3272 1060.196 0 0
2026-06-24 3269 1054.885 0 0
2026-06-25 3282 1040.667 0 0
2026-06-26 3283 1034.109 0 0
2026-06-27 3271 1043.494 0 0
2026-06-28 3268 1046.742 0 0
2026-06-29 3274 1046.742 0 0
2026-06-30 3271 1046.742 0 0
2026-07-01 3287 1045.943 0 0
2026-07-02 3290 1043.963 0 0
2026-07-03 3298 1043.581 0 0
2026-07-04 3299 1051.078 0 0
2026-07-05 3299 1051.078 0 0
2026-07-06 3299 1051.078 0 0
2026-07-07 3287 1051.078 0 0
2026-07-08 3289 1048.809 0 0
2026-07-09 3283 1047.983 0 0
2026-07-10 3313 1029.913 0 0
2026-07-11 3306 1040.628 0 0
2026-07-12 3307 1043.196 0 0
2026-07-13 3303 1043.196 0 0
2026-07-14 3291 1043.196 0 0
2026-07-15 3316 1036.455 0 0
2026-07-16 3311 1038.072 0 0
2026-07-17 3302 1037.172 0 0
2026-07-18 3316 1025.146 0 0
2026-07-19 3316 1025.797 0 0
2026-07-20 3316 1025.797 0 0
2026-07-21 3309 1025.797 0 0
2026-07-22 3309 1026.804 0 0
2026-07-23 3318 1024.328 0 0
2026-07-24 3312 1020.572 0 0
2026-07-25 3324 1012.098 0 0
2026-07-26 3312 1024.766 0 0
2026-07-27 3319 1024.766 0 0
2026-07-28 3313 1024.766 0 0
2026-07-29 3315 1025.312 0 0
2026-07-30 3310 1023.708 0 0
2026-07-31 3325 1019.567 0 0
2026-08-01 3312 1030.993 0 0
2026-08-02 3328 1025.586 0 0
2026-08-03 3325 1025.586 0 0
2026-08-04 3333 1025.586 0 0
2026-08-05 3341 1026.696 0 0
2026-08-06 3322 1035.427 0 0
2026-08-07 3321 1038.293 0 0
2026-08-08 3338 1027.23 0 0
2026-08-09 3329 1034.832 0 0
2026-08-10 3333 1034.832 0 0
2026-08-11 3332 1034.832 0 0
2026-08-12 3333 1034.832 0 0
2026-08-13 3346 1028.32 0 0
2026-08-14 3346 1028.981 0 0
>>>>>>> 2b550085baac25c543016ca743053a87bf115d5d
2026-08-15 3333 1033.527 0 0
2026-08-16 3323 1037.581 0 0
2026-08-17 3324 1037.581 0 0
2026-08-18 3328 1037.581 0 0
2026-08-19 3331 1037.618 0 0
2026-08-20 3340 1030.483 0 0
2026-08-21 3323 1042.485 0 0
2026-08-22 3331 1042.955 0 0
2026-08-24 3329 1046.906 0 0
2026-08-25 3319 1046.906 0 0
