2026-03-10 2789 1367.957 0 0
2026-03-11 2793 1374.33 6.373 0.466
2026-03-12 2797 1364.793 -9.537 -0.694
2026-03-13 2796 1359.604 -5.189 -0.38
2026-03-14 2800 1350.423 -9.181 -0.675
2026-03-15 2800 1350.423 0 0
2026-03-16 2794 1350.423 0 0
2026-03-17 2788 1355.231 4.808 0.356
2026-03-18 2792 1355.231 0 0
2026-03-19 2770 1358.508 3.277 0.242
2026-03-20 2757 1358.664 0.156 0.011
2026-03-21 2754 1362.272 3.608 0.266
2026-03-22 2754 1362.272 0 0
2026-03-23 2739 1362.272 0 0
2026-03-24 2735 1367.165 4.893 0.359
2026-03-25 2748 1366.215 -0.95 -0.069
2026-03-27 2739 1366.215 0 0
2026-03-28 2740 1359.447 -6.768 -0.495
2026-03-29 2740 1359.447 0 0
2026-03-30 2733 1359.447 0 0
2026-03-31 2742 1352.901 -6.546 -0.482
2026-04-01 2753 1359.604 6.703 0.495
2026-04-02 2743 1371.615 12.011 0.883
2026-04-03 2743 1363.059 -8.556 -0.624
2026-04-04 2743 1363.059 0 0
2026-04-05 2743 1363.059 0 0
2026-04-06 2743 1363.059 0 0
2026-04-07 2751 1361.958 -1.101 -0.081
2026-04-08 2774 1361.958 0 0
2026-04-09 2762 1379.956 17.998 1.321
2026-04-10 2771 1378.827 -1.129 -0.082
2026-04-11 2764 1384.002 5.175 0.375
2026-04-12 2764 1384.002 0 0
2026-04-13 2767 1384.002 0 0
2026-04-14 2774 1381.895 -2.107 -0.152
2026-04-15 2770 1393.481 11.586 0.838
2026-04-16 2783 1392.166 -1.315 -0.094
2026-04-17 2791 1389.052 -3.114 -0.224
2026-04-18 2789 1393.975 4.923 0.354
2026-04-19 2789 1393.975 0 0
2026-04-20 2788 1393.975 0 0
2026-04-21 2790 1389.052 -4.923 -0.353
2026-04-22 2794 1386.767 -2.285 -0.165
2026-04-23 2792 1382.704 -4.063 -0.293
2026-04-24 2785 1381.895 -0.809 -0.059
2026-04-25 2785 1381.248 -0.647 -0.047
2026-04-26 2785 1381.248 0 0
2026-04-27 2793 1381.248 0 0
2026-04-28 2786 1384.814 3.566 0.258
2026-04-29 2795 1380.763 -4.051 -0.293
2026-04-30 2791 1380.601 -0.162 -0.012
2026-05-01 2791 1384.164 3.563 0.258
2026-05-02 2789 1388.562 4.398 0.318
2026-05-04 2787 1388.562 0 0
2026-05-05 2799 1381.571 -6.991 -0.503
2026-05-06 2807 1381.571 0 0
2026-05-07 2817 1387.256 5.685 0.411
2026-05-08 2814 1389.707 2.451 0.177
2026-05-09 2816 1389.379 -0.328 -0.024
2026-05-10 2816 1389.379 0 0
2026-05-11 2819 1389.379 0 0
2026-05-12 2806 1390.034 0.655 0.047
2026-05-13 2813 1384.814 -5.22 -0.376
2026-05-14 2814 1381.571 -3.243 -0.234
2026-05-15 2808 1378.183 -3.388 -0.245
2026-05-16 2812 1372.412 -5.771 -0.419
2026-05-17 2812 1372.412 0 0
2026-05-18 2809 1372.412 0 0
2026-05-19 2803 1373.69 1.278 0.093
2026-05-20 2812 1368.433 -5.257 -0.383
2026-05-21 2815 1371.136 2.703 0.198
2026-05-22 2809 1371.136 0 0
2026-05-23 2811 1368.592 -2.544 -0.186
2026-05-24 2811 1368.592 0 0
2026-05-26 2816 1368.592 0 0
2026-05-27 2806 1371.615 3.023 0.221
2026-05-28 2802 1371.933 0.318 0.023
2026-05-29 2804 1374.33 2.397 0.175
2026-05-31 2800 1377.057 2.727 0.198
2026-06-01 2803 1377.057 0 0
2026-06-02 2807 1370.818 -6.239 -0.453
2026-06-03 2794 1374.01 3.192 0.233
2026-06-04 2795 1370.181 -3.829 -0.279
2026-06-05 2786 1372.412 2.231 0.163
2026-06-06 2792 1364.004 -8.408 -0.613
2026-06-07 2792 1364.004 0 0
2026-06-08 2776 1364.004 0 0
2026-06-09 2784 1361.958 -2.046 -0.15
2026-06-10 2777 1364.32 2.362 0.173
2026-06-11 2778 1363.216 -1.104 -0.081
2026-06-12 2791 1359.134 -4.082 -0.299
2026-06-13 2789 1365.741 6.607 0.486
2026-06-15 2812 1365.741 0 0
2026-06-16 2810 1369.704 3.963 0.29
2026-06-17 2804 1369.704 0 0
2026-06-18 2806 1367.482 -2.222 -0.162
2026-06-19 2816 1355.387 -12.095 -0.884
2026-06-20 2816 1355.387 0 0
2026-06-21 2816 1355.387 0 0
2026-06-23 2806 1350.578 -4.809 -0.355
2026-06-24 2815 1343.199 -7.379 -0.546
2026-06-25 2816 1338.172 -5.027 -0.374
2026-06-26 2813 1342.435 4.263 0.319
2026-06-27 2812 1344.576 2.141 0.159
2026-06-28 2812 1344.576 0 0
2026-06-29 2819 1344.576 0 0
2026-06-30 2815 1347.801 3.225 0.24
2026-07-01 2820 1349.034 1.233 0.091
2026-07-02 2824 1344.423 -4.611 -0.342
2026-07-03 2825 1350.269 5.846 0.435
2026-07-04 2825 1350.269 0 0
2026-07-05 2825 1350.269 0 0
2026-07-06 2826 1350.269 0 0
2026-07-07 2823 1347.34 -2.929 -0.217
2026-07-08 2811 1349.188 1.848 0.137
2026-07-09 2817 1345.956 -3.232 -0.24
2026-07-10 2817 1349.034 3.078 0.229
2026-07-11 2819 1347.955 -1.079 -0.08
2026-07-12 2819 1347.955 0 0
2026-07-13 2809 1347.955 0 0
2026-07-14 2818 1345.803 -2.152 -0.16
2026-07-15 2820 1350.423 4.62 0.343
2026-07-16 2815 1349.497 -0.926 -0.069
2026-07-17 2800 1350.269 0.772 0.057
2026-07-18 2800 1349.96 -0.309 -0.023
2026-07-19 2799 1349.96 0 0
2026-07-20 2791 1349.96 0 0
2026-07-21 2811 1345.956 -4.004 -0.297
2026-07-22 2808 1345.803 -0.153 -0.011
2026-07-23 2804 1346.417 0.614 0.046
2026-07-24 2799 1341.824 -4.593 -0.341
2026-07-25 2799 1342.74 0.916 0.068
2026-07-26 2799 1342.74 0 0
2026-07-27 2809 1342.74 0 0
2026-07-28 2811 1341.824 -0.916 -0.068
2026-07-29 2816 1343.504 1.68 0.125
2026-07-30 2816 1343.046 -0.458 -0.034
2026-07-31 2809 1357.414 14.368 1.07
2026-08-01 2811 1357.726 0.312 0.023
2026-08-02 2810 1357.726 0 0
2026-08-03 2815 1357.726 0 0
2026-08-04 2824 1358.664 0.938 0.069
2026-08-05 2830 1359.76 1.096 0.081
2026-08-06 2823 1363.216 3.456 0.254
2026-08-07 2830 1361.172 -2.044 -0.15
2026-08-08 2829 1363.374 2.202 0.162
2026-08-09 2829 1363.374 0 0
2026-08-10 2838 1363.374 0 0
2026-08-11 2839 1363.374 0 0
2026-08-12 2844 1361.958 -1.416 -0.104
2026-08-13 2838 1361.958 0 0
2026-08-15 2838 1366.532 4.574 0.336
2026-08-16 2838 1366.532 0 0
2026-08-17 2843 1366.532 0 0
2026-08-18 2834 1367.323 0.791 0.058
2026-08-19 2833 1366.69 -0.633 -0.046
2026-08-20 2828 1376.254 9.564 0.7
2026-08-21 2829 1378.666 2.412 0.175
2026-08-23 2834 1377.378 -1.288 -0.093
2026-08-24 2837 1377.378 0 0
2026-08-25 2836 1376.575 -0.803 -0.058
2026-08-26 2841 1377.057 0.482 0.035
2026-08-27 2843 1374.17 -2.887 -0.21
2026-08-28 2844 1374.17 0 0
2026-08-29 2845 1371.296 -2.874 -0.209
2026-08-30 2845 1371.296 0 0
2026-08-31 2851 1371.296 0 0
2026-09-01 2844 1371.296 0 0
