2026-01-15 1406 2912.43 0 0
2026-01-16 1362 2993.474 81.044 2.783
2026-01-17 1363 2993.818 0.344 0.011
2026-01-18 1362 2993.818 0 0
2026-01-19 1369 2990.694 -3.124 -0.104
2026-01-20 1364 2978.004 -12.69 -0.424
2026-01-21 1335 3060.524 82.52 2.771
2026-01-22 1350 3030.378 -30.146 -0.985
2026-01-23 1368 2985.908 -44.47 -1.467
2026-01-24 1368 2985.35 -0.558 -0.019
2026-01-25 1368 2985.35 0 0
2026-01-26 1402 2913.296 -72.054 -2.414
2026-01-27 1385 2955.837 42.541 1.46
2026-01-28 1370 3013.578 57.741 1.953
2026-01-29 1410 2932.327 -81.251 -2.696
2026-01-30 1400 2927.129 -5.198 -0.177
2026-01-31 1397 2926.202 -0.927 -0.032
2026-02-01 1391 2926.202 0 0
2026-02-02 1488 2746.186 -180.016 -6.152
2026-02-03 1511 2708.462 -37.724 -1.374
2026-02-04 1540 2657.911 -50.551 -1.866
2026-02-05 1571 2598.982 -58.929 -2.217
2026-02-06 1573 2600.205 1.223 0.047
2026-02-07 1578 2600.467 0.262 0.01
2026-02-08 1578 2600.467 0 0
2026-02-09 1521 2709.957 109.49 4.21
2026-02-10 1519 2712.876 2.919 0.108
2026-02-11 1551 2684.022 -28.854 -1.064
2026-02-12 1489 2772.271 88.249 3.288
2026-02-13 1492 2763.354 -8.917 -0.322
2026-02-14 1496 2759.555 -3.799 -0.137
2026-02-15 1495 2759.555 0 0
2026-02-16 1497 2759.555 0 0
2026-02-17 1498 2759.555 0 0
2026-02-18 1503 2759.555 0 0
2026-02-19 1501 2759.555 0 0
2026-02-20 1495 2759.555 0 0
2026-02-21 1498 2759.555 0 0
2026-02-22 1496 2759.555 0 0
2026-02-23 1497 2759.555 0 0
2026-02-24 1474 2808.58 49.025 1.777
2026-02-25 1481 2802.594 -5.986 -0.213
2026-02-26 1460 2854.82 52.226 1.863
2026-02-27 1458 2850.563 -4.257 -0.149
2026-02-28 1472 2843.993 -6.57 -0.23
2026-03-01 1476 2843.993 0 0
2026-03-02 1498 2787.447 -56.546 -1.988
2026-03-03 1567 2628.993 -158.454 -5.685
2026-03-04 1536 2673.002 44.009 1.674
2026-03-05 1481 2782.372 109.37 4.092
2026-03-06 1486 2779.533 -2.839 -0.102
2026-03-07 1484 2780.258 0.725 0.026
2026-03-08 1484 2780.258 0 0
2026-03-09 1533 2673.214 -107.044 -3.85
2026-03-10 1526 2756.326 83.112 3.109
2026-03-11 1501 2795.455 39.129 1.42
2026-03-12 1538 2715.274 -80.181 -2.868
2026-03-13 1542 2696.969 -18.305 -0.674
2026-03-14 1546 2686.186 -10.783 -0.4
2026-03-15 1546 2686.186 0 0
2026-03-16 1473 2835.316 149.13 5.552
2026-03-17 1435 2901.306 65.99 2.327
2026-03-18 1411 2975.063 73.757 2.542
2026-03-19 1421 2923.68 -51.383 -1.727
2026-03-20 1408 2935.482 11.802 0.404
2026-03-21 1404 2943.629 8.147 0.278
2026-03-22 1404 2943.629 0 0
2026-03-23 1496 2737.623 -206.006 -6.998
2026-03-24 1386 2991.291 253.668 9.266
2026-03-25 1376 3038.242 46.951 1.57
2026-03-27 1398 2952.587 -85.655 -2.819
2026-03-28 1397 2942.931 -9.656 -0.327
2026-03-29 1397 2942.931 0 0
2026-03-30 1349 3042.12 99.189 3.37
2026-03-31 1402 2905.832 -136.288 -4.48
2026-04-01 1390 2978.266 72.434 2.493
2026-04-02 1438 2855.986 -122.28 -4.106
2026-04-03 1416 2893.671 37.685 1.32
2026-04-04 1416 2893.671 0 0
2026-04-05 1416 2893.671 0 0
2026-04-06 1415 2893.671 0 0
2026-04-07 1394 2937.278 43.607 1.507
2026-04-08 1383 3003.729 66.451 2.262
2026-04-09 1391 3005.413 1.684 0.056
2026-04-10 1386 3044.021 38.608 1.285
2026-04-11 1385 3047.407 3.386 0.111
2026-04-12 1385 3047.407 0 0
2026-04-13 1388 3031.874 -15.533 -0.51
2026-04-14 1372 3090.774 58.9 1.943
2026-04-15 1278 3328.598 237.824 7.695
2026-04-16 1205 3570.134 241.536 7.256
2026-04-17 1226 3517.004 -53.13 -1.488
2026-04-18 1233 3513.449 -3.555 -0.101
2026-04-19 1233 3513.449 0 0
2026-04-20 1246 3467.246 -46.203 -1.315
2026-04-21 1235 3474.422 7.176 0.207
2026-04-22 1228 3509.512 35.09 1.01
2026-04-23 1270 3368.104 -141.408 -4.029
2026-04-24 1215 3521.168 153.064 4.545
2026-04-25 1215 3520.808 -0.36 -0.01
2026-04-26 1215 3520.808 0 0
2026-04-27 1207 3558.069 37.261 1.058
2026-04-28 1199 3572.613 14.544 0.409
2026-04-29 1218 3529.655 -42.958 -1.202
2026-04-30 1157 3706.87 177.215 5.021
2026-05-01 1158 3706.653 -0.217 -0.006
2026-05-02 1158 3706.653 0 0
2026-05-04 1164 3706.653 0 0
2026-05-05 1091 3982.037 275.384 7.429
2026-05-06 1090 3982.037 0 0
2026-05-07 1050 4126.366 144.329 3.625
2026-05-08 1125 3874.677 -251.689 -6.1
2026-05-09 1124 3874.506 -0.171 -0.004
2026-05-10 1124 3874.506 0 0
<<<<<<< HEAD
2026-05-11 1096 3957.785 83.279 2.149
2026-05-12 1109 3901.185 -56.6 -1.43
2026-05-13 1095 3951.736 50.551 1.296
2026-05-14 1142 3776.765 -174.971 -4.428
2026-05-15 1154 3731.668 -45.097 -1.194
2026-05-16 1151 3721.523 -10.145 -0.272
2026-05-17 1151 3721.523 0 0
2026-05-18 1124 3831.912 110.389 2.966
2026-05-19 1087 3937.895 105.983 2.766
2026-05-20 1028 4118.435 180.54 4.585
2026-05-21 1031 4117.043 -1.392 -0.034
2026-05-22 1069 4002.948 -114.095 -2.771
2026-05-23 1067 4009.664 6.716 0.168
2026-05-24 1067 4009.664 0 0
2026-05-26 1015 4177.757 168.093 4.192
2026-05-27 1071 4002.311 -175.446 -4.2
2026-05-28 1090 3944.725 -57.586 -1.439
2026-05-29 1126 3816.738 -127.987 -3.245
2026-05-31 1127 3823.223 6.485 0.17
2026-06-01 1167 3682.265 -140.958 -3.687
2026-06-02 1129 3796.971 114.706 3.115
2026-06-03 1015 4190.456 393.485 10.363
2026-06-04 1022 4156.676 -33.78 -0.806
2026-06-05 1064 3997.703 -158.973 -3.825
2026-06-06 1060 4000.95 3.247 0.081
2026-06-07 1060 4000.95 0 0
2026-06-08 1071 3937.701 -63.249 -1.581
2026-06-09 1055 4004.309 66.608 1.692
2026-06-10 1075 3924.451 -79.858 -1.994
2026-06-11 1059 3994.253 69.802 1.779
2026-06-12 1080 3925.744 -68.509 -1.715
2026-06-13 1083 3935.092 9.348 0.238
2026-06-15 1033 4124.597 189.505 4.816
2026-06-16 1013 4193.979 69.382 1.682
2026-06-17 979 4341.789 147.81 3.524
2026-06-18 926 4589.873 248.084 5.714
2026-06-19 925 4586.411 -3.462 -0.075
2026-06-20 925 4586.411 0 0
2026-06-21 925 4586.411 0 0
2026-06-23 913 4602.762 16.351 0.357
2026-06-24 893 4760.963 158.201 3.437
2026-06-25 859 4925.772 164.809 3.462
2026-06-26 893 4765.518 -160.254 -3.253
2026-06-27 895 4764.677 -0.841 -0.018
2026-06-28 895 4764.677 0 0
2026-06-29 812 5175.43 410.753 8.621
2026-06-30 802 5248.261 72.831 1.407
2026-07-01 858 4967.756 -280.505 -5.345
2026-07-02 933 4559.471 -408.285 -8.219
2026-07-03 937 4573.823 14.352 0.315
2026-07-04 937 4573.823 0 0
2026-07-05 937 4573.823 0 0
2026-07-06 953 4487.07 -86.753 -1.897
2026-07-07 893 4778.903 291.833 6.504
2026-07-08 891 4756.761 -22.142 -0.463
2026-07-09 763 5432.63 675.869 14.209
2026-07-10 836 5038.854 -393.776 -7.248
2026-07-11 835 5050.079 11.225 0.223
2026-07-12 835 5050.079 0 0
2026-07-13 818 5130.7 80.621 1.596
2026-07-14 802 5219.879 89.179 1.738
2026-07-15 888 4779.219 -440.66 -8.442
2026-07-16 894 4736.359 -42.86 -0.897
2026-07-17 998 4195.611 -540.748 -11.417
2026-07-18 1000 4189.915 -5.696 -0.136
2026-07-19 1000 4189.915 0 0
2026-07-20 984 4264.534 74.619 1.781
2026-07-21 903 4660.129 395.595 9.276
2026-07-22 938 4455.373 -204.756 -4.394
2026-07-23 980 4288.901 -166.472 -3.736
2026-07-24 962 4332.29 43.389 1.012
2026-07-25 961 4329.988 -2.302 -0.053
2026-07-26 961 4329.988 0 0
2026-07-27 981 4305.307 -24.681 -0.57
2026-07-28 1082 3908.214 -397.093 -9.223
2026-07-29 1157 3670.164 -238.05 -6.091
2026-07-30 1196 3561.344 -108.82 -2.965
2026-07-31 1168 3648.601 87.257 2.45
2026-08-01 1168 3653.468 4.867 0.133
2026-08-02 1168 3653.468 0 0
2026-08-03 1229 3468.334 -185.134 -5.067
2026-08-04 1190 3620.306 151.972 4.382
2026-08-05 1134 3808.103 187.797 5.187
2026-08-06 1138 3796.677 -11.426 -0.3
2026-08-07 1114 3901.238 104.561 2.754
2026-08-08 1115 3902.163 0.925 0.024
2026-08-09 1115 3902.163 0 0
2026-08-10 1143 3814.62 -87.543 -2.243
2026-08-11 1147 3767.524 -47.096 -1.235
2026-08-12 1127 3843.862 76.338 2.026
2026-08-13 1098 3941.903 98.041 2.551
=======
2026-05-11 1108 3917.548 0 0
2026-05-12 1101 3932.242 0 0
2026-05-13 1109 3905.533 0 0
2026-05-14 1136 3791.748 0 0
2026-05-15 1139 3790.499 0 0
2026-05-16 1154 3731.668 0 0
2026-05-17 1151 3721.523 0 0
2026-05-18 1117 3845.812 0 0
2026-05-19 1137 3753.948 0 0
2026-05-20 1018 4158.756 0 0
2026-05-21 1069 3998.539 0 0
2026-05-22 1087 3945.987 0 0
2026-05-23 1069 4002.948 0 0
2026-05-24 1067 4009.664 0 0
2026-05-25 1031 4118.56 0 0
2026-05-26 1035 4103.801 0 0
2026-05-27 1054 4056.0 0 0
2026-05-28 1091 3941.412 0 0
2026-05-29 1128 3824.254 0 0
2026-05-30 1126 3816.738 0 0
2026-05-31 1127 3823.223 0 0
2026-06-01 1140 3800.66 0 0
2026-06-02 1121 3834.197 0 0
2026-06-03 1059 4039.334 0 0
2026-06-04 1017 4170.034 0 0
2026-06-05 1021 4145.932 0 0
2026-06-06 1064 3997.703 0 0
2026-06-07 1060 4000.95 0 0
2026-06-09 1046 4015.94 0 0
2026-06-10 1072 3935.806 0 0
2026-06-11 1085 3868.28 0 0
2026-06-12 1039 4057.042 0 0
2026-06-13 1080 3925.744 0 0
2026-06-14 1083 3935.092 0 0
2026-06-16 1024 4148.79 0 0
2026-06-17 1038 4127.128 0 0
2026-06-18 925 4594.71 0 0
2026-06-19 926 4589.873 0 0
2026-06-20 925 4586.411 0 0
2026-06-21 925 4586.411 0 0
2026-06-22 944 4493.289 0 0
2026-06-23 897 4736.451 0 0
2026-06-24 921 4561.312 0 0
2026-06-25 860 4920.391 0 0
2026-06-26 896 4717.614 0 0
2026-06-27 893 4765.518 0 0
2026-06-28 895 4764.677 0 0
2026-06-29 846 5017.35 0 0
2026-06-30 796 5278.073 0 0
2026-07-01 821 5139.325 0 0
2026-07-02 911 4693.056 0 0
2026-07-03 916 4650.474 0 0
2026-07-04 937 4573.823 0 0
2026-07-05 937 4573.823 0 0
2026-07-06 937 4573.71 0 0
2026-07-07 887 4847.605 0 0
2026-07-08 895 4746.051 0 0
2026-07-09 773 5363.29 0 0
2026-07-10 768 5418.428 0 0
2026-07-11 836 5038.854 0 0
2026-07-12 835 5050.079 0 0
2026-07-13 790 5284.766 0 0
2026-07-14 820 5125.558 0 0
2026-07-15 863 4911.34 0 0
2026-07-16 901 4700.403 0 0
2026-07-17 925 4528.574 0 0
2026-07-18 998 4195.611 0 0
2026-07-19 1000 4189.915 0 0
2026-07-20 976 4305.567 0 0
2026-07-21 947 4420.253 0 0
2026-07-22 901 4668.63 0 0
2026-07-23 980 4277.987 0 0
2026-07-24 1003 4189.761 0 0
2026-07-25 962 4332.29 0 0
2026-07-26 961 4329.988 0 0
2026-07-27 1004 4179.657 0 0
2026-07-28 1045 4033.845 0 0
2026-07-29 1151 3683.337 0 0
2026-07-30 1176 3614.968 0 0
2026-07-31 1133 3753.37 0 0
2026-08-01 1168 3648.601 0 0
2026-08-02 1168 3653.468 0 0
2026-08-03 1190 3584.259 0 0
2026-08-04 1211 3528.167 0 0
2026-08-05 1150 3732.425 0 0
2026-08-06 1137 3806.935 0 0
2026-08-07 1105 3914.898 0 0
2026-08-08 1114 3901.238 0 0
2026-08-09 1115 3902.163 0 0
2026-08-10 1123 3875.116 0 0
2026-08-11 1157 3764.363 0 0
2026-08-12 1135 3820.433 0 0
2026-08-13 1104 3913.868 0 0
2026-08-14 1089 3975.902 0 0
>>>>>>> 2b550085baac25c543016ca743053a87bf115d5d
2026-08-15 1085 3979.638 0 0
2026-08-16 1087 3981.468 0 0
2026-08-17 1086 3981.468 0 0
2026-08-18 1031 4191.149 0 0
