2026-05-12 3236 1108.754 0 0
2026-05-13 3291 1080.797 -27.957 -2.521
2026-05-14 3321 1051.328 -29.469 -2.727
2026-05-15  996.061 -55.267 -5.257
2026-05-23 3399 1000.229 4.168 0.418
2026-05-24 3399 1000.229 0 0
2026-05-26 3351 1029.955 29.726 2.972
2026-05-27 3306 1064.137 34.182 3.319
2026-05-28 3350 1027.598 -36.539 -3.434
2026-05-29 3305 1060.079 32.481 3.161
2026-05-31 3307 1063.057 2.978 0.281
2026-06-01 3306 1058.275 -4.782 -0.45
2026-06-02 3335 1032.996 -25.279 -2.389
2026-06-03 3174 1130.336 97.34 9.423
2026-06-04 3208 1102.804 -27.532 -2.436
2026-06-05 3317 1031.002 -71.802 -6.511
2026-06-06 3318 1029.187 -1.815 -0.176
2026-06-07 3318 1029.187 0 0
2026-06-08  986.413 -42.774 -4.156
2026-06-10  954.551 -31.862 -3.23
2026-06-19 3354 1006.89 52.339 5.483
2026-06-20 3354 1006.89 0 0
2026-06-21 3354 1006.89 0 0
2026-06-23  981.033 -25.857 -2.568
2026-08-28  999.723 18.69 1.905
2026-08-29 3401 1002.016 2.293 0.229
2026-08-30 3401 1002.016 0 0
2026-08-31  968.13 -33.886 -3.382
2026-09-01 3380 1011.139 0 0
2026-09-03 3408 981.132 0 0
