2026-02-20 1386 2950.626 0 0
2026-02-21 1388 2951.05 0.424 0.014
2026-02-22 1388 2951.05 0 0
2026-02-23 1417 2913.498 -37.552 -1.272
2026-02-24 1396 2951.601 38.103 1.308
2026-02-25 1423 2919.775 -31.826 -1.078
2026-02-26 719 5742.363 2822.588 96.671
2026-02-27 708 5789.564 47.201 0.822
2026-02-28 714 5789.754 0.19 0.003
2026-03-01 716 5789.754 0 0
2026-03-02 716 5798.928 9.174 0.158
2026-03-03 713 5796.597 -2.331 -0.04
2026-03-04 712 5777.283 -19.314 -0.333
2026-03-05 714 5829.312 52.029 0.901
2026-03-06 713 5846.048 16.736 0.287
2026-03-07 713 5845.744 -0.304 -0.005
2026-03-08 713 5845.744 0 0
2026-03-09 711 5829.735 -16.009 -0.274
2026-03-10 715 5795.062 -34.673 -0.595
2026-03-11 711 5795.785 0.723 0.012
2026-03-12 705 5792.455 -3.33 -0.057
2026-03-13 697 5806.966 14.511 0.251
2026-03-14 698 5806.023 -0.943 -0.016
2026-03-15 698 5806.023 0 0
2026-03-16 694 5861.681 55.658 0.959
2026-03-17 695 5872.885 11.204 0.191
2026-03-18 698 5850.454 -22.431 -0.382
2026-03-19 684 5848.05 -2.404 -0.041
2026-03-20 681 5832.179 -15.871 -0.271
2026-03-21 680 5831.806 -0.373 -0.006
2026-03-22 680 5831.806 0 0
2026-03-23 677 5872.766 40.96 0.702
2026-03-24 683 5839.574 -33.192 -0.565
2026-03-25 687 5815.071 -24.503 -0.42
2026-03-27 686 5767.707 -48.025 -0.826
2026-03-28 680 5767.913 0.206 0.004
2026-03-29 681 5767.913 0 0
2026-03-30 673 5833.998 66.085 1.146
2026-03-31 671 5842.82 8.822 0.151
2026-04-01 676 5878.669 35.849 0.614
2026-04-02 675 5920.626 41.957 0.714
2026-04-03 673 5920.394 -0.232 -0.004
2026-04-04 673 5920.394 0 0
2026-04-05 673 5920.394 0 0
2026-04-06 674 5937.817 17.423 0.294
2026-04-07 675 5918.889 -18.928 -0.319
2026-04-08 687 5953.909 35.02 0.592
2026-04-09 694 5941.016 -12.893 -0.217
2026-04-10 696 5930.106 -10.91 -0.184
2026-04-11 695 5931.112 1.006 0.017
2026-04-12 695 5931.112 0 0
2026-04-13 691 5962.968 31.856 0.537
2026-04-14 691 5996.156 33.188 0.557
2026-04-15 695 5999.353 3.197 0.053
2026-04-16 700 5966.376 -32.977 -0.55
2026-04-17 700 5981.068 14.692 0.246
2026-04-18 703 5981.649 0.581 0.01
2026-04-19 703 5981.649 0 0
2026-04-20 701 5999.164 17.515 0.293
2026-04-21 704 5992.812 -6.352 -0.106
2026-04-22 699 5999.727 6.915 0.115
2026-04-23 677 6062.421 62.694 1.045
2026-04-24 676 6052.422 -9.999 -0.165
2026-04-25 675 6051.526 -0.896 -0.015
2026-04-26 675 6051.526 0 0
2026-04-27 686 5993.82 -57.706 -0.954
2026-04-28 692 5974.94 -18.88 -0.315
2026-04-29 688 5984.586 9.646 0.161
2026-04-30 677 6043.716 59.13 0.988
2026-05-01 681 6025.819 -17.897 -0.296
2026-05-02 681 6026.294 0.475 0.008
2026-05-04 680 6026.479 0.185 0.003
2026-05-05 675 6072.049 45.57 0.756
2026-05-06 700 5946.512 -125.537 -2.067
2026-05-07 699 5992.569 46.057 0.775
2026-05-08 692 6010.109 17.54 0.293
2026-05-09 692 6010.368 0.259 0.004
2026-05-10 692 6010.368 0 0
2026-05-11 702 5965.094 -45.274 -0.753
2026-05-12 701 5967.64 2.546 0.043
2026-05-13 711 5909.762 -57.878 -0.97
2026-05-14 709 5910.585 0.823 0.014
2026-05-15 705 5891.428 -19.157 -0.324
2026-05-16 702 5890.419 -1.009 -0.017
2026-05-17 702 5890.419 0 0
2026-05-18 703 5885.403 -5.016 -0.085
2026-05-19 704 5887.088 1.685 0.029
2026-05-20 703 5910.544 23.456 0.398
2026-05-21 704 5910.975 0.431 0.007
2026-05-22 706 5876.52 -34.455 -0.583
2026-05-23 709 5876.349 -0.171 -0.003
2026-05-24 709 5876.349 0 0
2026-05-26 707 5876.335 -0.014 0
2026-05-27 711 5854.708 -21.627 -0.368
2026-05-28 711 5843.173 -11.535 -0.197
2026-05-29 708 5853.666 10.493 0.18
2026-05-31 709 5853.61 -0.056 -0.001
2026-06-01 715 5799.249 -54.361 -0.929
2026-06-02 720 5766.125 -33.124 -0.571
2026-06-03 715 5795.851 29.726 0.516
2026-06-04 717 5769.555 -26.296 -0.454
2026-06-05 709 5792.609 23.054 0.4
2026-06-06 707 5791.981 -0.628 -0.011
2026-06-07 707 5791.981 0 0
2026-06-08 711 5759.017 -32.964 -0.569
2026-06-09 713 5791.116 32.099 0.557
2026-06-10 712 5806.158 15.042 0.26
2026-06-11 712 5829.49 23.332 0.402
2026-06-12 710 5855.733 26.243 0.45
2026-06-13 713 5856.435 0.702 0.012
2026-06-15 712 5881.08 24.645 0.421
2026-06-16 710 5899.71 18.63 0.317
2026-06-17 718 5838.224 -61.486 -1.042
2026-06-18 722 5816.055 -22.169 -0.38
2026-06-19 720 5815.645 -0.41 -0.007
2026-06-20 720 5815.645 0 0
2026-06-21 720 5815.645 0 0
2026-06-23 708 5770.912 -44.733 -0.769
2026-06-24 711 5801.602 30.69 0.532
2026-06-25 707 5816.229 14.627 0.252
2026-06-26 704 5848.813 32.584 0.56
2026-06-27 703 5849.044 0.231 0.004
2026-06-28 703 5849.044 0 0
2026-06-29 715 5817.436 -31.608 -0.54
2026-06-30 712 5795.11 -22.326 -0.384
2026-07-01 725 5764.899 -30.211 -0.521
2026-07-02 716 5858.229 93.33 1.619
2026-07-03 708 5857.814 -0.415 -0.007
2026-07-04 708 5857.814 0 0
2026-07-05 708 5857.814 0 0
2026-07-06 720 5813.813 -44.001 -0.751
2026-07-07 709 5832.942 19.129 0.329
2026-07-08 704 5846.705 13.763 0.236
2026-07-09 705 5856.987 10.282 0.176
2026-07-10 703 5871.738 14.751 0.252
2026-07-11 703 5871.837 0.099 0.002
2026-07-12 703 5871.837 0 0
2026-07-13 701 5876.754 4.917 0.084
2026-07-14 704 5850.321 -26.433 -0.45
2026-07-15 708 5833.814 -16.507 -0.282
2026-07-16 698 5915.16 81.346 1.394
2026-07-17 698 5856.275 -58.885 -0.995
2026-07-18 698 5856.155 -0.12 -0.002
2026-07-19 698 5856.155 0 0
2026-07-20 702 5827.172 -28.983 -0.495
2026-07-21 709 5823.612 -3.56 -0.061
2026-07-22 709 5808.854 -14.758 -0.253
2026-07-23 707 5785.734 -23.12 -0.398
2026-07-24 704 5785.426 -0.308 -0.005
2026-07-25 704 5785.567 0.141 0.002
2026-07-26 704 5785.567 0 0
2026-07-27 697 5842.101 56.534 0.977
2026-07-28 697 5856.834 14.733 0.252
2026-07-29 695 5872.356 15.522 0.265
2026-07-30 697 5843.323 -29.033 -0.494
2026-07-31 700 5834.996 -8.327 -0.143
2026-08-01 698 5834.899 -0.097 -0.002
2026-08-02 698 5834.899 0 0
2026-08-03 709 5806.406 -28.493 -0.488
2026-08-04 713 5833.065 26.659 0.459
2026-08-05 713 5849.881 16.816 0.288
2026-08-06 717 5804.708 -45.173 -0.772
2026-08-07 718 5831.733 27.025 0.466
2026-08-08 717 5831.811 0.078 0.001
2026-08-09 717 5831.811 0 0
2026-08-10 718 5800.289 -31.522 -0.541
2026-08-11 718 5807.909 7.62 0.131
2026-08-12 704 5852.738 44.829 0.772
2026-08-13 703 5898.952 46.214 0.79
2026-08-15 697 5928.335 29.383 0.498
2026-08-16 697 5928.335 0 0
2026-08-17 698 5915.697 -12.638 -0.213
2026-08-18 700 5898.589 -17.108 -0.289
2026-08-19 693 5915.586 16.997 0.288
2026-08-20 685 5985.179 69.593 1.176
2026-08-21 682 6023.361 38.182 0.638
2026-08-23 683 6023.542 0.181 0.003
2026-08-24 674 6044.913 21.371 0.355
2026-08-25 674 6047.28 2.367 0.039
2026-08-26 689 5982.464 -64.816 -1.072
2026-08-27 696 5947.204 -35.26 -0.589
2026-08-28 695 5953.562 6.358 0.107
2026-08-29 695 5953.219 -0.343 -0.006
2026-08-30 695 5953.219 0 0
2026-08-31 696 5942.644 -10.575 -0.178
2026-09-01 695 5942.644 0 0
