2026-03-10 2337 1744.725 0 0
2026-03-11 2331 1752.853 8.128 0.466
2026-03-12 2327 1740.689 -12.164 -0.694
2026-03-13 2324 1734.071 -6.618 -0.38
2026-03-14 2338 1722.362 -11.709 -0.675
2026-03-15 2338 1722.362 0 0
2026-03-16 2339 1722.362 0 0
2026-03-17 2330 1728.494 6.132 0.356
2026-03-18 2333 1728.494 0 0
2026-03-19 2319 1732.673 4.179 0.242
2026-03-20 2305 1732.873 0.2 0.012
2026-03-21 2301 1737.474 4.601 0.266
2026-03-22 2301 1737.474 0 0
2026-03-23 2290 1737.474 0 0
2026-03-24 2290 1743.715 6.241 0.359
2026-03-25 2299 1742.503 -1.212 -0.07
2026-03-27 2287 1742.503 0 0
2026-03-28 2293 1733.871 -8.632 -0.495
2026-03-29 2292 1733.871 0 0
2026-03-30 2294 1733.871 0 0
2026-03-31 2304 1725.522 -8.349 -0.482
2026-04-01 2308 1734.071 8.549 0.495
2026-04-02 2300 1749.39 15.319 0.883
2026-04-03 2305 1738.478 -10.912 -0.624
2026-04-04 2305 1738.478 0 0
2026-04-05 2305 1738.478 0 0
2026-04-06 2308 1738.478 0 0
2026-04-07 2310 1737.073 -1.405 -0.081
2026-04-08 2333 1737.073 0 0
2026-04-09 2315 1760.028 22.955 1.321
2026-04-10 2321 1758.588 -1.44 -0.082
2026-04-11 2312 1765.189 6.601 0.375
2026-04-12 2312 1765.189 0 0
2026-04-13 2316 1765.189 0 0
2026-04-14 2324 1762.501 -2.688 -0.152
2026-04-15 2324 1777.279 14.778 0.838
2026-04-16 2324 1775.602 -1.677 -0.094
2026-04-17 2343 1771.63 -3.972 -0.224
2026-04-18 2340 1777.909 6.279 0.354
2026-04-19 2340 1777.909 0 0
2026-04-20 2338 1777.909 0 0
2026-04-21 2336 1771.63 -6.279 -0.353
2026-04-22 2342 1768.715 -2.915 -0.165
2026-04-23 2333 1763.534 -5.181 -0.293
2026-04-24 2335 1762.501 -1.033 -0.059
2026-04-25 2335 1761.676 -0.825 -0.047
2026-04-26 2335 1761.676 0 0
2026-04-27 2341 1761.676 0 0
2026-04-28 2327 1766.225 4.549 0.258
2026-04-29 2333 1761.058 -5.167 -0.293
2026-04-30 2330 1760.852 -0.206 -0.012
2026-05-01 2324 1765.396 4.544 0.258
2026-05-02 2324 1771.005 5.609 0.318
2026-05-04 2331 1771.005 0 0
<<<<<<< HEAD
2026-05-05 2352 1762.089 -8.916 -0.503
2026-05-06 2354 1762.089 0 0
2026-05-07 2350 1769.339 7.25 0.411
2026-05-08 2351 1772.465 3.126 0.177
2026-05-09 2350 1772.048 -0.417 -0.024
2026-05-10 2351 1772.048 0 0
2026-05-11 2346 1772.048 0 0
2026-05-12 2330 1772.883 0.835 0.047
2026-05-13 2337 1766.225 -6.658 -0.376
2026-05-14 2349 1762.089 -4.136 -0.234
2026-05-15 2344 1757.767 -4.322 -0.245
2026-05-16 2348 1750.407 -7.36 -0.419
2026-05-17 2348 1750.407 0 0
2026-05-18 2343 1750.407 0 0
2026-05-19 2348 1752.037 1.63 0.093
2026-05-20 2356 1745.332 -6.705 -0.383
2026-05-21 2353 1748.78 3.448 0.198
2026-05-22 2359 1748.78 0 0
2026-05-23 2362 1745.535 -3.245 -0.186
2026-05-24 2362 1745.535 0 0
2026-05-26 2366 1745.535 0 0
2026-05-27 2357 1749.39 3.855 0.221
2026-05-28 2353 1749.797 0.407 0.023
2026-05-29 2350 1752.853 3.056 0.175
2026-05-31 2349 1756.331 3.478 0.198
2026-06-01 2341 1756.331 0 0
2026-06-02 2352 1748.374 -7.957 -0.453
2026-06-03 2339 1752.445 4.071 0.233
2026-06-04 2350 1747.562 -4.883 -0.279
2026-06-05 2337 1750.407 2.845 0.163
2026-06-06 2340 1739.683 -10.724 -0.613
2026-06-07 2340 1739.683 0 0
2026-06-08 2328 1739.683 0 0
2026-06-09 2340 1737.073 -2.61 -0.15
2026-06-10 2339 1740.086 3.013 0.173
2026-06-11 2340 1738.678 -1.408 -0.081
2026-06-12 2350 1733.472 -5.206 -0.299
2026-06-13 2348 1741.898 8.426 0.486
2026-06-15 2367 1741.898 0 0
2026-06-16 2361 1746.953 5.055 0.29
2026-06-17 2357 1746.953 0 0
2026-06-18 2353 1744.119 -2.834 -0.162
2026-06-19 2359 1728.693 -15.426 -0.884
2026-06-20 2359 1728.693 0 0
2026-06-21 2359 1728.693 0 0
2026-06-23 2359 1722.559 -6.134 -0.355
2026-06-24 2363 1713.147 -9.412 -0.546
2026-06-25 2368 1706.736 -6.411 -0.374
2026-06-26 2366 1712.173 5.437 0.319
2026-06-27 2364 1714.904 2.731 0.16
2026-06-28 2364 1714.904 0 0
2026-06-29 2369 1714.904 0 0
2026-06-30 2374 1719.018 4.114 0.24
2026-07-01 2380 1720.59 1.572 0.091
2026-07-02 2389 1714.709 -5.881 -0.342
2026-07-03 2392 1722.165 7.456 0.435
2026-07-04 2392 1722.165 0 0
2026-07-05 2392 1722.165 0 0
2026-07-06 2398 1722.165 0 0
2026-07-07 2388 1718.429 -3.736 -0.217
2026-07-08 2375 1720.787 2.358 0.137
2026-07-09 2383 1716.665 -4.122 -0.24
2026-07-10 2377 1720.59 3.925 0.229
2026-07-11 2378 1719.214 -1.376 -0.08
2026-07-12 2378 1719.214 0 0
2026-07-13 2369 1719.214 0 0
2026-07-14 2377 1716.469 -2.745 -0.16
2026-07-15 2378 1722.362 5.893 0.343
2026-07-16 2378 1721.18 -1.182 -0.069
2026-07-17 2352 1722.165 0.985 0.057
2026-07-18 2350 1721.771 -0.394 -0.023
2026-07-19 2349 1721.771 0 0
2026-07-20 2355 1721.771 0 0
2026-07-21 2367 1716.665 -5.106 -0.297
2026-07-22 2369 1716.469 -0.196 -0.011
2026-07-23 2370 1717.252 0.783 0.046
2026-07-24 2359 1711.394 -5.858 -0.341
2026-07-25 2360 1712.563 1.169 0.068
2026-07-26 2360 1712.563 0 0
2026-07-27 2374 1712.563 0 0
2026-07-28 2374 1711.394 -1.169 -0.068
2026-07-29 2373 1713.538 2.144 0.125
2026-07-30 2371 1712.952 -0.586 -0.034
2026-07-31 2368 1731.278 18.326 1.07
2026-08-01 2366 1731.676 0.398 0.023
2026-08-02 2366 1731.676 0 0
2026-08-03 2365 1731.676 0 0
2026-08-04 2374 1732.873 1.197 0.069
2026-08-05 2385 1734.271 1.398 0.081
2026-08-06 2382 1738.678 4.407 0.254
2026-08-07 2388 1736.071 -2.607 -0.15
2026-08-08 2387 1738.879 2.808 0.162
2026-08-09 2387 1738.879 0 0
2026-08-10 2388 1738.879 0 0
2026-08-11 2386 1738.879 0 0
2026-08-12 2390 1737.073 -1.806 -0.104
2026-08-13 2386 1737.073 0 0
=======
2026-05-05 2331 1771.005 0 0
2026-05-06 2349 1762.089 0 0
2026-05-07 2352 1762.089 0 0
2026-05-08 2344 1769.339 0 0
2026-05-09 2351 1772.465 0 0
2026-05-10 2350 1772.048 0 0
2026-05-11 2352 1772.048 0 0
2026-05-12 2341 1772.048 0 0
2026-05-13 2332 1772.883 0 0
2026-05-14 2336 1766.225 0 0
2026-05-15 2348 1762.089 0 0
2026-05-16 2344 1757.767 0 0
2026-05-17 2348 1750.407 0 0
2026-05-18 2343 1750.407 0 0
2026-05-19 2343 1750.407 0 0
2026-05-20 2344 1752.037 0 0
2026-05-21 2359 1745.332 0 0
2026-05-22 2359 1748.78 0 0
2026-05-23 2359 1748.78 0 0
2026-05-24 2362 1745.535 0 0
2026-05-25 2362 1745.535 0 0
2026-05-26 2373 1745.535 0 0
2026-05-27 2361 1745.535 0 0
2026-05-28 2350 1749.39 0 0
2026-05-29 2360 1749.797 0 0
2026-05-30 2350 1752.853 0 0
2026-05-31 2349 1756.331 0 0
2026-06-01 2351 1756.331 0 0
2026-06-02 2342 1756.331 0 0
2026-06-03 2356 1748.374 0 0
2026-06-04 2335 1752.445 0 0
2026-06-05 2353 1747.562 0 0
2026-06-06 2337 1750.407 0 0
2026-06-07 2340 1739.683 0 0
2026-06-09 2335 1739.683 0 0
2026-06-10 2337 1737.073 0 0
2026-06-11 2335 1740.086 0 0
2026-06-12 2348 1738.678 0 0
2026-06-13 2350 1733.472 0 0
2026-06-14 2348 1741.898 0 0
2026-06-16 2367 1741.898 0 0
2026-06-17 2364 1746.953 0 0
2026-06-18 2356 1746.953 0 0
2026-06-19 2353 1744.119 0 0
2026-06-20 2359 1728.693 0 0
2026-06-21 2359 1728.693 0 0
2026-06-22 2356 1728.693 0 0
2026-06-23 2360 1728.693 0 0
2026-06-24 2354 1722.559 0 0
2026-06-25 2364 1713.147 0 0
2026-06-26 2364 1706.736 0 0
2026-06-27 2366 1712.173 0 0
2026-06-28 2364 1714.904 0 0
2026-06-29 2361 1714.904 0 0
2026-06-30 2371 1714.904 0 0
2026-07-01 2380 1719.018 0 0
2026-07-02 2379 1720.59 0 0
2026-07-03 2394 1714.709 0 0
2026-07-04 2392 1722.165 0 0
2026-07-05 2392 1722.165 0 0
2026-07-06 2397 1722.165 0 0
2026-07-07 2391 1722.165 0 0
2026-07-08 2383 1718.429 0 0
2026-07-09 2370 1720.787 0 0
2026-07-10 2386 1716.665 0 0
2026-07-11 2377 1720.59 0 0
2026-07-12 2378 1719.214 0 0
2026-07-13 2369 1719.214 0 0
2026-07-14 2367 1719.214 0 0
2026-07-15 2381 1716.469 0 0
2026-07-16 2381 1722.362 0 0
2026-07-17 2365 1721.18 0 0
2026-07-18 2352 1722.165 0 0
2026-07-19 2350 1721.771 0 0
2026-07-20 2354 1721.771 0 0
2026-07-21 2358 1721.771 0 0
2026-07-22 2369 1716.665 0 0
2026-07-23 2368 1716.469 0 0
2026-07-24 2364 1717.252 0 0
2026-07-25 2359 1711.394 0 0
2026-07-26 2360 1712.563 0 0
2026-07-27 2363 1712.563 0 0
2026-07-28 2370 1712.563 0 0
2026-07-29 2373 1711.394 0 0
2026-07-30 2374 1713.538 0 0
2026-07-31 2380 1712.952 0 0
2026-08-01 2368 1731.278 0 0
2026-08-02 2366 1731.676 0 0
2026-08-03 2370 1731.676 0 0
2026-08-04 2367 1731.676 0 0
2026-08-05 2377 1732.873 0 0
2026-08-06 2383 1734.271 0 0
2026-08-07 2384 1738.678 0 0
2026-08-08 2388 1736.071 0 0
2026-08-09 2387 1738.879 0 0
2026-08-10 2390 1738.879 0 0
2026-08-11 2386 1738.879 0 0
2026-08-12 2387 1738.879 0 0
2026-08-13 2391 1737.073 0 0
2026-08-14 2390 1737.073 0 0
>>>>>>> 2b550085baac25c543016ca743053a87bf115d5d
2026-08-15 2395 1737.474 0 0
2026-08-16 2394 1742.907 0 0
2026-08-17 2392 1742.907 0 0
2026-08-18 2396 1742.907 0 0
2026-08-19 2399 1743.917 0 0
2026-08-20 2380 1743.109 0 0
2026-08-21 2373 1755.307 0 0
2026-08-22 2373 1758.383 0 0
2026-08-24 2374 1756.741 0 0
2026-08-25 2373 1756.741 0 0
2026-08-26 2376 1755.716 0 0
2026-08-27 2382 1756.331 0 0
2026-08-28 2392 1752.649 0 0
2026-08-29 2387 1752.649 0 0
2026-08-30 2397 1748.983 0 0
