2025-12-07 2907 1162.957 0 0
2025-12-08 2912 1158.627 -4.33 -0.372
2025-12-09 2930 1143.477 -15.15 -1.308
2025-12-10 2944 1136.203 -7.274 -0.636
2025-12-11 2913 1157.297 21.094 1.857
2025-12-12 2923 1151.512 -5.785 -0.5
2025-12-13 2923 1150.716 -0.796 -0.069
2025-12-14 2923 1150.716 0 0
2025-12-15 2907 1160.412 9.696 0.843
2025-12-16 2942 1130.958 -29.454 -2.538
2025-12-17 2946 1126.503 -4.455 -0.394
2025-12-18 2954 1123.983 -2.52 -0.224
2025-12-19 2892 1174.341 50.358 4.48
2025-12-20 2872 1186.468 12.127 1.033
2025-12-21 2876 1186.468 0 0
2025-12-22 2933 1155.573 -30.895 -2.604
2025-12-23 2830 1222.536 66.963 5.795
2025-12-24 2776 1254.147 31.611 2.586
2025-12-25 2780 1252.524 -1.623 -0.129
2025-12-26 2725 1299.9 47.376 3.782
2025-12-27 2725 1298.888 -1.012 -0.078
2025-12-28 2725 1298.888 0 0
2025-12-29 2691 1324.184 25.296 1.948
2025-12-30 2701 1313.989 -10.195 -0.77
2025-12-31 2662 1343.168 29.179 2.221
2026-01-01 2676 1333.181 -9.987 -0.744
2026-01-02 2670 1339.322 6.141 0.461
2026-01-03 2682 1334.58 -4.742 -0.354
2026-01-05 2690 1331.34 -3.24 -0.243
2026-01-06 2711 1320.7 -10.64 -0.799
2026-01-07 2704 1322.708 2.008 0.152
2026-01-08 2751 1286.282 -36.426 -2.754
2026-01-09 2794 1259.574 -26.708 -2.076
2026-01-10 2798 1257.654 -1.92 -0.152
2026-01-11 2798 1257.654 0 0
2026-01-12 2755 1290.425 32.771 2.606
2026-01-13 2782 1267.07 -23.355 -1.81
2026-01-14 2811 1247 -20.07 -1.584
2026-01-15 2823 1245.774 -1.226 -0.098
2026-01-16 2837 1229.592 -16.182 -1.299
2026-01-17 2856 1221.744 -7.848 -0.638
2026-01-18 2855 1221.744 0 0
2026-01-19 2912 1190.301 -31.443 -2.574
2026-01-20 2961 1159.572 -30.729 -2.582
2026-01-21 2927 1180.037 20.465 1.765
2026-01-22 2950 1171.062 -8.975 -0.761
2026-01-23 3011 1135.259 -35.803 -3.057
2026-01-24 3015 1131.177 -4.082 -0.36
2026-01-25 3015 1131.177 0 0
2026-01-26 3008 1131.177 0 0
2026-01-27 3023 1122.349 -8.828 -0.78
2026-01-28 3016 1134.674 12.325 1.098
2026-01-29 3003 1139.877 5.203 0.459
2026-01-30 2896 1210.515 70.638 6.197
2026-01-31 2894 1210.145 -0.37 -0.031
2026-02-01 2936 1180.141 -30.004 -2.479
2026-02-02 2911 1190.378 10.237 0.867
2026-02-03 2767 1284.482 94.104 7.905
2026-02-04 2703 1331.507 47.025 3.661
2026-02-05 2704 1326.519 -4.988 -0.375
2026-02-06 2758 1296.101 -30.418 -2.293
2026-02-07 2766 1291.545 -4.556 -0.352
2026-02-08 2767 1291.545 0 0
2026-02-09 2718 1327.717 36.172 2.801
2026-02-10 2768 1303.662 -24.055 -1.812
2026-02-11 2673 1377.395 73.733 5.656
2026-02-12 2702 1350.74 -26.655 -1.935
2026-02-13 2707 1339.86 -10.88 -0.805
2026-02-14 2706 1339.529 -0.331 -0.025
2026-02-15 2705 1339.529 0 0
2026-02-16 2732 1325.916 -13.613 -1.016
2026-02-17 2701 1348.127 22.211 1.675
2026-02-18 2721 1329.59 -18.537 -1.375
2026-02-19 2742 1317.508 -12.082 -0.909
2026-02-20 2743 1310.346 -7.162 -0.544
2026-02-21 2756 1305.846 -4.5 -0.343
2026-02-22 2757 1305.846 0 0
2026-02-23 2737 1319.763 13.917 1.066
2026-02-24 2756 1311.623 -8.14 -0.617
2026-02-25 2748 1322.432 10.809 0.824
2026-02-26 2738 1326.34 3.908 0.296
2026-02-27 2732 1344.075 17.735 1.337
2026-02-28 2731 1343.162 -0.913 -0.068
2026-03-01 2730 1343.162 0 0
2026-03-02 2725 1341.378 -1.784 -0.133
2026-03-03 2706 1334.008 -7.37 -0.549
2026-03-04 2732 1303.127 -30.881 -2.315
2026-03-05 2711 1323.623 20.496 1.573
2026-03-06 2616 1398.664 75.041 5.669
2026-03-07 2621 1396.321 -2.343 -0.168
2026-03-08 2621 1396.321 0 0
2026-03-09 2652 1371.192 -25.129 -1.8
2026-03-10 2791 1366.318 -4.874 -0.355
2026-03-11 2810 1359.854 -6.464 -0.473
2026-03-12 2838 1330.108 -29.746 -2.187
2026-03-13 2960 1246.28 -83.828 -6.302
2026-03-14 2959 1242.658 -3.622 -0.291
2026-03-15 2959 1242.658 0 0
2026-03-16 2981 1228.961 -13.697 -1.102
2026-03-17 2964 1243.731 14.77 1.202
2026-03-18 2887 1293.265 49.534 3.983
2026-03-19 2948 1245.468 -47.797 -3.696
2026-03-20 2799 1328.889 83.421 6.698
2026-03-21 2827 1313.523 -15.366 -1.156
2026-03-22 2827 1313.523 0 0
2026-03-23 2874 1272.641 -40.882 -3.112
2026-03-24 2765 1340.692 68.051 5.347
2026-03-25 2774 1349.873 9.181 0.685
2026-03-27 2813 1315.281 -34.592 -2.563
2026-03-28 2824 1302.327 -12.954 -0.985
2026-03-29 2824 1302.327 0 0
2026-03-30 2871 1276.296 -26.031 -1.999
2026-03-31 2875 1275.657 -0.639 -0.05
2026-04-01 2863 1298.594 22.937 1.798
2026-04-02 2828 1309.549 10.955 0.844
2026-04-03 2782 1334.038 24.489 1.87
2026-04-04 2782 1334.038 0 0
2026-04-05 2782 1334.038 0 0
2026-04-06 2778 1339.618 5.58 0.418
2026-04-07 2787 1329.503 -10.115 -0.755
2026-04-08 2782 1355.672 26.169 1.968
2026-04-09 2699 1420.573 64.901 4.787
2026-04-10 2672 1447.672 27.099 1.908
2026-04-11 2678 1446.657 -1.015 -0.07
2026-04-12 2678 1446.657 0 0
2026-04-13 2693 1434.752 -11.905 -0.823
2026-04-14 2709 1424.65 -10.102 -0.704
2026-04-15 2700 1445.164 20.514 1.44
2026-04-16 2693 1455.268 10.104 0.699
2026-04-17 2658 1490.168 34.9 2.398
2026-04-18 2654 1494.658 4.49 0.301
2026-04-19 2654 1494.658 0 0
2026-04-20 2584 1556.509 61.851 4.138
2026-04-21 2612 1530.646 -25.863 -1.662
2026-04-22 2591 1544.853 14.207 0.928
2026-04-23 2619 1510.041 -34.812 -2.253
2026-04-24 2675 1469.608 -40.433 -2.678
2026-04-25 2670 1467.425 -2.183 -0.149
2026-04-26 2670 1467.425 0 0
2026-04-27 2644 1496.365 28.94 1.972
2026-04-28 2648 1487.655 -8.71 -0.582
2026-04-29 2675 1468.932 -18.723 -1.259
2026-04-30 2682 1459.757 -9.175 -0.625
2026-05-01 2687 1458.836 -0.921 -0.063
2026-05-02 2688 1458.836 0 0
2026-05-04 2691 1461.572 2.736 0.188
2026-05-05 2637 1505.684 44.112 3.018
2026-05-06 2628 1520.367 14.683 0.975
2026-05-07 2579 1566.053 45.686 3.005
2026-05-08 2625 1533.858 -32.195 -2.056
2026-05-09 2632 1530.103 -3.755 -0.245
2026-05-10 2632 1530.103 0 0
2026-05-11 2666 1503.64 -26.463 -1.729
2026-05-12 2792 1400.268 -103.372 -6.875
2026-05-13 2746 1435.554 35.286 2.52
2026-05-14 2747 1425.079 -10.475 -0.73
2026-05-15 2732 1423.132 -1.947 -0.137
2026-05-16 2734 1420.221 -2.911 -0.205
2026-05-17 2734 1420.221 0 0
2026-05-18 2769 1397.551 -22.67 -1.596
2026-05-19 2732 1414.754 17.203 1.231
2026-05-20 2733 1413.926 -0.828 -0.059
2026-05-21 2740 1409.546 -4.38 -0.31
2026-05-22 2698 1452.805 43.259 3.069
2026-05-23 2678 1469.633 16.828 1.158
2026-05-24 2678 1469.633 0 0
2026-05-26 2678 1477.435 7.802 0.531
2026-05-27 2663 1482.687 5.252 0.355
2026-05-28 2664 1482.591 -0.096 -0.006
2026-05-29 2667 1472.072 -10.519 -0.71
2026-05-31 2661 1482.803 10.731 0.729
2026-06-01 2673 1471.524 -11.279 -0.761
2026-06-02 2654 1492.392 20.868 1.418
2026-06-03 2644 1498.408 6.016 0.403
2026-06-04 2670 1466.638 -31.77 -2.12
2026-06-05 2665 1466.148 -0.49 -0.033
2026-06-06 2654 1479.352 13.204 0.901
2026-06-07 2654 1479.352 0 0
2026-06-08 2642 1479.352 0 0
2026-06-09 2484 1594.275 114.923 7.768
2026-06-10 2542 1550.474 -43.801 -2.747
2026-06-11 2607 1502.76 -47.714 -3.077
2026-06-12 2557 1549.064 46.304 3.081
2026-06-13 2548 1559.61 10.546 0.681
2026-06-15 2480 1627.889 68.279 4.378
2026-06-16 2474 1629.814 1.925 0.118
2026-06-17 2464 1642.186 12.372 0.759
2026-06-18 2461 1644.727 2.541 0.155
2026-06-19 2441 1656.796 12.069 0.734
2026-06-20 2442 1656.796 0 0
2026-06-21 2442 1656.796 0 0
2026-06-23 2428 1662.675 5.879 0.355
2026-06-24 2410 1680.438 17.763 1.068
2026-06-25 2397 1685.102 4.664 0.278
2026-06-26 2397 1689.775 4.673 0.277
2026-06-27 2396 1689.775 0 0
2026-06-28 2396 1689.775 0 0
2026-06-29 2440 1657.44 -32.335 -1.914
2026-06-30 2464 1635.387 -22.053 -1.331
2026-07-01 2484 1629.133 -6.254 -0.382
2026-07-02 2487 1624.474 -4.659 -0.286
2026-07-03 2554 1573.032 -51.442 -3.167
2026-07-04 2554 1573.032 0 0
2026-07-05 2554 1573.032 0 0
2026-07-06 2622 1511.421 -61.611 -3.917
2026-07-07 2556 1569.545 58.124 3.846
2026-07-08 2576 1544.854 -24.691 -1.573
2026-07-09 2560 1556.962 12.108 0.784
2026-07-10 2540 1575.156 18.194 1.169
2026-07-11 2540 1576.168 1.012 0.064
2026-07-12 2540 1576.168 0 0
2026-07-13 2492 1614.658 38.49 2.442
2026-07-14 2529 1579.806 -34.852 -2.158
2026-07-15 2522 1588.476 8.67 0.549
2026-07-16 2549 1559.806 -28.67 -1.805
2026-07-17 2573 1531.707 -28.099 -1.801
2026-07-18 2573 1532.842 1.135 0.074
2026-07-19 2572 1532.842 0 0
2026-07-20 2500 1578.706 45.864 2.992
2026-07-21 2493 1596.488 17.782 1.126
2026-07-22 2519 1569.7 -26.788 -1.678
2026-07-23 2546 1543.703 -25.997 -1.656
2026-07-24 2547 1538.008 -5.695 -0.369
2026-07-25 2547 1538.088 0.08 0.005
2026-07-26 2547 1538.088 0 0
2026-07-27 2523 1566.333 28.245 1.836
2026-07-28 2541 1554.827 -11.506 -0.735
2026-07-29 2529 1562.691 7.864 0.506
2026-07-30 2499 1583.055 20.364 1.303
2026-07-31 2485 1608.372 25.317 1.599
2026-08-01 2484 1612.817 4.445 0.276
2026-08-02 2484 1612.817 0 0
2026-08-03 2463 1648.209 35.392 2.194
2026-08-04 2478 1638.617 -9.592 -0.582
2026-08-05 2481 1647.003 8.386 0.512
2026-08-06 2457 1671.601 24.598 1.494
2026-08-07 2433 1695.485 23.884 1.429
2026-08-08 2432 1695.752 0.267 0.016
2026-08-09 2432 1695.752 0 0
2026-08-10 2404 1725.763 30.011 1.77
2026-08-11 2391 1734.289 8.526 0.494
2026-08-12 2346 1781.073 46.784 2.698
2026-08-13 2389 1734.764 -46.309 -2.6
2026-08-15 2398 1740.113 5.349 0.308
2026-08-16 2397 1740.113 0 0
2026-08-17 2530 1608.778 -131.335 -7.547
2026-08-18 2526 1609.847 1.069 0.066
2026-08-19 2545 1583.555 -26.292 -1.633
2026-08-20 2544 1590.391 6.836 0.432
2026-08-21 2564 1574.887 -15.504 -0.975
2026-08-23 2566 1574.897 0.01 0.001
2026-08-24 2580 1557.934 -16.963 -1.077
2026-08-25 2606 1547.889 -10.045 -0.645
2026-08-26 2582 1566.154 18.265 1.18
2026-08-27 2590 1562.07 -4.084 -0.261
2026-08-28 2584 1566.083 4.013 0.257
2026-08-29 2582 1568.689 2.606 0.166
2026-08-30 2582 1568.689 0 0
2026-08-31 2560 1586.39 17.701 1.128
2026-09-01 2582 1570.05 0 0
2026-09-02 2567 1576.181 0 0
2026-09-03 2537 1604.663 0 0
2026-09-04 2526 1629.841 0 0
2026-09-05 2521 1630.559 0 0
