2026-01-28 1335 3100 0 0
2026-01-29 1332 3100 0 0
2026-01-30 1327 3100 0 0
2026-01-31 1328 3100 0 0
2026-02-01 1323 3100 0 0
2026-02-02 1324 3100 0 0
2026-02-03 1308 3152.026 52.026 1.678
2026-02-04 1328 3088.089 -63.937 -2.028
2026-02-05 1356 2986.438 -101.651 -3.292
2026-02-06 1382 2945.968 -40.47 -1.355
2026-02-07 1384 2945.708 -0.26 -0.009
2026-02-08 1384 2945.708 0 0
2026-02-09 1395 2934.959 -10.749 -0.365
2026-02-10 1364 3013.461 78.502 2.675
2026-02-11 1371 2998.315 -15.146 -0.503
2026-02-12 1366 3015.585 17.27 0.576
2026-02-13 1356 3045.053 29.468 0.977
2026-02-14 1353 3044.444 -0.609 -0.02
2026-02-15 1352 3044.444 0 0
2026-02-16 1361 3027.56 -16.884 -0.555
2026-02-17 1361 3027.56 0 0
2026-02-18 1361 3028.445 0.885 0.029
2026-02-19 1361 3028.791 0.346 0.011
2026-02-20 1348 3076.472 47.681 1.574
2026-02-21 1351 3075.886 -0.586 -0.019
2026-02-22 1351 3075.886 0 0
2026-02-23 1325 3135.764 59.878 1.947
2026-02-24 1340 3106.904 -28.86 -0.92
2026-02-25 1258 3357.098 250.194 8.053
2026-02-26 1235 3434.855 77.757 2.316
2026-02-27 1287 3274.148 -160.707 -4.679
2026-02-28 1290 3274.6 0.452 0.014
2026-03-01 1295 3274.6 0 0
2026-03-02 1337 3150.336 -124.264 -3.795
2026-03-03 1374 3018.083 -132.253 -4.198
2026-03-04 1339 3101.006 82.923 2.748
2026-03-05 1325 3156.655 55.649 1.795
2026-03-06 1337 3114.768 -41.887 -1.327
2026-03-07 1336 3113.35 -1.418 -0.046
2026-03-08 1336 3113.35 0 0
2026-03-09 1256 3318.918 205.568 6.603
2026-03-10 1274 3335.26 16.342 0.492
2026-03-11 1286 3295.273 -39.987 -1.199
2026-03-12 1304 3225.687 -69.586 -2.112
2026-03-13 1379 3033.178 -192.509 -5.968
2026-03-14 1375 3033.096 -0.082 -0.003
2026-03-15 1375 3033.096 0 0
2026-03-16 1294 3243.127 210.031 6.925
2026-03-17 1340 3113.369 -129.758 -4.001
2026-03-18 1329 3163.944 50.575 1.624
2026-03-19 1343 3098.624 -65.32 -2.065
2026-03-20 1343 3084.41 -14.214 -0.459
2026-03-21 1341 3084.702 0.292 0.009
2026-03-22 1341 3084.702 0 0
2026-03-23 1425 2877.879 -206.823 -6.705
2026-03-24 1354 3056.085 178.206 6.192
2026-03-25 1362 3061.802 5.717 0.187
2026-03-27 1394 2956.036 -105.766 -3.454
2026-03-28 1392 2954.544 -1.492 -0.05
2026-03-29 1392 2954.544 0 0
2026-03-30 1425 2870.279 -84.265 -2.852
2026-03-31 1492 2717.286 -152.993 -5.33
2026-04-01 1467 2795.513 78.227 2.879
2026-04-02 1395 2945.237 149.724 5.356
2026-04-03 1393 2945.105 -0.132 -0.004
2026-04-04 1393 2945.105 0 0
2026-04-05 1393 2945.105 0 0
2026-04-06 1396 2945.105 0 0
2026-04-07 1390 2945.254 0.149 0.005
2026-04-08 1309 3181.061 235.807 8.006
2026-04-09 1352 3110.088 -70.973 -2.231
2026-04-10 1352 3114.872 4.784 0.154
2026-04-11 1353 3115.804 0.932 0.03
2026-04-12 1353 3115.804 0 0
2026-04-13 1389 3031.534 -84.27 -2.705
2026-04-14 1387 3055.545 24.011 0.792
2026-04-15 1377 3084.9 29.355 0.961
2026-04-16 1372 3120.832 35.932 1.165
2026-04-17 1370 3136.699 15.867 0.508
2026-04-18 1370 3135.007 -1.692 -0.054
2026-04-19 1370 3135.007 0 0
2026-04-20 1400 3053.78 -81.227 -2.591
2026-04-21 1384 3099.346 45.566 1.492
2026-04-22 1386 3101.322 1.976 0.064
2026-04-23 1379 3103.189 1.867 0.06
2026-04-24 1376 3085.004 -18.185 -0.586
2026-04-25 1377 3084.298 -0.706 -0.023
2026-04-26 1377 3084.298 0 0
2026-04-27 1316 3217.56 133.262 4.321
2026-04-28 1375 3102.747 -114.813 -3.568
2026-04-29 1239 3444.953 342.206 11.029
2026-04-30 1272 3351.209 -93.744 -2.721
2026-05-01 1272 3352.568 1.359 0.041
2026-05-02 1275 3351.888 -0.68 -0.02
2026-05-04 1246 3445.311 93.423 2.787
2026-05-05 1283 3362.015 -83.296 -2.418
2026-05-06 1285 3357.419 -4.596 -0.137
2026-05-07 1208 3586.27 228.851 6.816
2026-05-08 1251 3467.254 -119.016 -3.319
2026-05-09 1251 3468.178 0.924 0.027
2026-05-10 1251 3468.178 0 0
2026-05-11 1302 3339.422 -128.756 -3.712
2026-05-12 1308 3299.673 -39.749 -1.19
2026-05-13 1276 3393.223 93.55 2.835
2026-05-14 1271 3399.949 6.726 0.198
2026-05-15 1270 3393.1 -6.849 -0.201
2026-05-16 1267 3394.077 0.977 0.029
2026-05-17 1267 3394.077 0 0
2026-05-18 1298 3297.525 -96.552 -2.845
2026-05-19 1309 3238.856 -58.669 -1.779
2026-05-20 1329 3199.718 -39.138 -1.208
2026-05-21 1330 3199.711 -0.007 0
2026-05-22 1362 3123.113 -76.598 -2.394
2026-05-23 1368 3122.277 -0.836 -0.027
2026-05-24 1368 3122.277 0 0
2026-05-26 1410 3013.538 -108.739 -3.483
2026-05-27 1541 2752.783 -260.755 -8.653
2026-05-28 1576 2672.555 -80.228 -2.914
2026-05-29 1643 2566.442 -106.113 -3.97
2026-05-31 1647 2565.73 -0.712 -0.028
2026-06-01 1523 2778.556 212.826 8.295
2026-06-02 1516 2787.718 9.162 0.33
2026-06-03 1563 2702.157 -85.561 -3.069
2026-06-04 1628 2576.467 -125.69 -4.651
2026-06-05 1651 2509.817 -66.65 -2.587
2026-06-06 1648 2509.866 0.049 0.002
2026-06-07 1646 2509.866 0 0
2026-06-08 1595 2586.446 76.58 3.051
2026-06-09 1577 2619.535 33.089 1.279
2026-06-10 1520 2729.624 110.089 4.203
2026-06-11 1419 2930.22 200.596 7.349
2026-06-12 1434 2899.67 -30.55 -1.043
2026-06-13 1437 2900.051 0.381 0.013
2026-06-15 1550 2713.221 -186.83 -6.442
2026-06-16 1542 2741.181 27.96 1.031
2026-06-17 1594 2628.207 -112.974 -4.121
2026-06-18 1645 2548.07 -80.137 -3.049
2026-06-19 1638 2547.281 -0.789 -0.031
2026-06-20 1638 2547.281 0 0
2026-06-21 1638 2547.281 0 0
2026-06-23 1676 2474.431 -72.85 -2.86
2026-06-24 1687 2455.877 -18.554 -0.75
2026-06-25 1734 2377.981 -77.896 -3.172
2026-06-26 1828 2250.817 -127.164 -5.348
2026-06-27 1832 2250.5 -0.317 -0.014
2026-06-28 1832 2250.5 0 0
2026-06-29 1767 2336.195 85.695 3.808
2026-06-30 1730 2404.715 68.52 2.933
2026-07-01 1724 2405.012 0.297 0.012
2026-07-02 1609 2584.994 179.982 7.484
2026-07-03 1511 2790.337 205.343 7.944
2026-07-04 1511 2790.337 0 0
2026-07-05 1511 2790.337 0 0
2026-07-06 1391 3050.444 260.107 9.322
2026-07-07 1449 2883.687 -166.757 -5.467
2026-07-08 1418 2938.872 55.185 1.914
2026-07-09 1479 2818.98 -119.892 -4.08
2026-07-10 1461 2839.867 20.887 0.741
2026-07-11 1462 2838.799 -1.068 -0.038
2026-07-12 1462 2838.799 0 0
2026-07-13 1422 2922.982 84.183 2.965
2026-07-14 1365 3105.939 182.957 6.259
2026-07-15 1302 3245.272 139.333 4.486
2026-07-16 1410 2967.805 -277.467 -8.55
2026-07-17 1416 2912.522 -55.283 -1.863
2026-07-18 1415 2912.161 -0.361 -0.012
2026-07-19 1415 2912.161 0 0
2026-07-20 1381 3011.646 99.485 3.416
2026-07-21 1413 2965.651 -45.995 -1.527
2026-07-22 1411 2960.759 -4.892 -0.165
2026-07-23 1523 2739.255 -221.504 -7.481
2026-07-24 1535 2670.087 -69.168 -2.525
2026-07-25 1536 2669.805 -0.282 -0.011
2026-07-26 1535 2669.805 0 0
2026-07-27 1558 2648.382 -21.423 -0.802
2026-07-28 1408 2946.722 298.34 11.265
2026-07-29 1391 2989.833 43.111 1.463
2026-07-30 1365 3053.569 63.736 2.132
2026-07-31 1398 2975.226 -78.343 -2.566
2026-08-01 1398 2976.083 0.857 0.029
2026-08-02 1398 2976.083 0 0
2026-08-03 1403 2969.962 -6.121 -0.206
2026-08-04 1447 2890.146 -79.816 -2.687
2026-08-05 1433 2935.609 45.463 1.573
2026-08-06 1478 2865.025 -70.584 -2.404
2026-08-07 1496 2841.75 -23.275 -0.812
2026-08-08 1496 2841.468 -0.282 -0.01
2026-08-09 1496 2841.468 0 0
2026-08-10 1449 2928.649 87.181 3.068
2026-08-11 1488 2859.822 -68.827 -2.35
2026-08-12 1451 2911.54 51.718 1.808
2026-08-13 1396 3041.267 129.727 4.456
2026-08-15 1386 3077.861 36.594 1.203
2026-08-16 1385 3077.861 0 0
2026-08-17 1350 3180.314 102.453 3.329
2026-08-18 1386 3092.536 -87.778 -2.76
2026-08-19 1409 3034.896 -57.64 -1.864
2026-08-20 1389 3082.056 47.16 1.554
2026-08-21 1362 3151.543 69.487 2.255
2026-08-23 1364 3152.672 1.129 0.036
2026-08-24 1342 3201.649 48.977 1.554
2026-08-25 1382 3092.889 -108.76 -3.397
2026-08-26 1353 3190.004 97.115 3.14
2026-08-27 1321 3274.249 84.245 2.641
2026-08-28 1274 3425.503 151.254 4.62
2026-08-29 1271 3425.285 -0.218 -0.006
2026-08-30 1271 3425.285 0 0
2026-08-31 1309 3298.242 -127.043 -3.709
2026-09-01 1333 3244.67 0 0
2026-09-02 1374 3114.805 0 0
