2026-03-10 3352 1009.445 0 0
2026-03-11 3353 1009.608 0.163 0.016
2026-03-12 3348 1009.467 -0.141 -0.014
2026-03-13 3342 1009.599 0.132 0.013
2026-03-14 3343 1009.819 0.22 0.022
2026-03-15 3343 1009.819 0 0
2026-03-16 3341 1009.723 -0.096 -0.01
2026-03-17 3336 1009.947 0.224 0.022
2026-03-18 3337 1009.947 0 0
2026-03-19 3327 1009.856 -0.091 -0.009
2026-03-20 3315 1009.532 -0.324 -0.032
2026-03-21 3320 1009.627 0.095 0.009
2026-03-22 3320 1009.627 0 0
2026-03-23 3299 1009.386 -0.241 -0.024
2026-03-24 3309 1009.699 0.313 0.031
2026-03-25 3318 1009.498 -0.201 -0.02
2026-03-27 3311 1009.498 0 0
2026-03-28 3322 1009.116 -0.382 -0.038
2026-03-29 3320 1009.116 0 0
2026-03-30 3313 1009.167 0.051 0.005
2026-03-31 3311 1009.156 -0.011 -0.001
2026-04-01 3319 1009.315 0.159 0.016
2026-04-02 3333 1009.363 0.048 0.005
2026-04-03 3323 1009.232 -0.131 -0.013
2026-04-04 3323 1009.219 -0.013 -0.001
2026-04-05 3323 1009.219 0 0
2026-04-06 3323 1009.266 0.047 0.005
2026-04-07 3319 1009.533 0.267 0.026
2026-04-08 3332 1009.533 0 0
2026-04-09 3347 1009.696 0.163 0.016
2026-04-10 3352 1009.786 0.09 0.009
2026-04-11 3358 1009.878 0.092 0.009
2026-04-12 3358 1009.878 0 0
2026-04-13 3357 1009.683 -0.195 -0.019
2026-04-14 3358 1009.887 0.204 0.02
2026-04-15 3369 1010.009 0.122 0.012
2026-04-16 3379 1010.114 0.105 0.01
2026-04-17 3384 1010.128 0.014 0.001
2026-04-18 3384 1010.357 0.229 0.023
2026-04-19 3384 1010.357 0 0
2026-04-20 3383 1010.098 -0.259 -0.026
2026-04-21 3380 1010.236 0.138 0.014
2026-04-22 3377 1010.093 -0.143 -0.014
2026-04-23 3366 1010.518 0.425 0.042
2026-04-24 3361 1010.391 -0.127 -0.013
2026-04-25 3367 1010.387 -0.004 0
2026-04-26 3367 1010.387 0 0
2026-04-27 3366 1010.445 0.058 0.006
2026-04-28 3366 1010.288 -0.157 -0.016
2026-04-29 3359 1010.235 -0.053 -0.005
2026-04-30 3354 1010.145 -0.09 -0.009
2026-05-01 3359 1010.253 0.108 0.011
2026-05-02 3363 1010.468 0.215 0.021
2026-05-04 3361 1010.508 0.04 0.004
2026-05-05 3358 1010.633 0.125 0.012
2026-05-06 3363 1010.633 0 0
2026-05-07 3379 1010.796 0.163 0.016
2026-05-08 3388 1010.655 -0.141 -0.014
2026-05-09 3387 1010.649 -0.006 -0.001
2026-05-10 3387 1010.649 0 0
2026-05-11 3384 1010.793 0.144 0.014
2026-05-12 3374 1010.857 0.064 0.006
2026-05-13 3375 1010.719 -0.138 -0.014
2026-05-14 3380 1010.589 -0.13 -0.013
2026-05-15 3364 1010.793 0.204 0.02
2026-05-16 3363 1010.541 -0.252 -0.025
2026-05-17 3363 1010.541 0 0
2026-05-18 3360 1010.461 -0.08 -0.008
2026-05-19 3360 1010.293 -0.168 -0.017
2026-05-20 3361 1010.29 -0.003 0
2026-05-21 3370 1010.374 0.084 0.008
2026-05-22 3370 1010.374 0 0
2026-05-23 3379 1010.175 -0.199 -0.02
2026-05-24 3379 1010.175 0 0
2026-05-26 3377 1010.362 0.187 0.019
2026-05-27 3373 1010.198 -0.164 -0.016
2026-05-28 3371 1010.085 -0.113 -0.011
2026-05-29 3366 1009.92 -0.165 -0.016
2026-05-31 3374 1009.946 0.026 0.003
2026-06-01 3366 1009.93 -0.016 -0.002
2026-06-02 3367 1009.721 -0.209 -0.021
2026-06-03 3359 1009.213 -0.508 -0.05
2026-06-04 3356 1009.097 -0.116 -0.011
2026-06-05 3347 1008.885 -0.212 -0.021
2026-06-06 3351 1008.439 -0.446 -0.044
2026-06-07 3351 1008.439 0 0
2026-06-08 3335 1008.611 0.172 0.017
2026-06-09 3332 1008.856 0.245 0.024
2026-06-10 3331 1008.678 -0.178 -0.018
2026-06-11 3331 1008.69 0.012 0.001
2026-06-12 3339 1008.876 0.186 0.018
2026-06-13 3350 1008.872 -0.004 0
2026-06-15 3347 1008.882 0.01 0.001
2026-06-16 3354 1009.201 0.319 0.032
2026-06-17 3350 1009.082 -0.119 -0.012
2026-06-18 3346 1008.928 -0.154 -0.015
2026-06-19 3346 1008.79 -0.138 -0.014
2026-06-20 3346 1008.798 0.008 0.001
2026-06-21 3346 1008.798 0 0
2026-06-23 3337 1008.95 0.152 0.015
2026-06-24 3331 1008.733 -0.217 -0.022
2026-06-25 3328 1008.446 -0.287 -0.028
2026-06-26 3330 1008.397 -0.049 -0.005
2026-06-27 3333 1008.462 0.065 0.006
2026-06-28 3333 1008.462 0 0
2026-06-29 3331 1008.41 -0.052 -0.005
2026-06-30 3336 1008.516 0.106 0.011
2026-07-01 3337 1008.335 -0.181 -0.018
2026-07-02 3342 1008.494 0.159 0.016
2026-07-03 3354 1008.645 0.151 0.015
2026-07-04 3354 1008.715 0.07 0.007
2026-07-05 3354 1008.715 0 0
2026-07-06 3345 1008.775 0.06 0.006
2026-07-07 3343 1008.891 0.116 0.011
2026-07-08 3335 1008.868 -0.023 -0.002
2026-07-09 3341 1008.719 -0.149 -0.015
2026-07-10 3349 1008.833 0.114 0.011
2026-07-11 3357 1008.894 0.061 0.006
2026-07-12 3357 1008.894 0 0
2026-07-13 3341 1008.925 0.031 0.003
2026-07-14 3345 1008.705 -0.22 -0.022
2026-07-15 3353 1008.965 0.26 0.026
2026-07-16 3353 1009.013 0.048 0.005
2026-07-17 3338 1008.929 -0.084 -0.008
2026-07-18 3336 1008.925 -0.004 0
2026-07-19 3335 1008.925 0 0
2026-07-20 3334 1008.952 0.027 0.003
2026-07-21 3331 1009.027 0.075 0.007
2026-07-22 3335 1009.175 0.148 0.015
2026-07-23 3335 1009.111 -0.064 -0.006
2026-07-24 3327 1008.988 -0.123 -0.012
2026-07-25 3329 1008.932 -0.056 -0.006
2026-07-26 3329 1008.932 0 0
2026-07-27 3334 1008.984 0.052 0.005
2026-07-28 3336 1009.011 0.027 0.003
2026-07-29 3334 1008.873 -0.138 -0.014
2026-07-30 3329 1008.895 0.022 0.002
2026-07-31 3335 1009 0.105 0.01
2026-08-01 3343 1008.796 -0.204 -0.02
2026-08-02 3343 1008.796 0 0
2026-08-03 3350 1008.838 0.042 0.004
2026-08-04 3360 1008.9 0.062 0.006
2026-08-05 3365 1008.948 0.048 0.005
2026-08-06 3367 1009.005 0.057 0.006
2026-08-07 3366 1008.952 -0.053 -0.005
2026-08-08 3372 1009.014 0.062 0.006
2026-08-09 3372 1009.014 0 0
2026-08-10 3367 1009.037 0.023 0.002
2026-08-11 3366 1009.037 0 0
2026-08-12 3374 1008.846 -0.191 -0.019
2026-08-13 3368 1008.836 -0.01 -0.001
2026-08-15 3373 1008.794 -0.042 -0.004
2026-08-16 3373 1008.794 0 0
2026-08-17 3372 1008.821 0.027 0.003
2026-08-18 3368 1008.949 0.128 0.013
2026-08-19 3362 1008.981 0.032 0.003
2026-08-20 3366 1009.381 0.4 0.04
2026-08-21 3373 1009.856 0.475 0.047
2026-08-23 3378 1010.33 0.474 0.047
2026-08-24 3378 1010.358 0.028 0.003
2026-08-25 3379 1010.513 0.155 0.015
2026-08-26 3383 1010.51 -0.003 0
2026-08-27 3384 1010.468 -0.042 -0.004
2026-08-28 3384 1010.692 0.224 0.022
2026-08-29 3385 1010.692 0 0
2026-08-30 3385 1010.692 0 0
2026-08-31 3379 1010.692 0 0
2026-09-01 3382 1010.692 0 0
2026-09-02 3377 1010.692 0 0
2026-09-03 3376 1010.692 0 0
2026-09-04 3377 1010.692 0 0
2026-09-05 3374 1010.692 0 0
