2026-06-29 3257 1058 0 0
2026-06-30 3263 1058 0 0
2026-07-01 3270 1058 0 0
2026-07-02 3272 1058 0 0
2026-07-03 3283 1058 0 0
2026-07-04 3283 1058 0 0
2026-07-05 3283 1058 0 0
2026-07-06 3283 1058 0 0
2026-07-07 3279 1058 0 0
2026-07-08 3267 1058 0 0
2026-07-09 3274 1058 0 0
2026-07-10 3282 1058 0 0
2026-07-11 3288 1058 0 0
2026-07-12 3288 1058 0 0
2026-07-13 3274 1058 0 0
2026-07-14 3274 1058 0 0
2026-07-15 3279 1058 0 0
2026-07-16 3280 1058 0 0
2026-07-17 3267 1058 0 0
2026-07-18 3265 1058 0 0
2026-07-19 3264 1058 0 0
2026-07-20 3258 1058 0 0
2026-07-21 3268 1058 0 0
2026-07-22 3259 1058 0 0
2026-07-23 3263 1058 0 0
2026-07-24 3255 1058 0 0
2026-07-25 3254 1058 0 0
2026-07-26 3254 1058 0 0
2026-07-27 3270 1058 0 0
2026-07-28 3263 1058 0 0
2026-07-29 3268 1058 0 0
2026-07-30 3264 1058 0 0
2026-07-31 3279 1058 0 0
2026-08-01 3280 1058 0 0
2026-08-02 3280 1058 0 0
2026-08-03 3289 1058 0 0
2026-08-04 3300 1058 0 0
2026-08-05 3305 1058 0 0
2026-08-06 3304 1058 0 0
2026-08-07 3305 1058 0 0
2026-08-08 3305 1058 0 0
2026-08-09 3305 1058 0 0
2026-08-10 3305 1058 0 0
2026-08-11 3308 1058 0 0
2026-08-12 3306 1058 0 0
2026-08-13 3309 1058 0 0
2026-08-15 3298 1058 0 0
2026-08-16 3298 1058 0 0
2026-08-17 3299 1058 0 0
2026-08-18 3298 1058 0 0
2026-08-19 3292 1058 0 0
2026-08-20 3304 1058 0 0
2026-08-21 3315 1058 0 0
2026-08-23 3317 1058 0 0
2026-08-24 3306 1058 0 0
2026-08-25 3310 1058 0 0
2026-08-26 3321 1058 0 0
2026-08-27 3321 1058 0 0
2026-08-28 3318 1058 0 0
2026-08-29 3315 1058 0 0
2026-08-30 3315 1058 0 0
2026-08-31 3314 1058 0 0
2026-09-01 3314 1058.0 0 0
2026-09-02 3313 1058.0 0 0
2026-09-03 3309 1058.0 0 0
2026-09-04 3316 1058.0 0 0
