2026-08-31 1100 3951.087 0 0
2026-09-01 1087 3991.545 0 0
2026-09-02 1029 4145.2 0 0
2026-09-03 1038 4126.885 0 0
2026-09-04 1042 4139.24 0 0
2026-09-05 1045 4133.712 0 0
2026-09-06 1048 4138.377 0 0
2026-09-07 1055 4097.794 0 0
2026-09-08 1053 4139.283 0 0
2026-09-09 1079 4060.121 0 0
2026-09-10 1086 4010.423 0 0
2026-09-11 1103 3925.543 0 0
2026-09-12 1106 3943.903 0 0
2026-09-13 1107 3931.636 0 0
2026-09-14 1108 3909.178 0 0
2026-09-15 1095 3975.655 0 0
2026-09-16 1108 3935.312 0 0
2026-09-17 1121 3869.624 0 0
2026-09-18 1134 3820.0 0 0
2026-09-19 1135 3807.871 0 0
2026-09-20 1135 3811.411 0 0
2026-09-21 1134 3778.104 0 0
2026-09-22 1143 3749.945 0 0
2026-09-23 1143 3748.491 0 0
2026-09-24 1140 3752.34 0 0
2026-09-25 1134 3784.84 0 0
