2026-09-16 520 7734.0 0 0
2026-09-17 518 7734.0 0 0
2026-09-18 517 7734.0 0 0
2026-09-19 514 7734.0 0 0
2026-09-20 514 7734.0 0 0
2026-09-21 514 7734.0 0 0
2026-09-22 517 7734.0 0 0
2026-09-23 515 7734.0 0 0
2026-09-24 513 7734.0 0 0
2026-09-25 512 7734.0 0 0
2026-09-26 511 7734.0 0 0
2026-09-27 511 7734.0 0 0
2026-09-28 509 7734.0 0 0
2026-09-29 509 7734.0 0 0
2026-09-30 506 7734.0 0 0
2026-10-01 505 7734.0 0 0
2026-10-02 504 7734.0 0 0
2026-10-03 508 7734.0 0 0
2026-10-04 508 7734.0 0 0
2026-10-05 507 7734.0 0 0
2026-10-06 510 7734.0 0 0
2026-10-07 511 7734.0 0 0
2026-10-08 506 7734.0 0 0
2026-10-09 502 7734.0 0 0
