2026-03-10 952 4408.686 0 0
2026-03-11 960 4392.473 -16.213 -0.368
2026-03-12 987 4235.746 -156.727 -3.568
2026-03-13 1020 4075.323 -160.423 -3.787
2026-03-14 1034 4020.981 -54.342 -1.333
2026-03-15 1034 4020.981 0 0
2026-03-16 998 4174.177 153.196 3.81
2026-03-17 998 4188.705 14.528 0.348
2026-03-18 1016 4123.632 -65.073 -1.554
2026-03-19 1031 4040.068 -83.564 -2.026
2026-03-20 1125 3713.449 -326.619 -8.084
2026-03-21 1134 3681.027 -32.422 -0.873
2026-03-22 1134 3681.027 0 0
2026-03-23 1096 3774.762 93.735 2.546
2026-03-24 1116 3720.136 -54.626 -1.447
2026-03-25 1103 3772.257 52.121 1.401
2026-03-27 1159 3564.088 -208.169 -5.518
2026-03-28 1151 3587.86 23.772 0.667
2026-03-29 1151 3587.86 0 0
2026-03-30 1199 3429.924 -157.936 -4.402
2026-03-31 1159 3560.992 131.068 3.821
2026-04-01 1306 3162.351 -398.641 -11.195
2026-04-02 1332 3112.556 -49.795 -1.575
2026-04-03 1332 3109.599 -2.957 -0.095
2026-04-04 1332 3109.599 0 0
2026-04-05 1332 3109.599 0 0
2026-04-06 1306 3170.604 61.005 1.962
2026-04-07 1350 3056.052 -114.552 -3.613
2026-04-08 1306 3189.039 132.987 4.352
2026-04-09 1276 3281.446 92.407 2.898
2026-04-10 1298 3213.799 -67.647 -2.061
2026-04-11 1286 3252.446 38.647 1.203
2026-04-12 1286 3252.446 0 0
2026-04-13 1342 3143.634 -108.812 -3.346
2026-04-14 1364 3117.166 -26.468 -0.842
2026-04-15 1334 3193.183 76.017 2.439
2026-04-16 1362 3147.858 -45.325 -1.419
2026-04-17 1362 3150.035 2.177 0.069
2026-04-18 1351 3171.171 21.136 0.671
2026-04-19 1351 3171.171 0 0
2026-04-20 1359 3161.856 -9.315 -0.294
2026-04-21 1365 3157.416 -4.44 -0.14
2026-04-22 1383 3102.623 -54.793 -1.735
2026-04-23 1409 3005.756 -96.867 -3.122
2026-04-24 1388 3058.961 53.205 1.77
2026-04-25 1398 3020.96 -38.001 -1.242
2026-04-26 1398 3020.96 0 0
2026-04-27 1389 3057.801 36.841 1.22
2026-04-28 1383 3075.16 17.359 0.568
2026-04-29 1429 2936.373 -138.787 -4.513
2026-04-30 1406 2998.144 61.771 2.104
2026-05-01 1403 3006.749 8.605 0.287
2026-05-02 1400 3023.619 16.87 0.561
2026-05-04 1420 2961.744 -61.875 -2.046
2026-05-05 1441 2927.822 -33.922 -1.145
2026-05-06 1420 2978.175 50.353 1.72
2026-05-07 1447 2942.528 -35.647 -1.197
2026-05-08 1427 2990.834 48.306 1.642
2026-05-09 1423 3003.661 12.827 0.429
2026-05-10 1423 3003.661 0 0
<<<<<<< HEAD
2026-05-11 1427 3006.126 2.465 0.082
2026-05-12 1437 2964.289 -41.837 -1.392
2026-05-13 1475 2887.146 -77.143 -2.602
2026-05-14 1462 2909.972 22.826 0.791
2026-05-15 1516 2797.065 -112.907 -3.88
2026-05-16 1537 2748.77 -48.295 -1.727
2026-05-17 1537 2748.77 0 0
2026-05-18 1545 2742.973 -5.797 -0.211
2026-05-19 1501 2809.742 66.769 2.434
2026-05-20 1468 2885.173 75.431 2.685
2026-05-21 1450 2906.172 20.999 0.728
2026-05-22 1402 3020.529 114.357 3.935
2026-05-23 1406 3013.258 -7.271 -0.241
2026-05-24 1406 3013.258 0 0
2026-05-26 1363 3132.381 119.123 3.953
2026-05-27 1321 3237.506 105.125 3.356
2026-05-28 1383 3080.732 -156.774 -4.842
2026-05-29 1404 3017.162 -63.57 -2.063
2026-05-31 1406 3009.766 -7.396 -0.245
2026-06-01 1422 2981.287 -28.479 -0.946
2026-06-02 1432 2976.174 -5.113 -0.172
2026-06-03 1494 2820.787 -155.387 -5.221
2026-06-04 1498 2805.62 -15.167 -0.538
2026-06-05 1632 2541.051 -264.569 -9.43
2026-06-06 1647 2513.267 -27.784 -1.093
2026-06-07 1645 2513.267 0 0
2026-06-08 1651 2486.486 -26.781 -1.066
2026-06-09 1673 2464.417 -22.069 -0.888
2026-06-10 1727 2377.885 -86.532 -3.511
2026-06-11 1689 2436.194 58.309 2.452
2026-06-12 1670 2467.612 31.418 1.29
2026-06-13 1656 2499.46 31.848 1.291
2026-06-15 1661 2514.812 15.352 0.614
2026-06-16 1683 2484.409 -30.403 -1.209
2026-06-17 1661 2520.609 36.2 1.457
2026-06-18 1667 2514.937 -5.672 -0.225
2026-06-19 1715 2437.656 -77.281 -3.073
2026-06-20 1715 2437.656 0 0
2026-06-21 1715 2437.656 0 0
2026-06-23 1625 2550.035 112.379 4.61
2026-06-24 1608 2568.186 18.151 0.712
2026-06-25 1638 2531.156 -37.03 -1.442
2026-06-26 1631 2557.477 26.321 1.04
2026-06-27 1621 2566.725 9.248 0.362
2026-06-28 1619 2566.725 0 0
2026-06-29 1651 2526.476 -40.249 -1.568
2026-06-30 1645 2542.999 16.523 0.654
2026-07-01 1627 2575.727 32.728 1.287
2026-07-02 1604 2595.206 19.479 0.756
2026-07-03 1582 2652.416 57.21 2.204
2026-07-04 1582 2652.416 0 0
2026-07-05 1582 2652.416 0 0
2026-07-06 1619 2588.909 -63.507 -2.394
2026-07-07 1641 2552.672 -36.237 -1.4
2026-07-08 1616 2564.243 11.571 0.453
2026-07-09 1598 2604.121 39.878 1.555
2026-07-10 1502 2773.511 169.39 6.505
2026-07-11 1499 2780.458 6.947 0.25
2026-07-12 1499 2780.458 0 0
2026-07-13 1541 2695.583 -84.875 -3.053
2026-07-14 1589 2615.568 -80.015 -2.968
2026-07-15 1619 2560.127 -55.441 -2.12
2026-07-16 1612 2562.515 2.388 0.093
2026-07-17 1581 2601.427 38.912 1.519
2026-07-18 1583 2594.053 -7.374 -0.283
2026-07-19 1583 2594.053 0 0
2026-07-20 1614 2543.711 -50.342 -1.941
2026-07-21 1626 2536.285 -7.426 -0.292
2026-07-22 1584 2611.094 74.809 2.95
2026-07-23 1599 2580.233 -30.861 -1.182
2026-07-24 1639 2512.546 -67.687 -2.623
2026-07-25 1634 2520.139 7.593 0.302
2026-07-26 1635 2520.139 0 0
2026-07-27 1686 2444.364 -75.775 -3.007
2026-07-28 1645 2499.128 54.764 2.24
2026-07-29 1651 2496.922 -2.206 -0.088
2026-07-30 1642 2503.111 6.189 0.248
2026-07-31 1643 2534.029 30.918 1.235
2026-08-01 1647 2528.393 -5.636 -0.222
2026-08-02 1648 2528.393 0 0
2026-08-03 1590 2617.053 88.66 3.507
2026-08-04 1576 2657.88 40.827 1.56
2026-08-05 1586 2651.212 -6.668 -0.251
2026-08-06 1662 2533.036 -118.176 -4.457
2026-08-07 1668 2531.137 -1.899 -0.075
2026-08-08 1668 2532.927 1.79 0.071
2026-08-09 1668 2532.927 0 0
2026-08-10 1667 2524.194 -8.733 -0.345
2026-08-11 1762 2376.493 -147.701 -5.851
2026-08-12 1788 2339.335 -37.158 -1.564
2026-08-13 1789 2333.137 -6.198 -0.265
=======
2026-05-11 1425 3003.661 0 0
2026-05-12 1427 3006.126 0 0
2026-05-13 1433 2964.289 0 0
2026-05-14 1473 2887.146 0 0
2026-05-15 1458 2909.972 0 0
2026-05-16 1516 2797.065 0 0
2026-05-17 1537 2748.77 0 0
2026-05-18 1533 2748.77 0 0
2026-05-19 1542 2742.973 0 0
2026-05-20 1496 2809.742 0 0
2026-05-21 1468 2885.173 0 0
2026-05-22 1442 2924.094 0 0
2026-05-23 1402 3020.529 0 0
2026-05-24 1406 3013.258 0 0
2026-05-25 1408 3013.258 0 0
2026-05-26 1357 3147.809 0 0
2026-05-27 1364 3132.381 0 0
2026-05-28 1319 3237.506 0 0
2026-05-29 1378 3080.732 0 0
2026-05-30 1404 3017.162 0 0
2026-05-31 1406 3009.766 0 0
2026-06-01 1410 3009.766 0 0
2026-06-02 1425 2981.287 0 0
2026-06-03 1428 2976.174 0 0
2026-06-04 1490 2820.787 0 0
2026-06-05 1501 2805.62 0 0
2026-06-06 1632 2541.051 0 0
2026-06-07 1647 2513.267 0 0
2026-06-09 1654 2486.486 0 0
2026-06-10 1668 2464.417 0 0
2026-06-11 1721 2377.885 0 0
2026-06-12 1693 2436.194 0 0
2026-06-13 1670 2467.612 0 0
2026-06-14 1656 2499.46 0 0
2026-06-16 1665 2514.812 0 0
2026-06-17 1689 2484.409 0 0
2026-06-18 1659 2520.609 0 0
2026-06-19 1666 2514.937 0 0
2026-06-20 1715 2437.656 0 0
2026-06-21 1715 2437.656 0 0
2026-06-22 1711 2437.656 0 0
2026-06-23 1658 2519.211 0 0
2026-06-24 1624 2550.035 0 0
2026-06-25 1612 2568.186 0 0
2026-06-26 1632 2531.156 0 0
2026-06-27 1631 2557.477 0 0
2026-06-28 1621 2566.725 0 0
2026-06-29 1617 2566.725 0 0
2026-06-30 1652 2526.476 0 0
2026-07-01 1645 2542.999 0 0
2026-07-02 1627 2575.727 0 0
2026-07-03 1607 2595.206 0 0
2026-07-04 1582 2652.416 0 0
2026-07-05 1582 2652.416 0 0
2026-07-06 1584 2652.416 0 0
2026-07-07 1618 2588.909 0 0
2026-07-08 1637 2552.672 0 0
2026-07-09 1613 2564.243 0 0
2026-07-10 1599 2604.121 0 0
2026-07-11 1502 2773.511 0 0
2026-07-12 1499 2780.458 0 0
2026-07-13 1497 2780.458 0 0
2026-07-14 1543 2695.583 0 0
2026-07-15 1592 2615.568 0 0
2026-07-16 1616 2560.127 0 0
2026-07-17 1604 2562.515 0 0
2026-07-18 1581 2601.427 0 0
2026-07-19 1583 2594.053 0 0
2026-07-20 1584 2594.053 0 0
2026-07-21 1615 2543.711 0 0
2026-07-22 1626 2536.285 0 0
2026-07-23 1586 2611.094 0 0
2026-07-24 1590 2580.233 0 0
2026-07-25 1639 2512.546 0 0
2026-07-26 1634 2520.139 0 0
2026-07-27 1633 2520.139 0 0
2026-07-28 1686 2444.364 0 0
2026-07-29 1648 2499.128 0 0
2026-07-30 1649 2496.922 0 0
2026-07-31 1649 2503.111 0 0
2026-08-01 1643 2534.029 0 0
2026-08-02 1647 2528.393 0 0
2026-08-03 1647 2528.393 0 0
2026-08-04 1589 2617.053 0 0
2026-08-05 1580 2657.88 0 0
2026-08-06 1586 2651.212 0 0
2026-08-07 1665 2533.036 0 0
2026-08-08 1668 2531.137 0 0
2026-08-09 1668 2532.927 0 0
2026-08-10 1668 2532.927 0 0
2026-08-11 1668 2524.194 0 0
2026-08-12 1761 2376.493 0 0
2026-08-13 1788 2339.335 0 0
2026-08-14 1793 2333.137 0 0
>>>>>>> 2b550085baac25c543016ca743053a87bf115d5d
2026-08-15 1772 2364.761 0 0
2026-08-16 1786 2348.693 0 0
2026-08-17 1785 2348.693 0 0
2026-08-18 1810 2324.397 0 0
2026-08-19 1765 2380.962 0 0
2026-08-20 1757 2388.076 0 0
2026-08-21 1772 2365.393 0 0
2026-08-22 1761 2388.734 0 0
2026-08-24 1754 2400.207 0 0
2026-08-25 1728 2439.176 0 0
2026-08-26 1694 2505.419 0 0
2026-08-27 1698 2490.054 0 0
