2026-03-10 2920 1285.08 0 0
2026-03-11 2889 1308.009 22.929 1.784
2026-03-12 2886 1300.644 -7.365 -0.563
2026-03-13 2873 1305.089 4.445 0.342
2026-03-14 2865 1306.372 1.283 0.098
2026-03-15 2865 1306.372 0 0
2026-03-16 2862 1306.372 0 0
2026-03-17 2837 1320.045 13.673 1.047
2026-03-18 2832 1320.045 0 0
2026-03-19 2818 1322.261 2.216 0.168
2026-03-20 2804 1325.633 3.372 0.255
2026-03-21 2807 1324.065 -1.568 -0.118
2026-03-22 2807 1324.065 0 0
2026-03-23 2790 1324.065 0 0
2026-03-24 2795 1323.632 -0.433 -0.033
2026-03-25 2808 1323.006 -0.626 -0.047
2026-03-27 2794 1323.006 0 0
2026-03-28 2795 1318.433 -4.573 -0.346
2026-03-29 2795 1318.433 0 0
2026-03-30 2800 1318.433 0 0
2026-03-31 2782 1325.319 6.886 0.522
2026-04-01 2788 1334.024 8.705 0.657
2026-04-02 2781 1339.044 5.02 0.376
2026-04-03 2767 1346.129 7.085 0.529
2026-04-04 2767 1346.129 0 0
2026-04-05 2767 1346.129 0 0
2026-04-06 2771 1346.129 0 0
2026-04-07 2745 1367.92 21.791 1.619
2026-04-08 2770 1367.92 0 0
2026-04-09 2820 1332.532 -35.388 -2.587
2026-04-10 2819 1333.767 1.235 0.093
2026-04-11 2814 1339.316 5.549 0.416
2026-04-12 2814 1339.316 0 0
2026-04-13 2823 1339.316 0 0
2026-04-14 2837 1336.935 -2.381 -0.178
2026-04-15 2846 1336.664 -0.271 -0.02
2026-04-16 2848 1342.104 5.44 0.407
2026-04-17 2843 1347.97 5.866 0.437
2026-04-18 2843 1351.367 3.397 0.252
2026-04-19 2843 1351.367 0 0
2026-04-20 2845 1351.367 0 0
2026-04-21 2846 1355.545 4.178 0.309
2026-04-22 2825 1365.667 10.122 0.747
2026-04-23 2812 1367.635 1.968 0.144
2026-04-24 2815 1365.099 -2.536 -0.185
2026-04-25 2810 1365.848 0.749 0.055
2026-04-26 2810 1365.848 0 0
2026-04-27 2812 1365.848 0 0
2026-04-28 2791 1379.444 13.596 0.995
2026-04-29 2793 1381.377 1.933 0.14
2026-04-30 2806 1369.999 -11.378 -0.824
2026-05-01 2812 1369.062 -0.937 -0.068
2026-05-02 2814 1369.166 0.104 0.008
2026-05-04 2816 1369.166 0 0
2026-05-05 2824 1364.505 -4.661 -0.34
2026-05-06 2831 1364.505 0 0
2026-05-07 2839 1369.843 5.338 0.391
2026-05-08 2841 1368.647 -1.196 -0.087
2026-05-09 2845 1364.505 -4.142 -0.303
2026-05-10 2845 1364.505 0 0
2026-05-11 2851 1364.505 0 0
<<<<<<< HEAD
2026-05-12 2836 1364.505 0 0
2026-05-13 2843 1362.96 -1.545 -0.113
2026-05-14 2843 1351.998 -10.962 -0.804
2026-05-15 2840 1345.791 -6.207 -0.459
2026-05-16 2831 1354.91 9.119 0.678
2026-05-17 2831 1354.91 0 0
2026-05-18 2825 1354.91 0 0
2026-05-19 2824 1355.786 0.876 0.065
2026-05-20 2838 1349.402 -6.384 -0.471
2026-05-21 2845 1344.967 -4.435 -0.329
2026-05-22 2843 1344.967 0 0
2026-05-23 2840 1347.544 2.577 0.192
2026-05-24 2840 1347.544 0 0
2026-05-26 2841 1347.544 0 0
2026-05-27 2859 1327.168 -20.376 -1.512
2026-05-28 2858 1328.429 1.261 0.095
2026-05-29 2876 1316.706 -11.723 -0.882
2026-05-31 2898 1306.688 -10.018 -0.761
2026-06-01 2896 1306.688 0 0
2026-06-02 2912 1299.605 -7.083 -0.542
2026-06-03 2886 1302.497 2.892 0.223
2026-06-04 2870 1309.968 7.471 0.574
2026-06-05 2856 1316.112 6.144 0.469
2026-06-06 2868 1311.946 -4.166 -0.317
2026-06-07 2868 1311.946 0 0
2026-06-08 2845 1311.946 0 0
2026-06-09 2852 1313.079 1.133 0.086
2026-06-10 2852 1307.272 -5.807 -0.442
2026-06-11 2842 1309.24 1.968 0.151
2026-06-12 2862 1309.146 -0.094 -0.007
2026-06-13 2877 1304.356 -4.79 -0.366
2026-06-15 2886 1304.356 0 0
2026-06-16 2891 1305.264 0.908 0.07
2026-06-17 2882 1308.162 2.898 0.222
2026-06-18 2883 1306.968 -1.194 -0.091
2026-06-19 2877 1308.466 1.498 0.115
2026-06-20 2877 1308.466 0 0
2026-06-21 2877 1308.466 0 0
2026-06-23 2863 1309.921 1.455 0.111
2026-06-24 2858 1311.215 1.294 0.099
2026-06-25 2857 1311.805 0.59 0.045
2026-06-26 2851 1314.451 2.646 0.202
2026-06-27 2852 1312.56 -1.891 -0.144
2026-06-28 2852 1312.56 0 0
2026-06-29 2860 1312.56 0 0
2026-06-30 2852 1321.002 8.442 0.643
2026-07-01 2842 1332.617 11.615 0.879
2026-07-02 2841 1329.984 -2.633 -0.198
2026-07-03 2833 1342.526 12.542 0.943
2026-07-04 2833 1342.526 0 0
2026-07-05 2833 1342.526 0 0
2026-07-06 2837 1342.526 0 0
2026-07-07 2826 1345.167 2.641 0.197
2026-07-08 2809 1351.215 6.048 0.45
2026-07-09 2808 1354.2 2.985 0.221
2026-07-10 2805 1361.931 7.731 0.571
2026-07-11 2831 1336.787 -25.144 -1.846
2026-07-12 2831 1336.787 0 0
2026-07-13 2828 1336.787 0 0
2026-07-14 2822 1341.223 4.436 0.332
2026-07-15 2818 1353.769 12.546 0.935
2026-07-16 2820 1344.593 -9.176 -0.678
2026-07-17 2799 1350.358 5.765 0.429
2026-07-18 2801 1349.125 -1.233 -0.091
2026-07-19 2800 1349.125 0 0
2026-07-20 2793 1349.125 0 0
2026-07-21 2802 1350.988 1.863 0.138
2026-07-22 2791 1358.474 7.486 0.554
2026-07-23 2791 1358.155 -0.319 -0.023
2026-07-24 2790 1351.745 -6.41 -0.472
2026-07-25 2800 1342.104 -9.641 -0.713
2026-07-26 2800 1342.104 0 0
2026-07-27 2810 1342.104 0 0
2026-07-28 2813 1340.628 -1.476 -0.11
2026-07-29 2828 1334.331 -6.297 -0.47
2026-07-30 2826 1336.59 2.259 0.169
2026-07-31 2826 1341.359 4.769 0.357
2026-08-01 2831 1340.318 -1.041 -0.078
2026-08-02 2831 1340.318 0 0
2026-08-03 2836 1340.318 0 0
2026-08-04 2845 1340.516 0.198 0.015
2026-08-05 2842 1350.61 10.094 0.753
2026-08-06 2836 1353.617 3.007 0.223
2026-08-07 2837 1355.164 1.547 0.114
2026-08-08 2837 1356.817 1.653 0.122
2026-08-09 2837 1356.817 0 0
2026-08-10 2849 1356.817 0 0
2026-08-11 2850 1356.817 0 0
2026-08-12 2842 1362.445 5.628 0.415
2026-08-13 2833 1364.093 1.648 0.121
=======
2026-05-12 2852 1364.505 0 0
2026-05-13 2840 1364.505 0 0
2026-05-14 2836 1362.96 0 0
2026-05-15 2846 1351.998 0 0
2026-05-16 2840 1345.791 0 0
2026-05-17 2831 1354.91 0 0
2026-05-18 2826 1354.91 0 0
2026-05-19 2824 1354.91 0 0
2026-05-20 2823 1355.786 0 0
2026-05-21 2838 1349.402 0 0
2026-05-22 2835 1344.967 0 0
2026-05-23 2843 1344.967 0 0
2026-05-24 2840 1347.544 0 0
2026-05-25 2841 1347.544 0 0
2026-05-26 2838 1347.544 0 0
2026-05-27 2832 1347.544 0 0
2026-05-28 2852 1327.168 0 0
2026-05-29 2857 1328.429 0 0
2026-05-30 2876 1316.706 0 0
2026-05-31 2898 1306.688 0 0
2026-06-01 2905 1306.688 0 0
2026-06-02 2887 1306.688 0 0
2026-06-03 2908 1299.605 0 0
2026-06-04 2881 1302.497 0 0
2026-06-05 2874 1309.968 0 0
2026-06-06 2856 1316.112 0 0
2026-06-07 2868 1311.946 0 0
2026-06-09 2852 1311.946 0 0
2026-06-10 2841 1313.079 0 0
2026-06-11 2838 1307.272 0 0
2026-06-12 2860 1309.24 0 0
2026-06-13 2862 1309.146 0 0
2026-06-14 2877 1304.356 0 0
2026-06-16 2886 1304.356 0 0
2026-06-17 2892 1305.264 0 0
2026-06-18 2881 1308.162 0 0
2026-06-19 2883 1306.968 0 0
2026-06-20 2877 1308.466 0 0
2026-06-21 2877 1308.466 0 0
2026-06-22 2877 1308.466 0 0
2026-06-23 2876 1308.466 0 0
2026-06-24 2861 1309.921 0 0
2026-06-25 2858 1311.215 0 0
2026-06-26 2849 1311.805 0 0
2026-06-27 2851 1314.451 0 0
2026-06-28 2852 1312.56 0 0
2026-06-29 2856 1312.56 0 0
2026-06-30 2865 1312.56 0 0
2026-07-01 2853 1321.002 0 0
2026-07-02 2844 1332.617 0 0
2026-07-03 2851 1329.984 0 0
2026-07-04 2833 1342.526 0 0
2026-07-05 2833 1342.526 0 0
2026-07-06 2834 1342.526 0 0
2026-07-07 2831 1342.526 0 0
2026-07-08 2822 1345.167 0 0
2026-07-09 2803 1351.215 0 0
2026-07-10 2813 1354.2 0 0
2026-07-11 2805 1361.931 0 0
2026-07-12 2831 1336.787 0 0
2026-07-13 2831 1336.787 0 0
2026-07-14 2825 1336.787 0 0
2026-07-15 2828 1341.223 0 0
2026-07-16 2816 1353.769 0 0
2026-07-17 2814 1344.593 0 0
2026-07-18 2799 1350.358 0 0
2026-07-19 2801 1349.125 0 0
2026-07-20 2806 1349.125 0 0
2026-07-21 2794 1349.125 0 0
2026-07-22 2806 1350.988 0 0
2026-07-23 2792 1358.474 0 0
2026-07-24 2787 1358.155 0 0
2026-07-25 2790 1351.745 0 0
2026-07-26 2800 1342.104 0 0
2026-07-27 2803 1342.104 0 0
2026-07-28 2809 1342.104 0 0
2026-07-29 2817 1340.628 0 0
2026-07-30 2824 1334.331 0 0
2026-07-31 2831 1336.59 0 0
2026-08-01 2826 1341.359 0 0
2026-08-02 2831 1340.318 0 0
2026-08-03 2830 1340.318 0 0
2026-08-04 2840 1340.318 0 0
2026-08-05 2849 1340.516 0 0
2026-08-06 2841 1350.61 0 0
2026-08-07 2831 1353.617 0 0
2026-08-08 2837 1355.164 0 0
2026-08-09 2837 1356.817 0 0
2026-08-10 2840 1356.817 0 0
2026-08-11 2845 1356.817 0 0
2026-08-12 2852 1356.817 0 0
2026-08-13 2841 1362.445 0 0
2026-08-14 2835 1364.093 0 0
>>>>>>> 2b550085baac25c543016ca743053a87bf115d5d
2026-08-15 2836 1363.076 0 0
2026-08-16 2839 1366.521 0 0
2026-08-17 2839 1366.521 0 0
2026-08-18 2843 1366.521 0 0
2026-08-19 2819 1375.438 0 0
2026-08-20 2829 1372.294 0 0
2026-08-21 2830 1374.519 0 0
2026-08-22 2820 1385.636 0 0
2026-08-24 2829 1379.655 0 0
2026-08-25 2827 1379.655 0 0
2026-08-26 2822 1384.835 0 0
2026-08-27 2824 1383.929 0 0
2026-08-28 2835 1378.255 0 0
2026-08-29 2854 1364.763 0 0
2026-08-30 2848 1366.961 0 0
