2026-06-17 784 5378.235 0 0
2026-06-18 777 5378.235 0 0
2026-06-19 773 5378.235 0 0
2026-06-20 773 5378.235 0 0
2026-06-21 773 5378.235 0 0
2026-06-23 769 5378.235 0 0
2026-06-24 768 5378.235 0 0
2026-06-25 772 5378.235 0 0
2026-06-26 771 5378.235 0 0
2026-06-27 771 5378.235 0 0
2026-06-28 771 5378.235 0 0
2026-06-29 775 5378.235 0 0
2026-06-30 781 5378.235 0 0
2026-07-01 781 5378.235 0 0
2026-07-02 778 5378.235 0 0
2026-07-03 781 5378.235 0 0
2026-07-04 781 5378.235 0 0
2026-07-05 781 5378.235 0 0
2026-07-06 781 5378.235 0 0
2026-07-07 778 5378.235 0 0
2026-07-08 770 5378.235 0 0
2026-07-09 774 5378.235 0 0
2026-07-10 780 5378.235 0 0
2026-07-11 781 5378.235 0 0
2026-07-12 781 5378.235 0 0
2026-07-13 777 5378.235 0 0
2026-07-14 773 5378.235 0 0
2026-07-15 776 5378.235 0 0
2026-07-16 771 5378.235 0 0
2026-07-17 767 5378.235 0 0
2026-07-18 767 5378.235 0 0
2026-07-19 767 5378.235 0 0
2026-07-20 767 5378.235 0 0
2026-07-21 769 5378.235 0 0
2026-07-22 767 5378.235 0 0
2026-07-23 767 5378.235 0 0
2026-07-24 764 5378.235 0 0
2026-07-25 766 5378.235 0 0
2026-07-26 766 5378.235 0 0
2026-07-27 773 5378.235 0 0
2026-07-28 768 5378.235 0 0
2026-07-29 768 5378.235 0 0
2026-07-30 767 5378.235 0 0
2026-07-31 772 5378.235 0 0
2026-08-01 769 5378.235 0 0
2026-08-02 769 5378.235 0 0
2026-08-03 777 5378.235 0 0
2026-08-04 782 5378.235 0 0
2026-08-05 780 5378.235 0 0
2026-08-06 775 5378.235 0 0
2026-08-07 778 5378.235 0 0
2026-08-08 781 5378.235 0 0
2026-08-09 781 5378.235 0 0
2026-08-10 781 5378.235 0 0
2026-08-11 779 5378.235 0 0
2026-08-12 777 5378.235 0 0
2026-08-13 774 5378.235 0 0
2026-08-15 777 5378.235 0 0
2026-08-16 776 5378.235 0 0
2026-08-17 777 5378.235 0 0
2026-08-18 777 5378.235 0 0
2026-08-19 777 5378.235 0 0
2026-08-20 780 5378.235 0 0
2026-08-21 787 5378.235 0 0
2026-08-23 788 5378.235 0 0
2026-08-24 783 5378.235 0 0
2026-08-25 784 5378.235 0 0
2026-08-26 784 5378.235 0 0
2026-08-27 784 5378.235 0 0
2026-08-28 788 5378.235 0 0
2026-08-29 788 5378.235 0 0
2026-08-30 788 5378.235 0 0
2026-08-31 792 5378.235 0 0
2026-09-01 792 5378.235 0 0
2026-09-02 789 5378.235 0 0
2026-09-03 791 5378.235 0 0
2026-09-04 796 5378.235 0 0
