2026-03-10 2763 1386.072 0 0
2026-03-11 2762 1396.116 10.044 0.725
2026-03-12 2781 1381.129 -14.987 -1.073
2026-03-13 2780 1376.672 -4.457 -0.323
2026-03-14 2771 1376.672 0 0
2026-03-15 2771 1376.672 0 0
2026-03-16 2756 1381.772 5.1 0.37
2026-03-17 2743 1386.113 4.341 0.314
2026-03-18 2760 1378.52 -7.593 -0.548
2026-03-19 2763 1363.919 -14.601 -1.059
2026-03-20 2768 1349.483 -14.436 -1.058
2026-03-21 2769 1349.483 0 0
2026-03-22 2769 1349.483 0 0
2026-03-23 2735 1364.563 15.08 1.117
2026-03-24 2736 1367.113 2.55 0.187
2026-03-25 2745 1370.529 3.416 0.25
2026-03-26 2741 1366.949 -3.58 -0.261
2026-03-27 2765 1342.311 -24.638 -1.802
2026-03-28 2765 1342.311 0 0
2026-03-29 2765 1342.311 0 0
2026-03-30 2766 1334.648 -7.663 -0.571
2026-03-31 2741 1353.917 19.269 1.444
2026-04-01 2747 1365.043 11.126 0.822
2026-04-02 2778 1340.86 -24.183 -1.772
2026-04-03 2772 1340.86 0 0
2026-04-04 2772 1340.86 0 0
2026-04-05 2772 1340.86 0 0
2026-04-06 2787 1331.77 -9.09 -0.678
2026-04-07 2798 1324.552 -7.218 -0.542
2026-04-08 2835 1320.574 -3.978 -0.3
2026-04-09 2833 1323.347 2.773 0.21
2026-04-10 2828 1327.243 3.896 0.294
2026-04-11 2829 1327.243 0 0
2026-04-12 2829 1327.243 0 0
2026-04-13 2832 1331.302 4.059 0.306
2026-04-14 2817 1345.084 13.782 1.035
2026-04-15 2790 1377.549 32.465 2.414
2026-04-16 2808 1373.981 -3.568 -0.259
2026-04-17 2794 1387.692 13.711 0.998
2026-04-18 2794 1387.692 0 0
2026-04-19 2794 1387.692 0 0
2026-04-20 2807 1378.192 -9.5 -0.685
2026-04-21 2820 1371.079 -7.113 -0.516
2026-04-22 2817 1372.355 1.276 0.093
2026-04-23 2823 1356.221 -16.134 -1.176
2026-04-24 2825 1359.24 3.019 0.223
2026-04-25 2823 1359.24 0 0
2026-04-26 2822 1359.24 0 0
2026-04-27 2818 1362.012 2.772 0.204
2026-04-28 2815 1358.912 -3.1 -0.228
2026-04-29 2827 1355.145 -3.767 -0.277
2026-04-30 2812 1365.475 10.33 0.762
2026-05-01 2802 1376.227 10.752 0.787
2026-05-02 2805 1376.227 0 0
2026-05-04 2803 1378.204 1.977 0.144
2026-05-05 2812 1374.531 -3.673 -0.267
2026-05-06 2798 1385.481 10.95 0.797
2026-05-07 2799 1400.76 15.279 1.103
2026-05-08 2774 1420.134 19.374 1.383
2026-05-09 2773 1420.134 0 0
2026-05-10 2773 1420.134 0 0
<<<<<<< HEAD
2026-05-11 2750 1439.613 19.479 1.372
2026-05-12 2748 1426.101 -13.512 -0.939
2026-05-13 2741 1439.929 13.828 0.97
2026-05-14 2733 1437.624 -2.305 -0.16
2026-05-15 2747 1412.986 -24.638 -1.714
2026-05-16 2744 1412.986 0 0
2026-05-17 2744 1412.986 0 0
2026-05-18 2767 1398.654 -14.332 -1.014
2026-05-19 2775 1391.775 -6.879 -0.492
2026-05-20 2741 1407.16 15.385 1.105
2026-05-21 2745 1407.16 0 0
2026-05-22 2740 1417.396 10.236 0.727
2026-05-23 2741 1417.396 0 0
2026-05-24 2741 1417.396 0 0
2026-05-26 2733 1426.264 8.868 0.626
2026-05-27 2718 1434.185 7.921 0.555
2026-05-28 2726 1436.22 2.035 0.142
2026-05-29 2717 1428.838 -7.382 -0.514
2026-05-31 2722 1428.838 0 0
2026-06-01 2756 1405.545 -23.293 -1.63
2026-06-02 2736 1414.741 9.196 0.654
2026-06-03 2736 1414.694 -0.047 -0.003
2026-06-04 2733 1408.552 -6.142 -0.434
2026-06-05 2780 1376.438 -32.114 -2.28
2026-06-06 2781 1376.438 0 0
2026-06-07 2780 1376.438 0 0
2026-06-08 2726 1397.438 21 1.526
2026-06-09 2759 1383.083 -14.355 -1.027
2026-06-10 2776 1365.429 -17.654 -1.276
2026-06-11 2751 1385.972 20.543 1.505
2026-06-12 2388 1700.388 314.416 22.686
2026-06-13 2393 1700.388 0 0
2026-06-15 2218 1883.488 183.1 10.768
2026-06-16 2171 1928.24 44.752 2.376
2026-06-17 2241 1862.381 -65.859 -3.415
2026-06-18 2269 1828.803 -33.578 -1.803
2026-06-19 2267 1828.803 0 0
2026-06-20 2267 1828.803 0 0
2026-06-21 2267 1828.803 0 0
2026-06-23 2448 1644.109 -184.694 -10.099
2026-06-24 2461 1628.159 -15.95 -0.97
2026-06-25 2467 1619.012 -9.147 -0.562
2026-06-26 2463 1625.676 6.664 0.412
2026-06-27 2464 1625.676 0 0
2026-06-28 2464 1625.676 0 0
2026-06-29 2360 1724.954 99.278 6.107
2026-06-30 2312 1772.744 47.79 2.771
2026-07-01 2403 1703.272 -69.472 -3.919
2026-07-02 2419 1691.113 -12.159 -0.714
2026-07-03 2431 1691.113 0 0
2026-07-04 2431 1691.113 0 0
2026-07-05 2431 1691.113 0 0
2026-07-06 2407 1713.012 21.899 1.295
2026-07-07 2481 1631.644 -81.368 -4.75
2026-07-08 2493 1614.716 -16.928 -1.037
2026-07-09 2460 1651.055 36.339 2.25
2026-07-10 2504 1613.859 -37.196 -2.253
2026-07-11 2505 1613.859 0 0
2026-07-12 2505 1613.859 0 0
2026-07-13 2545 1563.979 -49.88 -3.091
2026-07-14 2565 1548.417 -15.562 -0.995
2026-07-15 2584 1541.846 -6.571 -0.424
2026-07-16 2612 1514.454 -27.392 -1.777
2026-07-17 2660 1462.423 -52.031 -3.436
2026-07-18 2660 1462.423 0 0
2026-07-19 2659 1462.423 0 0
2026-07-20 2695 1425.936 -36.487 -2.495
2026-07-21 2668 1457.655 31.719 2.224
2026-07-22 2730 1405.296 -52.359 -3.592
2026-07-23 2789 1358.519 -46.777 -3.329
2026-07-24 2814 1332.885 -25.634 -1.887
2026-07-25 2814 1332.885 0 0
2026-07-26 2814 1332.885 0 0
2026-07-27 2846 1319.591 -13.294 -0.997
2026-07-28 2826 1333.887 14.296 1.083
2026-07-29 2877 1301.492 -32.395 -2.429
2026-07-30 2854 1311.841 10.349 0.795
2026-07-31 2900 1293.045 -18.796 -1.433
2026-08-01 2899 1293.045 0 0
2026-08-02 2899 1293.045 0 0
2026-08-03 2835 1340.433 47.388 3.665
2026-08-04 2750 1407.386 66.953 4.995
2026-08-05 2911 1304.579 -102.807 -7.305
2026-08-06 2856 1339.645 35.066 2.688
2026-08-07 2716 1452.614 112.969 8.433
2026-08-08 2716 1452.614 0 0
2026-08-09 2716 1452.614 0 0
2026-08-10 2682 1486.993 34.379 2.367
2026-08-11 2707 1458.576 -28.417 -1.911
2026-08-12 2623 1524.757 66.181 4.537
2026-08-13 2640 1511.969 -12.788 -0.839
=======
2026-05-11 2776 1420.134 0 0
2026-05-12 2748 1439.613 0 0
2026-05-13 2748 1426.101 0 0
2026-05-14 2731 1439.929 0 0
2026-05-15 2731 1437.624 0 0
2026-05-16 2747 1412.986 0 0
2026-05-17 2744 1412.986 0 0
2026-05-18 2740 1412.986 0 0
2026-05-19 2766 1398.654 0 0
2026-05-20 2767 1391.775 0 0
2026-05-21 2749 1407.16 0 0
2026-05-22 2750 1407.85 0 0
2026-05-23 2740 1417.396 0 0
2026-05-24 2741 1417.396 0 0
2026-05-25 2741 1417.396 0 0
2026-05-26 2742 1417.396 0 0
2026-05-27 2730 1426.264 0 0
2026-05-28 2720 1434.185 0 0
2026-05-29 2719 1436.22 0 0
2026-05-30 2717 1428.838 0 0
2026-05-31 2722 1428.838 0 0
2026-06-01 2729 1428.838 0 0
2026-06-02 2753 1405.545 0 0
2026-06-03 2737 1414.741 0 0
2026-06-04 2727 1414.694 0 0
2026-06-05 2736 1408.552 0 0
2026-06-06 2780 1376.438 0 0
2026-06-07 2781 1376.438 0 0
2026-06-09 2730 1397.438 0 0
2026-06-10 2753 1383.083 0 0
2026-06-11 2769 1365.429 0 0
2026-06-12 2759 1385.972 0 0
2026-06-13 2388 1700.388 0 0
2026-06-14 2393 1700.388 0 0
2026-06-16 2215 1883.488 0 0
2026-06-17 2172 1928.24 0 0
2026-06-18 2238 1862.381 0 0
2026-06-19 2272 1828.803 0 0
2026-06-20 2267 1828.803 0 0
2026-06-21 2267 1828.803 0 0
2026-06-22 2265 1828.803 0 0
2026-06-23 2433 1663.033 0 0
2026-06-24 2450 1644.109 0 0
2026-06-25 2458 1628.159 0 0
2026-06-26 2459 1619.012 0 0
2026-06-27 2463 1625.676 0 0
2026-06-28 2464 1625.676 0 0
2026-06-29 2477 1625.676 0 0
2026-06-30 2361 1724.954 0 0
2026-07-01 2316 1772.744 0 0
2026-07-02 2404 1703.272 0 0
2026-07-03 2423 1691.113 0 0
2026-07-04 2431 1691.113 0 0
2026-07-05 2431 1691.113 0 0
2026-07-06 2428 1691.113 0 0
2026-07-07 2400 1713.012 0 0
2026-07-08 2481 1631.644 0 0
2026-07-09 2487 1614.716 0 0
2026-07-10 2467 1651.055 0 0
2026-07-11 2504 1613.859 0 0
2026-07-12 2505 1613.859 0 0
2026-07-13 2500 1613.859 0 0
2026-07-14 2546 1563.979 0 0
2026-07-15 2574 1548.417 0 0
2026-07-16 2586 1541.846 0 0
2026-07-17 2603 1514.454 0 0
2026-07-18 2660 1462.423 0 0
2026-07-19 2660 1462.423 0 0
2026-07-20 2662 1462.423 0 0
2026-07-21 2698 1425.936 0 0
2026-07-22 2665 1457.655 0 0
2026-07-23 2732 1405.296 0 0
2026-07-24 2786 1358.519 0 0
2026-07-25 2814 1332.885 0 0
2026-07-26 2814 1332.885 0 0
2026-07-27 2816 1332.885 0 0
2026-07-28 2846 1319.591 0 0
2026-07-29 2830 1333.887 0 0
2026-07-30 2875 1301.492 0 0
2026-07-31 2870 1311.841 0 0
2026-08-01 2900 1293.045 0 0
2026-08-02 2899 1293.045 0 0
2026-08-03 2901 1293.045 0 0
2026-08-04 2839 1340.433 0 0
2026-08-05 2761 1407.386 0 0
2026-08-06 2915 1304.579 0 0
2026-08-07 2851 1339.645 0 0
2026-08-08 2716 1452.614 0 0
2026-08-09 2716 1452.614 0 0
2026-08-10 2714 1452.614 0 0
2026-08-11 2681 1486.993 0 0
2026-08-12 2708 1458.576 0 0
2026-08-13 2629 1524.757 0 0
2026-08-14 2639 1511.969 0 0
>>>>>>> 2b550085baac25c543016ca743053a87bf115d5d
2026-08-15 2644 1507.41 0 0
2026-08-16 2650 1507.41 0 0
2026-08-17 2650 1507.41 0 0
2026-08-18 2610 1539.001 0 0
2026-08-19 2636 1519.892 0 0
2026-08-20 2635 1515.794 0 0
