2026-03-10 2586 1523.487 0 0
2026-03-11 2585 1525.789 2.302 0.151
2026-03-12 2585 1511.17 -14.619 -0.958
2026-03-13 2656 1448.946 -62.224 -4.118
2026-03-14 2666 1437.572 -11.374 -0.785
2026-03-15 2666 1437.572 0 0
2026-03-16 2653 1446.605 9.033 0.628
2026-03-17 2623 1475.26 28.655 1.981
2026-03-18 2567 1526.465 51.205 3.471
2026-03-19 2556 1521.067 -5.398 -0.354
2026-03-20 2587 1484.255 -36.812 -2.42
2026-03-21 2591 1479.583 -4.672 -0.315
2026-03-22 2591 1479.583 0 0
2026-03-23 2584 1467.889 -11.694 -0.79
2026-03-24 2570 1493.267 25.378 1.729
2026-03-25 2596 1476.024 -17.243 -1.155
2026-03-27 2587 1475.198 -0.826 -0.056
2026-03-28 2593 1464.598 -10.6 -0.719
2026-03-29 2593 1464.598 0 0
2026-03-30 2593 1467.064 2.466 0.168
2026-03-31 2585 1472.364 5.3 0.361
2026-04-01 2558 1507.887 35.523 2.413
2026-04-02 2542 1522.431 14.544 0.965
2026-04-03 2552 1515.132 -7.299 -0.479
2026-04-04 2552 1515.132 0 0
2026-04-05 2552 1515.132 0 0
2026-04-06 2552 1515.132 0 0
2026-04-07 2546 1526.929 11.797 0.779
2026-04-08 2564 1534.335 7.406 0.485
2026-04-09 2505 1580.961 46.626 3.039
2026-04-10 2529 1572.991 -7.97 -0.504
2026-04-11 2522 1578.045 5.054 0.321
2026-04-12 2522 1578.045 0 0
2026-04-13 2535 1565.41 -12.635 -0.801
2026-04-14 2580 1538.901 -26.509 -1.693
2026-04-15 2591 1531.01 -7.891 -0.513
2026-04-16 2589 1539.752 8.742 0.571
2026-04-17 2620 1510.728 -29.024 -1.885
2026-04-18 2617 1516.208 5.48 0.363
2026-04-19 2617 1516.208 0 0
2026-04-20 2619 1519.622 3.414 0.225
2026-04-21 2617 1527.068 7.446 0.49
2026-04-22 2682 1471.865 -55.203 -3.615
2026-04-23 2647 1490.849 18.984 1.29
2026-04-24 2649 1487.853 -2.996 -0.201
2026-04-25 2651 1483.224 -4.629 -0.311
2026-04-26 2651 1483.224 0 0
2026-04-27 2666 1479.798 -3.426 -0.231
2026-04-28 2633 1495.718 15.92 1.076
2026-04-29 2633 1500.862 5.144 0.344
2026-04-30 2616 1510 9.138 0.609
2026-05-01 2617 1510.424 0.424 0.028
2026-05-02 2610 1520.142 9.718 0.643
2026-05-04 2622 1505.441 -14.701 -0.967
<<<<<<< HEAD
2026-05-05 2662 1492.638 -12.803 -0.85
2026-05-06 2688 1478.811 -13.827 -0.926
2026-05-07 2726 1454.28 -24.531 -1.659
2026-05-08 2694 1487.602 33.322 2.291
2026-05-09 2686 1492.605 5.003 0.336
2026-05-10 2686 1492.605 0 0
2026-05-11 2599 1548.172 55.567 3.723
2026-05-12 2554 1569.169 20.997 1.356
2026-05-13 2560 1562.811 -6.358 -0.405
2026-05-14 2557 1562.312 -0.499 -0.032
2026-05-15 2554 1567.31 4.998 0.32
2026-05-16 2567 1554.971 -12.339 -0.787
2026-05-17 2567 1554.971 0 0
2026-05-18 2538 1566.146 11.175 0.719
2026-05-19 2537 1572.896 6.75 0.431
2026-05-20 2517 1582.975 10.079 0.641
2026-05-21 2515 1591.153 8.178 0.517
2026-05-22 2592 1535.884 -55.269 -3.474
2026-05-23 2596 1533.336 -2.548 -0.166
2026-05-24 2596 1533.336 0 0
2026-05-26 2585 1546.273 12.937 0.844
2026-05-27 2580 1547.223 0.95 0.061
2026-05-28 2599 1533.986 -13.237 -0.856
2026-05-29 2618 1513.991 -19.995 -1.303
2026-05-31 2613 1519.727 5.736 0.379
2026-06-01 2593 1540.517 20.79 1.368
2026-06-02 2595 1532.055 -8.462 -0.549
2026-06-03 2569 1551.439 19.384 1.265
2026-06-04 2534 1578.368 26.929 1.736
2026-06-05 2484 1604.097 25.729 1.63
2026-06-06 2501 1589.264 -14.833 -0.925
2026-06-07 2501 1589.264 0 0
2026-06-08 2499 1579.924 -9.34 -0.588
2026-06-09 2489 1591.501 11.577 0.733
2026-06-10 2462 1613.636 22.135 1.391
2026-06-11 2432 1651.471 37.835 2.345
2026-06-12 2449 1635.079 -16.392 -0.993
2026-06-13 2447 1645.711 10.632 0.65
2026-06-15 2506 1604.448 -41.263 -2.507
2026-06-16 2511 1601.123 -3.325 -0.207
2026-06-17 2524 1593.209 -7.914 -0.494
2026-06-18 2573 1555.56 -37.649 -2.363
2026-06-19 2586 1542.092 -13.468 -0.866
2026-06-20 2586 1542.092 0 0
2026-06-21 2586 1542.092 0 0
2026-06-23 2500 1588.043 45.951 2.98
2026-06-24 2545 1554.545 -33.498 -2.109
2026-06-25 2539 1558.475 3.93 0.253
2026-06-26 2551 1547.032 -11.443 -0.734
2026-06-27 2561 1538.976 -8.056 -0.521
2026-06-28 2561 1538.976 0 0
2026-06-29 2574 1533.336 -5.64 -0.366
2026-06-30 2591 1525.031 -8.305 -0.542
2026-07-01 2613 1507.745 -17.286 -1.133
2026-07-02 2562 1561.584 53.839 3.571
2026-07-03 2555 1572.737 11.153 0.714
2026-07-04 2555 1572.737 0 0
2026-07-05 2555 1572.737 0 0
2026-07-06 2595 1539.394 -33.343 -2.12
2026-07-07 2576 1554.587 15.193 0.987
2026-07-08 2516 1589.823 35.236 2.267
2026-07-09 2571 1548.7 -41.123 -2.587
2026-07-10 2528 1580.523 31.823 2.055
2026-07-11 2541 1576.072 -4.451 -0.282
2026-07-12 2541 1576.072 0 0
2026-07-13 2507 1596.538 20.466 1.299
2026-07-14 2496 1614.406 17.868 1.119
2026-07-15 2484 1634.718 20.312 1.258
2026-07-16 2482 1618.254 -16.464 -1.007
2026-07-17 2475 1610.088 -8.166 -0.505
2026-07-18 2472 1611.093 1.005 0.062
2026-07-19 2471 1611.093 0 0
2026-07-20 2471 1611.922 0.829 0.051
2026-07-21 2457 1634.03 22.108 1.372
2026-07-22 2445 1641.397 7.367 0.451
2026-07-23 2413 1678.838 37.441 2.281
2026-07-24 2407 1676.274 -2.564 -0.153
2026-07-25 2396 1683.897 7.623 0.455
2026-07-26 2396 1683.897 0 0
2026-07-27 2429 1666.352 -17.545 -1.042
2026-07-28 2418 1668.572 2.22 0.133
2026-07-29 2420 1669.926 1.354 0.081
2026-07-30 2397 1687.322 17.396 1.042
2026-07-31 2391 1709.845 22.523 1.335
2026-08-01 2377 1721.543 11.698 0.684
2026-08-02 2377 1721.543 0 0
2026-08-03 2394 1716.482 -5.061 -0.294
2026-08-04 2429 1690.257 -26.225 -1.528
2026-08-05 2456 1674.32 -15.937 -0.943
2026-08-06 2446 1679.108 4.788 0.286
2026-08-07 2417 1715.662 36.554 2.177
2026-08-08 2410 1721.787 6.125 0.357
2026-08-09 2410 1721.787 0 0
2026-08-10 2417 1714.208 -7.579 -0.44
2026-08-11 2389 1736.103 21.895 1.277
2026-08-12 2341 1784.454 48.351 2.785
2026-08-13 2284 1823.588 39.134 2.193
=======
2026-05-05 2620 1508.9 0 0
2026-05-06 2616 1515.97 0 0
2026-05-07 2693 1478.811 0 0
2026-05-08 2723 1454.28 0 0
2026-05-09 2695 1487.602 0 0
2026-05-10 2687 1492.605 0 0
2026-05-11 2693 1492.605 0 0
2026-05-12 2597 1548.172 0 0
2026-05-13 2553 1569.169 0 0
2026-05-14 2556 1562.811 0 0
2026-05-15 2568 1562.312 0 0
2026-05-16 2555 1567.31 0 0
2026-05-17 2568 1554.971 0 0
2026-05-18 2560 1554.971 0 0
2026-05-19 2547 1566.146 0 0
2026-05-20 2531 1572.896 0 0
2026-05-21 2528 1582.975 0 0
2026-05-22 2505 1592.88 0 0
2026-05-23 2593 1535.884 0 0
2026-05-24 2597 1533.336 0 0
2026-05-25 2600 1533.336 0 0
2026-05-26 2597 1533.336 0 0
2026-05-27 2586 1546.273 0 0
2026-05-28 2584 1541.179 0 0
2026-05-29 2596 1533.986 0 0
2026-05-30 2619 1513.991 0 0
2026-05-31 2614 1519.727 0 0
2026-06-01 2619 1519.727 0 0
2026-06-02 2588 1540.517 0 0
2026-06-03 2601 1532.055 0 0
2026-06-04 2568 1551.439 0 0
2026-06-05 2531 1578.368 0 0
2026-06-06 2485 1604.097 0 0
2026-06-07 2502 1589.264 0 0
2026-06-09 2506 1579.924 0 0
2026-06-10 2486 1591.501 0 0
2026-06-11 2461 1613.636 0 0
2026-06-12 2438 1651.471 0 0
2026-06-13 2450 1635.079 0 0
2026-06-14 2448 1645.711 0 0
2026-06-16 2507 1604.448 0 0
2026-06-17 2512 1601.123 0 0
2026-06-18 2523 1593.209 0 0
2026-06-19 2571 1555.56 0 0
2026-06-20 2587 1542.092 0 0
2026-06-21 2587 1542.092 0 0
2026-06-22 2588 1542.092 0 0
2026-06-23 2522 1580.034 0 0
2026-06-24 2502 1588.043 0 0
2026-06-25 2542 1554.545 0 0
2026-06-26 2532 1558.475 0 0
2026-06-27 2552 1547.032 0 0
2026-06-28 2562 1538.976 0 0
2026-06-29 2567 1538.976 0 0
2026-06-30 2576 1533.336 0 0
2026-07-01 2594 1525.031 0 0
2026-07-02 2611 1507.745 0 0
2026-07-03 2565 1561.584 0 0
2026-07-04 2556 1572.737 0 0
2026-07-05 2556 1572.737 0 0
2026-07-06 2555 1572.737 0 0
2026-07-07 2597 1539.394 0 0
2026-07-08 2573 1554.587 0 0
2026-07-09 2510 1589.823 0 0
2026-07-10 2573 1548.7 0 0
2026-07-11 2529 1580.523 0 0
2026-07-12 2542 1576.072 0 0
2026-07-13 2539 1576.072 0 0
2026-07-14 2506 1596.538 0 0
2026-07-15 2496 1614.406 0 0
2026-07-16 2483 1634.718 0 0
2026-07-17 2475 1618.254 0 0
2026-07-18 2476 1610.088 0 0
2026-07-19 2473 1611.093 0 0
2026-07-20 2473 1611.093 0 0
2026-07-21 2475 1611.922 0 0
2026-07-22 2460 1634.03 0 0
2026-07-23 2451 1641.397 0 0
2026-07-24 2408 1678.838 0 0
2026-07-25 2408 1676.274 0 0
2026-07-26 2397 1683.897 0 0
2026-07-27 2401 1683.897 0 0
2026-07-28 2427 1666.352 0 0
2026-07-29 2422 1668.572 0 0
2026-07-30 2423 1669.926 0 0
2026-07-31 2403 1687.322 0 0
2026-08-01 2392 1709.845 0 0
2026-08-02 2378 1721.543 0 0
2026-08-03 2383 1721.543 0 0
2026-08-04 2399 1716.482 0 0
2026-08-05 2436 1690.257 0 0
2026-08-06 2456 1674.32 0 0
2026-08-07 2444 1679.108 0 0
2026-08-08 2418 1715.662 0 0
2026-08-09 2411 1721.787 0 0
2026-08-10 2411 1721.787 0 0
2026-08-11 2416 1714.208 0 0
2026-08-12 2391 1736.103 0 0
2026-08-13 2343 1784.454 0 0
2026-08-14 2287 1823.588 0 0
>>>>>>> 2b550085baac25c543016ca743053a87bf115d5d
2026-08-15 2273 1845.584 0 0
2026-08-16 2269 1857.576 0 0
