2026-08-31 1100 3951.087 0 0
2026-09-01 1084 3991.545 0 0
2026-09-02 1026 4145.2 0 0
2026-09-03 1037 4126.885 0 0
2026-09-04 1039 4139.24 0 0
2026-09-05 1042 4133.712 0 0
2026-09-06 1045 4138.377 0 0
2026-09-07 1054 4097.794 0 0
2026-09-08 1050 4139.283 0 0
2026-09-09 1076 4060.121 0 0
2026-09-10 1083 4010.423 0 0
2026-09-11 1100 3925.543 0 0
2026-09-12 1103 3943.903 0 0
2026-09-13 1104 3931.636 0 0
2026-09-14 1105 3909.178 0 0
2026-09-15 1094 3975.655 0 0
2026-09-16 1105 3935.312 0 0
2026-09-17 1118 3869.624 0 0
2026-09-18 1131 3820.0 0 0
2026-09-19 1132 3807.871 0 0
