2026-03-10 2893 1300 0 0
2026-03-11 2899 1300 0 0
2026-03-12 2888 1300 0 0
2026-03-13 2878 1300 0 0
2026-03-14 2874 1300 0 0
2026-03-15 2874 1300 0 0
2026-03-16 2873 1300 0 0
2026-03-17 2872 1300 0 0
2026-03-18 2868 1300 0 0
2026-03-19 2845 1300 0 0
2026-03-20 2842 1300 0 0
2026-03-21 2842 1300 0 0
2026-03-22 2842 1300 0 0
2026-03-23 2829 1300 0 0
2026-03-24 2833 1300 0 0
2026-03-25 2847 1300 0 0
2026-03-27 2834 1300 0 0
2026-03-28 2830 1300 0 0
2026-03-29 2830 1300 0 0
2026-03-30 2830 1300 0 0
2026-03-31 2835 1300 0 0
2026-04-01 2850 1300 0 0
2026-04-02 2849 1300 0 0
2026-04-03 2838 1300 0 0
2026-04-04 2838 1300 0 0
2026-04-05 2838 1300 0 0
2026-04-06 2841 1300 0 0
2026-04-07 2835 1300 0 0
2026-04-08 2868 1300 0 0
2026-04-09 2867 1300 0 0
2026-04-10 2873 1300 0 0
2026-04-11 2877 1300 0 0
2026-04-12 2877 1300 0 0
2026-04-13 2881 1300 0 0
2026-04-14 2894 1300 0 0
2026-04-15 2910 1300 0 0
2026-04-16 2918 1300 0 0
2026-04-17 2918 1300 0 0
2026-04-18 2920 1300 0 0
2026-04-19 2920 1300 0 0
2026-04-20 2926 1300 0 0
2026-04-21 2924 1300 0 0
2026-04-22 2922 1300 0 0
2026-04-23 2911 1300 0 0
2026-04-24 2902 1300 0 0
2026-04-25 2901 1300 0 0
2026-04-26 2901 1300 0 0
2026-04-27 2904 1300 0 0
2026-04-28 2901 1300 0 0
2026-04-29 2900 1300 0 0
2026-04-30 2901 1300 0 0
2026-05-01 2909 1300 0 0
2026-05-02 2910 1300 0 0
2026-05-04 2918 1300 0 0
<<<<<<< HEAD
2026-05-05 2918 1300 0 0
2026-05-06 2919 1300 0 0
2026-05-07 2926 1300 0 0
2026-05-08 2932 1300 0 0
2026-05-09 2930 1300 0 0
2026-05-10 2930 1300 0 0
2026-05-11 2935 1300 0 0
2026-05-12 2926 1300 0 0
2026-05-13 2922 1300 0 0
2026-05-14 2917 1300 0 0
2026-05-15 2905 1300 0 0
2026-05-16 2902 1300 0 0
2026-05-17 2902 1300 0 0
2026-05-18 2903 1300 0 0
2026-05-19 2910 1300 0 0
2026-05-20 2911 1300 0 0
2026-05-21 2911 1300 0 0
2026-05-22 2921 1300 0 0
2026-05-23 2922 1300 0 0
2026-05-24 2922 1300 0 0
2026-05-26 2919 1300 0 0
2026-05-27 2916 1300 0 0
2026-05-28 2910 1300 0 0
2026-05-29 2905 1300 0 0
2026-05-31 2912 1300 0 0
2026-06-01 2907 1300 0 0
2026-06-02 2903 1300 0 0
2026-06-03 2895 1300 0 0
2026-06-04 2889 1300 0 0
2026-06-05 2883 1300 0 0
2026-06-06 2886 1300 0 0
2026-06-07 2886 1300 0 0
2026-06-08 2864 1300 0 0
2026-06-09 2870 1300 0 0
2026-06-10 2864 1300 0 0
2026-06-11 2857 1300 0 0
2026-06-12 2878 1300 0 0
2026-06-13 2882 1300 0 0
2026-06-15 2892 1300 0 0
2026-06-16 2898 1300 0 0
2026-06-17 2892 1300 0 0
2026-06-18 2892 1300 0 0
2026-06-19 2889 1300 0 0
2026-06-20 2889 1300 0 0
2026-06-21 2889 1300 0 0
2026-06-23 2877 1300 0 0
2026-06-24 2876 1300 0 0
2026-06-25 2872 1300 0 0
2026-06-26 2872 1300 0 0
2026-06-27 2874 1300 0 0
2026-06-28 2874 1300 0 0
2026-06-29 2874 1300 0 0
2026-06-30 2883 1300 0 0
2026-07-01 2892 1300 0 0
2026-07-02 1538 2727.985 1427.985 109.845
2026-07-03 1544 2727.985 0 0
2026-07-04 1544 2727.985 0 0
2026-07-05 1544 2727.985 0 0
2026-07-06 1530 2753.8 25.815 0.946
2026-07-07 1502 2800.114 46.314 1.682
2026-07-08 1598 2598.913 -201.201 -7.185
2026-07-09 1596 2605.746 6.833 0.263
2026-07-10 1670 2498.692 -107.054 -4.108
2026-07-11 1669 2498.692 0 0
2026-07-12 1669 2498.692 0 0
2026-07-13 1721 2412.897 -85.795 -3.434
2026-07-14 1685 2467.563 54.666 2.266
2026-07-15 1639 2532.099 64.536 2.615
2026-07-16 1706 2438.711 -93.388 -3.688
2026-07-17 1666 2459.97 21.259 0.872
2026-07-18 1663 2459.97 0 0
2026-07-19 1661 2459.97 0 0
2026-07-20 1619 2537.414 77.444 3.148
2026-07-21 1603 2572.339 34.925 1.376
2026-07-22 1608 2564.747 -7.592 -0.295
2026-07-23 1631 2532.099 -32.648 -1.273
2026-07-24 1587 2586.006 53.907 2.129
2026-07-25 1588 2586.006 0 0
2026-07-26 1588 2586.006 0 0
2026-07-27 1635 2525.266 -60.74 -2.349
2026-07-28 1655 2481.988 -43.278 -1.714
2026-07-29 1660 2482.748 0.76 0.031
2026-07-30 1565 2637.635 154.887 6.239
2026-07-31 1560 2672.56 34.925 1.324
2026-08-01 1559 2672.56 0 0
2026-08-02 1559 2672.56 0 0
2026-08-03 1520 2750.004 77.444 2.898
2026-08-04 1476 2843.391 93.387 3.396
2026-08-05 1295 3321.719 478.328 16.822
2026-08-06 1262 3428.014 106.295 3.2
2026-08-07 1288 3374.866 -53.148 -1.55
2026-08-08 1289 3374.866 0 0
2026-08-09 1289 3374.866 0 0
2026-08-10 1116 3904.823 529.957 15.703
2026-08-11 1058 4057.432 152.609 3.908
2026-08-12 1163 3718.807 -338.625 -8.346
2026-08-13 1373 3106.851 -611.956 -16.456
=======
2026-05-05 2920 1300.0 0 0
2026-05-06 2924 1300.0 0 0
2026-05-07 2925 1300.0 0 0
2026-05-08 2930 1300.0 0 0
2026-05-09 2935 1300.0 0 0
2026-05-10 2933 1300.0 0 0
2026-05-11 2938 1300.0 0 0
2026-05-12 2937 1300.0 0 0
2026-05-13 2927 1300.0 0 0
2026-05-14 2921 1300.0 0 0
2026-05-15 2921 1300.0 0 0
2026-05-16 2908 1300.0 0 0
2026-05-17 2905 1300.0 0 0
2026-05-18 2902 1300.0 0 0
2026-05-19 2904 1300.0 0 0
2026-05-20 2907 1300.0 0 0
2026-05-21 2917 1300.0 0 0
2026-05-22 2917 1300.0 0 0
2026-05-23 2924 1300.0 0 0
2026-05-24 2926 1300.0 0 0
2026-05-25 2923 1300.0 0 0
2026-05-26 2925 1300.0 0 0
2026-05-27 2920 1300.0 0 0
2026-05-28 2910 1300.0 0 0
2026-05-29 2914 1300.0 0 0
2026-05-30 2909 1300.0 0 0
2026-05-31 2916 1300.0 0 0
2026-06-01 2921 1300.0 0 0
2026-06-02 2905 1300.0 0 0
2026-06-03 2903 1300.0 0 0
2026-06-04 2892 1300.0 0 0
2026-06-05 2894 1300.0 0 0
2026-06-06 2887 1300.0 0 0
2026-06-07 2890 1300.0 0 0
2026-06-09 2876 1300.0 0 0
2026-06-10 2870 1300.0 0 0
2026-06-11 2855 1300.0 0 0
2026-06-12 2881 1300.0 0 0
2026-06-13 2881 1300.0 0 0
2026-06-14 2885 1300.0 0 0
2026-06-16 2894 1300.0 0 0
2026-06-17 2902 1300.0 0 0
2026-06-18 2894 1300.0 0 0
2026-06-19 2895 1300.0 0 0
2026-06-20 2892 1300.0 0 0
2026-06-21 2892 1300.0 0 0
2026-06-22 2889 1300.0 0 0
2026-06-23 2888 1300.0 0 0
2026-06-24 2875 1300.0 0 0
2026-06-25 2880 1300.0 0 0
2026-06-26 2865 1300.0 0 0
2026-06-27 2875 1300.0 0 0
2026-06-28 2878 1300.0 0 0
2026-06-29 2882 1300.0 0 0
2026-06-30 2885 1300.0 0 0
2026-07-01 2891 1300.0 0 0
2026-07-02 2890 1300.0 0 0
2026-07-03 1541 2727.985 0 0
2026-07-04 1544 2727.985 0 0
2026-07-05 1544 2727.985 0 0
2026-07-06 1548 2727.985 0 0
2026-07-07 1523 2753.8 0 0
2026-07-08 1498 2800.114 0 0
2026-07-09 1595 2598.913 0 0
2026-07-10 1597 2605.746 0 0
2026-07-11 1670 2498.692 0 0
2026-07-12 1669 2498.692 0 0
2026-07-13 1660 2498.692 0 0
2026-07-14 1720 2412.897 0 0
2026-07-15 1686 2467.563 0 0
2026-07-16 1640 2532.099 0 0
2026-07-17 1692 2438.711 0 0
2026-07-18 1666 2459.97 0 0
2026-07-19 1663 2459.97 0 0
2026-07-20 1664 2459.97 0 0
2026-07-21 1619 2537.414 0 0
2026-07-22 1605 2572.339 0 0
2026-07-23 1612 2564.747 0 0
2026-07-24 1627 2532.099 0 0
2026-07-25 1587 2586.006 0 0
2026-07-26 1588 2586.006 0 0
2026-07-27 1588 2586.006 0 0
2026-07-28 1629 2525.266 0 0
2026-07-29 1654 2481.988 0 0
2026-07-30 1661 2482.748 0 0
2026-07-31 1572 2637.635 0 0
2026-08-01 1560 2672.56 0 0
2026-08-02 1559 2672.56 0 0
2026-08-03 1556 2672.56 0 0
2026-08-04 1522 2750.004 0 0
2026-08-05 1477 2843.391 0 0
2026-08-06 1293 3321.719 0 0
2026-08-07 1260 3428.014 0 0
2026-08-08 1288 3374.866 0 0
2026-08-09 1289 3374.866 0 0
2026-08-10 1287 3374.866 0 0
2026-08-11 1118 3904.823 0 0
2026-08-12 1059 4057.432 0 0
2026-08-13 1162 3718.807 0 0
2026-08-14 1376 3106.851 0 0
>>>>>>> 2b550085baac25c543016ca743053a87bf115d5d
2026-08-15 1422 2984.612 0 0
2026-08-16 1425 2984.612 0 0
2026-08-17 1424 2984.612 0 0
2026-08-18 1452 2923.113 0 0
2026-08-19 1439 2942.094 0 0
2026-08-20 1359 3147.851 0 0
2026-08-21 1406 3031.685 0 0
2026-08-22 1365 3139.499 0 0
2026-08-23 1365 3139.499 0 0
2026-08-24 1364 3139.499 0 0
2026-08-25 1366 3126.592 0 0
2026-08-26 1338 3224.535 0 0
2026-08-27 1339 3218.461 0 0
