2026-03-10 2657 1470.118 0 0
2026-03-11 2657 1478.383 8.265 0.562
2026-03-12 2646 1474.809 -3.574 -0.242
2026-03-13 2631 1472.468 -2.341 -0.159
2026-03-14 2630 1468.189 -4.279 -0.291
2026-03-15 2630 1468.189 0 0
2026-03-16 2626 1468.189 0 0
2026-03-17 2629 1468.626 0.437 0.03
2026-03-18 2630 1468.626 0 0
2026-03-19 2619 1465.296 -3.33 -0.227
2026-03-20 2608 1465.296 0 0
2026-03-21 2623 1448.353 -16.943 -1.156
2026-03-22 2623 1448.353 0 0
2026-03-23 2601 1448.353 0 0
2026-03-24 2609 1444.403 -3.95 -0.273
2026-03-25 2626 1446.096 1.693 0.117
2026-03-27 2619 1446.096 0 0
2026-03-28 2632 1431.853 -14.243 -0.985
2026-03-29 2632 1431.853 0 0
2026-03-30 2629 1431.853 0 0
2026-03-31 2633 1431.136 -0.717 -0.05
2026-04-01 2646 1431.136 0 0
2026-04-02 2650 1431.136 0 0
2026-04-03 2613 1457.9 26.764 1.87
2026-04-04 2613 1457.9 0 0
2026-04-05 2613 1457.9 0 0
2026-04-06 2617 1457.9 0 0
2026-04-07 2616 1458.663 0.763 0.052
2026-04-08 2644 1458.663 0 0
2026-04-09 2641 1466.227 7.564 0.519
2026-04-10 2650 1464.901 -1.326 -0.09
2026-04-11 2655 1463.874 -1.027 -0.07
2026-04-12 2655 1463.874 0 0
2026-04-13 2655 1463.874 0 0
2026-04-14 2673 1453.567 -10.307 -0.704
2026-04-15 2689 1453.567 0 0
2026-04-16 2697 1453.588 0.021 0.001
2026-04-17 2697 1456.432 2.844 0.196
2026-04-18 2695 1460.821 4.389 0.301
2026-04-19 2695 1460.821 0 0
2026-04-20 2701 1460.821 0 0
2026-04-21 2707 1457.821 -3 -0.205
2026-04-22 2707 1451.837 -5.984 -0.41
2026-04-23 2697 1447.098 -4.739 -0.326
2026-04-24 2701 1442.408 -4.69 -0.324
2026-04-25 2701 1440.265 -2.143 -0.149
2026-04-26 2701 1440.265 0 0
2026-04-27 2707 1440.265 0 0
2026-04-28 2704 1441.507 1.242 0.086
2026-04-29 2714 1435.677 -5.83 -0.404
2026-04-30 2720 1431.059 -4.618 -0.322
2026-05-01 2720 1430.156 -0.903 -0.063
2026-05-02 2722 1430.156 0 0
2026-05-04 2726 1430.156 0 0
2026-05-05 2740 1427.542 -2.614 -0.183
2026-05-06 2745 1427.542 0 0
2026-05-07 2756 1434.671 7.129 0.499
2026-05-08 2751 1440.209 5.538 0.386
2026-05-09 2755 1436.683 -3.526 -0.245
2026-05-10 2755 1436.683 0 0
2026-05-11 2758 1436.683 0 0
<<<<<<< HEAD
2026-05-12 2754 1424.172 -12.511 -0.871
2026-05-13 2760 1419.315 -4.857 -0.341
2026-05-14 2757 1418.351 -0.964 -0.068
2026-05-15 2741 1417.425 -0.926 -0.065
2026-05-16 2740 1414.525 -2.9 -0.205
2026-05-17 2740 1414.525 0 0
2026-05-18 2734 1414.525 0 0
2026-05-19 2739 1408.744 -5.781 -0.409
2026-05-20 2744 1406.246 -2.498 -0.177
2026-05-21 2751 1401.889 -4.357 -0.31
2026-05-22 2766 1401.889 0 0
2026-05-23 2739 1418.127 16.238 1.158
2026-05-24 2739 1418.127 0 0
2026-05-26 2741 1418.127 0 0
2026-05-27 2734 1418.609 0.482 0.034
2026-05-28 2741 1418.517 -0.092 -0.006
2026-05-29 2727 1418.517 0 0
2026-05-31 2721 1428.857 10.34 0.729
2026-06-01 2724 1428.857 0 0
2026-06-02 2723 1428.875 0.018 0.001
2026-06-03 2720 1424.845 -4.03 -0.282
2026-06-04 2723 1418.183 -6.662 -0.468
2026-06-05 2721 1417.054 -1.129 -0.08
2026-06-06 2699 1429.816 12.762 0.901
2026-06-07 2699 1429.816 0 0
2026-06-08 2686 1429.816 0 0
2026-06-09 2703 1418.257 -11.559 -0.808
2026-06-10 2695 1423.518 5.261 0.371
2026-06-11 2691 1424.77 1.252 0.088
2026-06-12 2718 1417.554 -7.216 -0.506
2026-06-13 2709 1427.204 9.65 0.681
2026-06-15 2722 1427.204 0 0
2026-06-16 2725 1433.099 5.895 0.413
2026-06-17 2720 1435.524 2.425 0.169
2026-06-18 2717 1435.943 0.419 0.029
2026-06-19 2698 1438.967 3.024 0.211
2026-06-20 2698 1438.967 0 0
2026-06-21 2698 1438.967 0 0
2026-06-23 2703 1433.648 -5.319 -0.37
2026-06-24 2700 1432.712 -0.936 -0.065
2026-06-25 2701 1434.056 1.344 0.094
2026-06-26 2689 1438.033 3.977 0.277
2026-06-27 2690 1438.033 0 0
2026-06-28 2690 1438.033 0 0
2026-06-29 2700 1438.033 0 0
2026-06-30 2702 1435.885 -2.148 -0.149
2026-07-01 2707 1434.009 -1.876 -0.131
2026-07-02 2723 1425.406 -8.603 -0.6
2026-07-03 2726 1422.978 -2.428 -0.17
2026-07-04 2726 1422.978 0 0
2026-07-05 2726 1422.978 0 0
2026-07-06 2728 1422.978 0 0
2026-07-07 2720 1422.903 -0.075 -0.005
2026-07-08 2701 1429.346 6.443 0.453
2026-07-09 2724 1420.428 -8.918 -0.624
2026-07-10 2721 1423.052 2.624 0.185
2026-07-11 2725 1423.966 0.914 0.064
2026-07-12 2725 1423.966 0 0
2026-07-13 2716 1423.966 0 0
2026-07-14 2721 1419.583 -4.383 -0.308
2026-07-15 2742 1410.997 -8.586 -0.605
2026-07-16 2742 1410.098 -0.899 -0.064
2026-07-17 2731 1408.763 -1.335 -0.095
2026-07-18 2729 1409.807 1.044 0.074
2026-07-19 2728 1409.807 0 0
2026-07-20 2723 1409.807 0 0
2026-07-21 2735 1407.348 -2.459 -0.174
2026-07-22 2718 1410.502 3.154 0.224
2026-07-23 2727 1405.572 -4.93 -0.35
2026-07-24 2719 1405.591 0.019 0.001
2026-07-25 2723 1405.663 0.072 0.005
2026-07-26 2723 1405.663 0 0
2026-07-27 2736 1405.663 0 0
2026-07-28 2717 1415.391 9.728 0.692
2026-07-29 2716 1416.075 0.684 0.048
2026-07-30 2706 1419.147 3.072 0.217
2026-07-31 2722 1418.721 -0.426 -0.03
2026-08-01 2719 1422.642 3.921 0.276
2026-08-02 2719 1422.642 0 0
2026-08-03 2725 1422.642 0 0
2026-08-04 2732 1423.77 1.128 0.079
2026-08-05 2741 1423.07 -0.7 -0.049
2026-08-06 2737 1426.924 3.854 0.271
2026-08-07 2752 1425.481 -1.443 -0.101
2026-08-08 2752 1425.705 0.224 0.016
2026-08-09 2752 1425.705 0 0
2026-08-10 2750 1425.705 0 0
2026-08-11 2752 1425.705 0 0
2026-08-12 2750 1422.214 -3.491 -0.245
2026-08-13 2740 1423.855 1.641 0.115
=======
2026-05-12 2755 1436.683 0 0
2026-05-13 2752 1424.172 0 0
2026-05-14 2758 1419.315 0 0
2026-05-15 2756 1418.351 0 0
2026-05-16 2741 1417.425 0 0
2026-05-17 2740 1414.525 0 0
2026-05-18 2735 1414.525 0 0
2026-05-19 2735 1414.525 0 0
2026-05-20 2736 1408.744 0 0
2026-05-21 2751 1406.246 0 0
2026-05-22 2760 1401.889 0 0
2026-05-23 2766 1401.889 0 0
2026-05-24 2739 1418.127 0 0
2026-05-25 2739 1418.127 0 0
2026-05-26 2739 1418.127 0 0
2026-05-27 2738 1418.127 0 0
2026-05-28 2733 1418.609 0 0
2026-05-29 2738 1418.517 0 0
2026-05-30 2727 1418.517 0 0
2026-05-31 2721 1428.857 0 0
2026-06-01 2728 1428.857 0 0
2026-06-02 2722 1428.857 0 0
2026-06-03 2723 1428.875 0 0
2026-06-04 2717 1424.845 0 0
2026-06-05 2725 1418.183 0 0
2026-06-06 2721 1417.054 0 0
2026-06-07 2699 1429.816 0 0
2026-06-09 2689 1429.816 0 0
2026-06-10 2697 1418.257 0 0
2026-06-11 2689 1423.518 0 0
2026-06-12 2699 1424.77 0 0
2026-06-13 2718 1417.554 0 0
2026-06-14 2709 1427.204 0 0
2026-06-16 2722 1427.204 0 0
2026-06-17 2721 1433.099 0 0
2026-06-18 2717 1435.524 0 0
2026-06-19 2710 1435.943 0 0
2026-06-20 2698 1438.967 0 0
2026-06-21 2698 1438.967 0 0
2026-06-22 2705 1438.967 0 0
2026-06-23 2698 1438.967 0 0
2026-06-24 2702 1433.648 0 0
2026-06-25 2703 1432.712 0 0
2026-06-26 2688 1434.056 0 0
2026-06-27 2689 1438.033 0 0
2026-06-28 2690 1438.033 0 0
2026-06-29 2692 1438.033 0 0
2026-06-30 2697 1438.033 0 0
2026-07-01 2706 1435.885 0 0
2026-07-02 2709 1434.009 0 0
2026-07-03 2725 1425.406 0 0
2026-07-04 2726 1422.978 0 0
2026-07-05 2726 1422.978 0 0
2026-07-06 2727 1422.978 0 0
2026-07-07 2724 1422.978 0 0
2026-07-08 2715 1422.903 0 0
2026-07-09 2695 1429.346 0 0
2026-07-10 2729 1420.428 0 0
2026-07-11 2721 1423.052 0 0
2026-07-12 2725 1423.966 0 0
2026-07-13 2718 1423.966 0 0
2026-07-14 2715 1423.966 0 0
2026-07-15 2723 1419.583 0 0
2026-07-16 2740 1410.997 0 0
2026-07-17 2734 1410.098 0 0
2026-07-18 2731 1408.763 0 0
2026-07-19 2729 1409.807 0 0
2026-07-20 2726 1409.807 0 0
2026-07-21 2721 1409.807 0 0
2026-07-22 2733 1407.348 0 0
2026-07-23 2723 1410.502 0 0
2026-07-24 2721 1405.572 0 0
2026-07-25 2719 1405.591 0 0
2026-07-26 2723 1405.663 0 0
2026-07-27 2733 1405.663 0 0
2026-07-28 2733 1405.663 0 0
2026-07-29 2718 1415.391 0 0
2026-07-30 2717 1416.075 0 0
2026-07-31 2716 1419.147 0 0
2026-08-01 2722 1418.721 0 0
2026-08-02 2719 1422.642 0 0
2026-08-03 2721 1422.642 0 0
2026-08-04 2726 1422.642 0 0
2026-08-05 2735 1423.77 0 0
2026-08-06 2747 1423.07 0 0
2026-08-07 2741 1426.924 0 0
2026-08-08 2752 1425.481 0 0
2026-08-09 2752 1425.705 0 0
2026-08-10 2747 1425.705 0 0
2026-08-11 2751 1425.705 0 0
2026-08-12 2757 1425.705 0 0
2026-08-13 2745 1422.214 0 0
2026-08-14 2743 1423.855 0 0
>>>>>>> 2b550085baac25c543016ca743053a87bf115d5d
2026-08-15 2739 1422.158 0 0
2026-08-16 2745 1422.381 0 0
2026-08-17 2745 1422.381 0 0
2026-08-18 2749 1422.381 0 0
2026-08-19 2753 1419.723 0 0
2026-08-20 2752 1418.683 0 0
2026-08-21 2753 1417.517 0 0
2026-08-22 2762 1418.211 0 0
2026-08-24 2766 1418.22 0 0
2026-08-25 2764 1418.22 0 0
2026-08-26 2764 1417.72 0 0
2026-08-27 2767 1422.605 0 0
2026-08-28 2761 1422.605 0 0
2026-08-29 2765 1420.689 0 0
2026-08-30 2758 1423.052 0 0
2026-08-31 2760 1423.052 0 0
