2026-03-10 3212 1107.374 0 0
2026-03-11 3212 1107.374 0 0
2026-03-12 3206 1107.374 0 0
2026-03-13 3204 1107.374 0 0
2026-03-14 3199 1107.374 0 0
2026-03-15 3198 1107.374 0 0
2026-03-16 3196 1107.374 0 0
2026-03-17 3197 1107.374 0 0
2026-03-18 3204 1107.374 0 0
2026-03-19 3188 1107.374 0 0
2026-03-20 3175 1107.374 0 0
2026-03-21 3172 1107.374 0 0
2026-03-22 3172 1107.374 0 0
2026-03-23 3164 1107.374 0 0
2026-03-24 3166 1107.374 0 0
2026-03-25 3177 1107.374 0 0
2026-03-27 3164 1107.374 0 0
2026-03-28 3160 1107.374 0 0
2026-03-29 3160 1107.374 0 0
2026-03-30 3154 1107.374 0 0
2026-03-31 3152 1107.374 0 0
2026-04-01 3169 1107.374 0 0
2026-04-02 3166 1107.374 0 0
2026-04-03 3162 1107.374 0 0
2026-04-04 3162 1107.374 0 0
2026-04-05 3162 1107.374 0 0
2026-04-06 3165 1107.374 0 0
2026-04-07 3163 1107.374 0 0
2026-04-08 3189 1107.374 0 0
2026-04-09 3197 1107.374 0 0
2026-04-10 3204 1107.374 0 0
2026-04-11 3209 1107.374 0 0
2026-04-12 3209 1107.374 0 0
2026-04-13 3212 1107.374 0 0
2026-04-14 3224 1107.374 0 0
2026-04-15 3235 1107.374 0 0
2026-04-16 3242 1107.374 0 0
2026-04-17 3241 1107.374 0 0
2026-04-18 3243 1107.374 0 0
2026-04-19 3243 1107.374 0 0
2026-04-20 3242 1107.374 0 0
2026-04-21 3241 1107.374 0 0
2026-04-22 3243 1107.374 0 0
2026-04-23 3229 1107.374 0 0
2026-04-24 3225 1107.374 0 0
2026-04-25 3220 1107.374 0 0
2026-04-26 3220 1107.374 0 0
2026-04-27 3220 1107.374 0 0
2026-04-28 3216 1107.374 0 0
2026-04-29 3210 1107.374 0 0
2026-04-30 3207 1107.374 0 0
2026-05-01 3216 1107.374 0 0
2026-05-02 3219 1107.374 0 0
2026-05-04 3219 1107.374 0 0
2026-05-05 3232 1107.374 0 0
2026-05-06 3235 1107.374 0 0
2026-05-07 3250 1107.374 0 0
2026-05-08 3257 1107.374 0 0
2026-05-09 3255 1107.374 0 0
2026-05-10 3255 1107.374 0 0
2026-05-11 3250 1107.374 0 0
2026-05-12 3238 1107.374 0 0
2026-05-13 3243 1107.374 0 0
2026-05-14 3236 1107.374 0 0
2026-05-15 3227 1107.374 0 0
2026-05-16 3225 1107.374 0 0
2026-05-17 3225 1107.374 0 0
2026-05-18 3220 1107.374 0 0
2026-05-19 3220 1107.374 0 0
2026-05-20 3227 1107.374 0 0
2026-05-21 3230 1107.374 0 0
2026-05-22 3225 1107.374 0 0
2026-05-23 3224 1107.374 0 0
2026-05-24 3224 1107.374 0 0
2026-05-26 3236 1107.374 0 0
2026-05-27 3235 1107.374 0 0
2026-05-28 3226 1107.374 0 0
2026-05-29 3226 1107.374 0 0
2026-05-31 3228 1107.374 0 0
2026-06-01 3223 1107.374 0 0
2026-06-02 3220 1107.374 0 0
2026-06-03 3205 1107.374 0 0
2026-06-04 3197 1107.374 0 0
2026-06-05 3199 1107.374 0 0
2026-06-06 3197 1107.374 0 0
2026-06-07 3197 1107.374 0 0
2026-06-08 3183 1107.374 0 0
2026-06-09 3173 1107.374 0 0
2026-06-10 3173 1107.374 0 0
2026-06-11 3171 1107.374 0 0
2026-06-12 3183 1107.374 0 0
2026-06-13 3189 1107.374 0 0
2026-06-15 3204 1107.374 0 0
2026-06-16 3203 1107.374 0 0
2026-06-17 3199 1107.374 0 0
2026-06-18 3199 1107.374 0 0
2026-06-19 3191 1107.374 0 0
2026-06-20 3191 1107.374 0 0
2026-06-21 3191 1107.374 0 0
2026-06-23 3179 1107.374 0 0
2026-06-24 3176 1107.374 0 0
2026-06-25 3170 1107.374 0 0
2026-06-26 3167 1107.374 0 0
2026-06-27 3169 1107.374 0 0
2026-06-28 3169 1107.374 0 0
2026-06-29 3178 1107.374 0 0
2026-06-30 3177 1107.374 0 0
2026-07-01 3185 1107.374 0 0
2026-07-02 3184 1107.374 0 0
2026-07-03 3196 1107.374 0 0
2026-07-04 3196 1107.374 0 0
2026-07-05 3196 1107.374 0 0
2026-07-06 3197 1107.374 0 0
2026-07-07 3194 1107.374 0 0
2026-07-08 3185 1107.374 0 0
2026-07-09 3185 1107.374 0 0
2026-07-10 3194 1107.374 0 0
2026-07-11 3195 1107.374 0 0
2026-07-12 3195 1107.374 0 0
2026-07-13 3188 1107.374 0 0
2026-07-14 3190 1107.374 0 0
2026-07-15 3195 1107.374 0 0
2026-07-16 3193 1107.374 0 0
2026-07-17 3170 1107.374 0 0
2026-07-18 3167 1107.374 0 0
2026-07-19 3166 1107.374 0 0
2026-07-20 3168 1107.374 0 0
2026-07-21 3167 1107.374 0 0
2026-07-22 3169 1107.374 0 0
2026-07-23 3179 1107.374 0 0
2026-07-24 3162 1107.374 0 0
2026-07-25 3163 1107.374 0 0
2026-07-26 3163 1107.374 0 0
2026-07-27 3171 1107.374 0 0
2026-07-28 3171 1107.374 0 0
2026-07-29 3182 1107.374 0 0
2026-07-30 3177 1107.374 0 0
2026-07-31 3194 1107.374 0 0
2026-08-01 3196 1107.374 0 0
2026-08-02 3196 1107.374 0 0
2026-08-03 3203 1107.374 0 0
2026-08-04 3212 1107.374 0 0
2026-08-05 3220 1107.374 0 0
2026-08-06 3223 1107.374 0 0
2026-08-07 3224 1107.374 0 0
2026-08-08 3226 1107.374 0 0
2026-08-09 3226 1107.374 0 0
2026-08-10 3232 1107.374 0 0
2026-08-11 3231 1107.374 0 0
2026-08-12 3235 1107.374 0 0
2026-08-13 3233 1107.374 0 0
2026-08-15 3231 1107.374 0 0
2026-08-16 3231 1107.374 0 0
2026-08-17 3223 1107.374 0 0
2026-08-18 3224 1107.374 0 0
2026-08-19 3218 1107.374 0 0
2026-08-20 3224 1107.374 0 0
2026-08-21 3226 1107.374 0 0
2026-08-23 3227 1107.374 0 0
2026-08-24 3221 1107.374 0 0
2026-08-25 3227 1107.374 0 0
2026-08-26 3236 1107.374 0 0
2026-08-27 3240 1107.374 0 0
2026-08-28 3240 1107.374 0 0
2026-08-29 3239 1107.374 0 0
2026-08-30 3239 1107.374 0 0
2026-08-31 3242 1107.374 0 0
2026-09-01 3241 1107.374 0 0
2026-09-02 3232 1107.374 0 0
