2026-05-12 3261 1097.622 0 0
2026-05-13 3249 1102.026 4.404 0.401
2026-05-14 3314 1054.59 -47.436 -4.304
2026-05-15 3356 1016.83 -37.76 -3.581
2026-05-16 3360 1014.065 -2.765 -0.272
2026-05-17 3360 1014.065 0 0
2026-05-18 3330 1035.072 21.007 2.072
2026-05-19 3371 1003.448 -31.624 -3.055
2026-05-20 3355 1015.031 11.583 1.154
2026-05-21 3365 1014.688 -0.343 -0.034
2026-05-22 3321 1050.055 35.367 3.486
2026-05-23 3318 1051.817 1.762 0.168
2026-05-24 3318 1051.817 0 0
2026-05-26 3256 1098.48 46.663 4.436
2026-05-27 3322 1048.66 -49.82 -4.535
2026-05-28 3284 1077.685 29.025 2.768
2026-05-29 3360 1017.315 -60.37 -5.602
2026-05-31 3366 1019.043 1.728 0.17
2026-06-01  919.43 -99.613 -9.775
2026-06-17 3326 1027.231 107.801 11.725
2026-06-18 3317 1032.337 5.106 0.497
2026-06-19 3314 1031.558 -0.779 -0.075
2026-06-20 3314 1031.558 0 0
2026-06-21 3314 1031.558 0 0
2026-06-23  981.112 -50.446 -4.89
2026-06-25 3317 1012.537 31.425 3.203
2026-06-26 3259 1050.017 37.48 3.702
2026-06-27 3263 1049.832 -0.185 -0.018
2026-06-28 3263 1049.832 0 0
2026-06-29  998.569 -51.263 -4.883
2026-07-01  973.008 -25.561 -2.56
