2026-03-10 2398 1686.761 0 0
2026-03-11 2397 1694.619 7.858 0.466
2026-03-12 2393 1682.859 -11.76 -0.694
2026-03-13 2391 1676.46 -6.399 -0.38
2026-03-14 2394 1665.141 -11.319 -0.675
2026-03-15 2394 1665.141 0 0
2026-03-16 2391 1665.141 0 0
2026-03-17 2388 1671.069 5.928 0.356
2026-03-18 2389 1671.069 0 0
2026-03-19 2380 1675.109 4.04 0.242
2026-03-20 2374 1675.302 0.193 0.012
2026-03-21 2365 1679.751 4.449 0.266
2026-03-22 2365 1679.751 0 0
2026-03-23 2357 1679.751 0 0
2026-03-24 2363 1685.784 6.033 0.359
2026-03-25 2363 1684.613 -1.171 -0.069
2026-03-27 2363 1684.613 0 0
2026-03-28 2365 1676.267 -8.346 -0.495
2026-03-29 2365 1676.267 0 0
2026-03-30 2360 1676.267 0 0
2026-03-31 2364 1668.195 -8.072 -0.482
2026-04-01 2369 1676.46 8.265 0.495
2026-04-02 2359 1691.27 14.81 0.883
2026-04-03 2367 1680.721 -10.549 -0.624
2026-04-04 2367 1680.721 0 0
2026-04-05 2367 1680.721 0 0
2026-04-06 2368 1680.721 0 0
2026-04-07 2368 1679.363 -1.358 -0.081
2026-04-08 2387 1679.363 0 0
2026-04-09 2374 1701.555 22.192 1.321
2026-04-10 2376 1700.164 -1.391 -0.082
2026-04-11 2374 1706.545 6.381 0.375
2026-04-12 2374 1706.545 0 0
2026-04-13 2376 1706.545 0 0
2026-04-14 2388 1703.947 -2.598 -0.152
2026-04-15 2390 1718.233 14.286 0.838
2026-04-16 2392 1716.612 -1.621 -0.094
2026-04-17 2408 1712.772 -3.84 -0.224
2026-04-18 2401 1718.842 6.07 0.354
2026-04-19 2401 1718.842 0 0
2026-04-20 2409 1718.842 0 0
2026-04-21 2413 1712.772 -6.07 -0.353
2026-04-22 2415 1709.954 -2.818 -0.165
2026-04-23 2412 1704.945 -5.009 -0.293
2026-04-24 2409 1703.947 -0.998 -0.059
2026-04-25 2408 1703.149 -0.798 -0.047
2026-04-26 2408 1703.149 0 0
2026-04-27 2404 1703.149 0 0
2026-04-28 2399 1707.546 4.397 0.258
2026-04-29 2402 1702.551 -4.995 -0.293
2026-04-30 2405 1702.352 -0.199 -0.012
2026-05-01 2407 1706.745 4.393 0.258
2026-05-02 2406 1712.168 5.423 0.318
2026-05-04 2403 1712.168 0 0
<<<<<<< HEAD
2026-05-05 2418 1703.548 -8.62 -0.503
2026-05-06 2418 1703.548 0 0
2026-05-07 2427 1710.557 7.009 0.411
2026-05-08 2425 1713.579 3.022 0.177
2026-05-09 2427 1713.176 -0.403 -0.024
2026-05-10 2427 1713.176 0 0
2026-05-11 2422 1713.176 0 0
2026-05-12 2409 1713.983 0.807 0.047
2026-05-13 2414 1707.546 -6.437 -0.376
2026-05-14 2411 1703.548 -3.998 -0.234
2026-05-15 2410 1699.369 -4.179 -0.245
2026-05-16 2412 1692.254 -7.115 -0.419
2026-05-17 2412 1692.254 0 0
2026-05-18 2406 1692.254 0 0
2026-05-19 2413 1693.83 1.576 0.093
2026-05-20 2423 1687.348 -6.482 -0.383
2026-05-21 2419 1690.681 3.333 0.198
2026-05-22 2418 1690.681 0 0
2026-05-23 2423 1687.543 -3.138 -0.186
2026-05-24 2423 1687.543 0 0
2026-05-26 2431 1687.543 0 0
2026-05-27 2424 1691.27 3.727 0.221
2026-05-28 2418 1691.664 0.394 0.023
2026-05-29 2412 1694.619 2.955 0.175
2026-05-31 2411 1697.981 3.362 0.198
2026-06-01 2410 1697.981 0 0
2026-06-02 2414 1690.288 -7.693 -0.453
2026-06-03 2406 1694.224 3.936 0.233
2026-06-04 2411 1689.503 -4.721 -0.279
2026-06-05 2400 1692.254 2.751 0.163
2026-06-06 2407 1681.886 -10.368 -0.613
2026-06-07 2407 1681.886 0 0
2026-06-08 2388 1681.886 0 0
2026-06-09 2400 1679.363 -2.523 -0.15
2026-06-10 2399 1682.275 2.912 0.173
2026-06-11 2403 1680.915 -1.36 -0.081
2026-06-12 2417 1675.881 -5.034 -0.299
2026-06-13 2417 1684.028 8.147 0.486
2026-06-15 2425 1684.028 0 0
2026-06-16 2425 1688.915 4.887 0.29
2026-06-17 2421 1688.915 0 0
2026-06-18 2415 1686.175 -2.74 -0.162
2026-06-19 2426 1671.261 -14.914 -0.884
2026-06-20 2427 1671.261 0 0
2026-06-21 2427 1671.261 0 0
2026-06-23 2426 1665.331 -5.93 -0.355
2026-06-24 2439 1656.232 -9.099 -0.546
2026-06-25 2438 1650.034 -6.198 -0.374
2026-06-26 2427 1655.29 5.256 0.319
2026-06-27 2426 1657.931 2.641 0.16
2026-06-28 2426 1657.931 0 0
2026-06-29 2438 1657.931 0 0
2026-06-30 2438 1661.907 3.976 0.24
2026-07-01 2444 1663.427 1.52 0.091
2026-07-02 2456 1657.742 -5.685 -0.342
2026-07-03 2451 1664.95 7.208 0.435
2026-07-04 2451 1664.95 0 0
2026-07-05 2451 1664.95 0 0
2026-07-06 2456 1664.95 0 0
2026-07-07 2458 1661.338 -3.612 -0.217
2026-07-08 2441 1663.618 2.28 0.137
2026-07-09 2446 1659.633 -3.985 -0.24
2026-07-10 2445 1663.427 3.794 0.229
2026-07-11 2449 1662.097 -1.33 -0.08
2026-07-12 2449 1662.097 0 0
2026-07-13 2437 1662.097 0 0
2026-07-14 2449 1659.443 -2.654 -0.16
2026-07-15 2447 1665.141 5.698 0.343
2026-07-16 2445 1663.998 -1.143 -0.069
2026-07-17 2421 1664.95 0.952 0.057
2026-07-18 2420 1664.569 -0.381 -0.023
2026-07-19 2419 1664.569 0 0
2026-07-20 2421 1664.569 0 0
2026-07-21 2432 1659.633 -4.936 -0.297
2026-07-22 2429 1659.443 -0.19 -0.011
2026-07-23 2430 1660.201 0.758 0.046
2026-07-24 2426 1654.537 -5.664 -0.341
2026-07-25 2426 1655.667 1.13 0.068
2026-07-26 2426 1655.667 0 0
2026-07-27 2435 1655.667 0 0
2026-07-28 2432 1654.537 -1.13 -0.068
2026-07-29 2432 1656.609 2.072 0.125
2026-07-30 2433 1656.044 -0.565 -0.034
2026-07-31 2430 1673.76 17.716 1.07
2026-08-01 2430 1674.146 0.386 0.023
2026-08-02 2430 1674.146 0 0
2026-08-03 2443 1674.146 0 0
2026-08-04 2448 1675.302 1.156 0.069
2026-08-05 2452 1676.654 1.352 0.081
2026-08-06 2442 1680.915 4.261 0.254
2026-08-07 2457 1678.394 -2.521 -0.15
2026-08-08 2454 1681.109 2.715 0.162
2026-08-09 2454 1681.109 0 0
2026-08-10 2453 1681.109 0 0
2026-08-11 2451 1681.109 0 0
2026-08-12 2452 1679.363 -1.746 -0.104
2026-08-13 2450 1679.363 0 0
=======
2026-05-05 2403 1712.168 0 0
2026-05-06 2416 1703.548 0 0
2026-05-07 2420 1703.548 0 0
2026-05-08 2424 1710.557 0 0
2026-05-09 2426 1713.579 0 0
2026-05-10 2428 1713.176 0 0
2026-05-11 2432 1713.176 0 0
2026-05-12 2421 1713.176 0 0
2026-05-13 2411 1713.983 0 0
2026-05-14 2404 1707.546 0 0
2026-05-15 2414 1703.548 0 0
2026-05-16 2411 1699.369 0 0
2026-05-17 2413 1692.254 0 0
2026-05-18 2404 1692.254 0 0
2026-05-19 2410 1692.254 0 0
2026-05-20 2417 1693.83 0 0
2026-05-21 2424 1687.348 0 0
2026-05-22 2417 1690.681 0 0
2026-05-23 2419 1690.681 0 0
2026-05-24 2424 1687.543 0 0
2026-05-25 2425 1687.543 0 0
2026-05-26 2430 1687.543 0 0
2026-05-27 2433 1687.543 0 0
2026-05-28 2418 1691.27 0 0
2026-05-29 2414 1691.664 0 0
2026-05-30 2413 1694.619 0 0
2026-05-31 2412 1697.981 0 0
2026-06-01 2415 1697.981 0 0
2026-06-02 2408 1697.981 0 0
2026-06-03 2418 1690.288 0 0
2026-06-04 2402 1694.224 0 0
2026-06-05 2415 1689.503 0 0
2026-06-06 2401 1692.254 0 0
2026-06-07 2408 1681.886 0 0
2026-06-09 2394 1681.886 0 0
2026-06-10 2402 1679.363 0 0
2026-06-11 2397 1682.275 0 0
2026-06-12 2413 1680.915 0 0
2026-06-13 2418 1675.881 0 0
2026-06-14 2418 1684.028 0 0
2026-06-16 2429 1684.028 0 0
2026-06-17 2424 1688.915 0 0
2026-06-18 2414 1688.915 0 0
2026-06-19 2417 1686.175 0 0
2026-06-20 2427 1671.261 0 0
2026-06-21 2428 1671.261 0 0
2026-06-22 2428 1671.261 0 0
2026-06-23 2427 1671.261 0 0
2026-06-24 2427 1665.331 0 0
2026-06-25 2437 1656.232 0 0
2026-06-26 2430 1650.034 0 0
2026-06-27 2428 1655.29 0 0
2026-06-28 2427 1657.931 0 0
2026-06-29 2440 1657.931 0 0
2026-06-30 2439 1657.931 0 0
2026-07-01 2440 1661.907 0 0
2026-07-02 2447 1663.427 0 0
2026-07-03 2460 1657.742 0 0
2026-07-04 2452 1664.95 0 0
2026-07-05 2452 1664.95 0 0
2026-07-06 2456 1664.95 0 0
2026-07-07 2455 1664.95 0 0
2026-07-08 2460 1661.338 0 0
2026-07-09 2438 1663.618 0 0
2026-07-10 2453 1659.633 0 0
2026-07-11 2446 1663.427 0 0
2026-07-12 2450 1662.097 0 0
2026-07-13 2445 1662.097 0 0
2026-07-14 2436 1662.097 0 0
2026-07-15 2451 1659.443 0 0
2026-07-16 2451 1665.141 0 0
2026-07-17 2434 1663.998 0 0
2026-07-18 2422 1664.95 0 0
2026-07-19 2421 1664.569 0 0
2026-07-20 2422 1664.569 0 0
2026-07-21 2424 1664.569 0 0
2026-07-22 2434 1659.633 0 0
2026-07-23 2432 1659.443 0 0
2026-07-24 2426 1660.201 0 0
2026-07-25 2427 1654.537 0 0
2026-07-26 2427 1655.667 0 0
2026-07-27 2429 1655.667 0 0
2026-07-28 2433 1655.667 0 0
2026-07-29 2434 1654.537 0 0
2026-07-30 2432 1656.609 0 0
2026-07-31 2442 1656.044 0 0
2026-08-01 2431 1673.76 0 0
2026-08-02 2431 1674.146 0 0
2026-08-03 2436 1674.146 0 0
2026-08-04 2445 1674.146 0 0
2026-08-05 2452 1675.302 0 0
2026-08-06 2453 1676.654 0 0
2026-08-07 2440 1680.915 0 0
2026-08-08 2458 1678.394 0 0
2026-08-09 2455 1681.109 0 0
2026-08-10 2454 1681.109 0 0
2026-08-11 2454 1681.109 0 0
2026-08-12 2449 1681.109 0 0
2026-08-13 2454 1679.363 0 0
2026-08-14 2453 1679.363 0 0
>>>>>>> 2b550085baac25c543016ca743053a87bf115d5d
2026-08-15 2454 1679.751 0 0
