2026-03-10 2449 1637.731 0 0
2026-03-11 2436 1650.981 13.25 0.809
2026-03-12 2467 1608.828 -42.153 -2.553
2026-03-13 2470 1599.931 -8.897 -0.553
2026-03-14 2477 1589.128 -10.803 -0.675
2026-03-15 2477 1589.128 0 0
2026-03-16 2475 1587.288 -1.84 -0.116
2026-03-17 2446 1616.03 28.742 1.811
2026-03-18 2396 1664.059 48.029 2.972
2026-03-19 2728 1388.47 -275.589 -16.561
2026-03-20 2717 1389.556 1.086 0.078
2026-03-21 2705 1393.245 3.689 0.265
2026-03-22 2705 1393.245 0 0
2026-03-23 2599 1450.808 57.563 4.132
2026-03-24 2591 1466.269 15.461 1.066
2026-03-25 2499 1560.224 93.955 6.408
2026-03-27 2584 1476.423 -83.801 -5.371
2026-03-28 2587 1469.109 -7.314 -0.495
2026-03-29 2587 1469.109 0 0
2026-03-30 2573 1487.639 18.53 1.261
2026-03-31 2588 1470.333 -17.306 -1.163
2026-04-01 2486 1566.573 96.24 6.545
2026-04-02 2490 1569.195 2.622 0.167
2026-04-03 2498 1559.407 -9.788 -0.624
2026-04-04 2498 1559.407 0 0
2026-04-05 2498 1559.407 0 0
2026-04-06 2498 1559.407 0 0
2026-04-07 2502 1555.362 -4.045 -0.259
2026-04-08 2361 1705.734 150.372 9.668
2026-04-09 2406 1669.964 -35.77 -2.097
2026-04-10 2373 1703.368 33.404 2
2026-04-11 2371 1709.761 6.393 0.375
2026-04-12 2371 1709.761 0 0
2026-04-13 2389 1697.499 -12.262 -0.717
2026-04-14 2376 1717.518 20.019 1.179
2026-04-15 2353 1751.862 34.344 2
2026-04-16 2337 1767.287 15.425 0.88
2026-04-17 2202 1909.124 141.837 8.026
2026-04-18 2193 1915.89 6.766 0.354
2026-04-19 2193 1915.89 0 0
2026-04-20 2246 1862.688 -53.202 -2.777
2026-04-21 2270 1836.229 -26.459 -1.42
2026-04-22 2271 1838.879 2.65 0.144
2026-04-23 2206 1878.725 39.846 2.167
2026-04-24 2252 1839.953 -38.772 -2.064
2026-04-25 2251 1839.091 -0.862 -0.047
2026-04-26 2251 1839.091 0 0
2026-04-27 2277 1815.557 -23.534 -1.28
2026-04-28 2303 1792.875 -22.682 -1.249
2026-04-29 2299 1795.158 2.283 0.127
2026-04-30 2189 1890.923 95.765 5.335
2026-05-01 2192 1895.802 4.879 0.258
2026-05-02 2184 1901.826 6.024 0.318
2026-05-04 2181 1913.182 11.356 0.597
2026-05-05 2092 2002.417 89.235 4.664
2026-05-06 2113 1994.884 -7.533 -0.376
2026-05-07 2131 1988.91 -5.974 -0.299
2026-05-08 2051 2052.093 63.183 3.177
2026-05-09 2050 2051.61 -0.483 -0.024
2026-05-10 2050 2051.61 0 0
<<<<<<< HEAD
2026-05-11 2059 2042.141 -9.469 -0.462
2026-05-12 2144 1971.104 -71.037 -3.479
2026-05-13 2160 1949.545 -21.559 -1.094
2026-05-14 2075 2012.774 63.229 3.243
2026-05-15 1610 2606.157 593.383 29.481
2026-05-16 1609 2595.245 -10.912 -0.419
2026-05-17 1609 2595.245 0 0
2026-05-18 1498 2817.857 222.612 8.578
2026-05-19 1518 2779.288 -38.569 -1.369
2026-05-20 1462 2895.49 116.202 4.181
2026-05-21 1459 2901.209 5.719 0.198
2026-05-22 1353 3146.042 244.833 8.439
2026-05-23 1358 3140.203 -5.839 -0.186
2026-05-24 1358 3140.203 0 0
2026-05-26 1354 3153.262 13.059 0.416
2026-05-27 1375 3117.225 -36.037 -1.143
2026-05-28 1293 3334.874 217.649 6.982
2026-05-29 1349 3166.483 -168.391 -5.049
2026-05-31 1345 3172.765 6.282 0.198
2026-06-01 1325 3244.092 71.327 2.248
2026-06-02 1268 3395.692 151.6 4.673
2026-06-03 1302 3308.084 -87.608 -2.58
2026-06-04 1351 3168.129 -139.955 -4.231
2026-06-05 1383 3042.34 -125.789 -3.97
2026-06-06 1388 3023.701 -18.639 -0.613
2026-06-07 1388 3023.701 0 0
2026-06-08 1380 3019.982 -3.719 -0.123
2026-06-09 1397 2995.03 -24.952 -0.826
2026-06-10 1410 2951.873 -43.157 -1.441
2026-06-11 1364 3077.699 125.826 4.263
2026-06-12 1309 3231.51 153.811 4.998
2026-06-13 1308 3247.219 15.709 0.486
2026-06-15 1236 3474.333 227.114 6.994
2026-06-16 1225 3514.287 39.954 1.15
2026-06-17 1183 3641.243 126.956 3.613
2026-06-18 1169 3674.479 33.236 0.913
2026-06-19 1186 3617.963 -56.516 -1.538
2026-06-20 1186 3617.963 0 0
2026-06-21 1186 3617.963 0 0
2026-06-23 1227 3479.943 -138.02 -3.815
2026-06-24 1254 3402.341 -77.602 -2.23
2026-06-25 1281 3325.768 -76.573 -2.251
2026-06-26 1327 3175.337 -150.431 -4.523
2026-06-27 1327 3180.402 5.065 0.16
2026-06-28 1327 3180.402 0 0
2026-06-29 1310 3248.214 67.812 2.132
2026-06-30 1274 3358.885 110.671 3.407
2026-07-01 1289 3330.697 -28.188 -0.839
2026-07-02 1327 3181.873 -148.824 -4.468
2026-07-03 1316 3232.519 50.646 1.592
2026-07-04 1316 3232.519 0 0
2026-07-05 1316 3232.519 0 0
2026-07-06 1318 3223.316 -9.203 -0.285
2026-07-07 1387 3032.672 -190.644 -5.915
2026-07-08 1399 2981.662 -51.01 -1.682
2026-07-09 1368 3073.59 91.928 3.083
2026-07-10 1366 3086.134 12.544 0.408
2026-07-11 1366 3083.666 -2.468 -0.08
2026-07-12 1366 3083.666 0 0
2026-07-13 1374 3057.943 -25.723 -0.834
2026-07-14 1339 3152.119 94.176 3.08
2026-07-15 1385 3046.976 -105.143 -3.336
2026-07-16 1404 2976.826 -70.15 -2.302
2026-07-17 1438 2871.779 -105.047 -3.529
2026-07-18 1437 2871.122 -0.657 -0.023
2026-07-19 1437 2871.122 0 0
2026-07-20 1437 2874.802 3.68 0.128
2026-07-21 1388 3014.882 140.08 4.873
2026-07-22 1372 3042.054 27.172 0.901
2026-07-23 1397 3001.232 -40.822 -1.342
2026-07-24 1438 2872.108 -129.124 -4.302
2026-07-25 1436 2874.069 1.961 0.068
2026-07-26 1436 2874.069 0 0
2026-07-27 1531 2702.026 -172.043 -5.986
2026-07-28 1587 2594.101 -107.925 -3.994
2026-07-29 1635 2516.773 -77.328 -2.981
2026-07-30 1543 2671.52 154.747 6.149
2026-07-31 1528 2716.753 45.233 1.693
2026-08-01 1531 2717.378 0.625 0.023
2026-08-02 1531 2717.378 0 0
2026-08-03 1553 2678.514 -38.864 -1.43
2026-08-04 1494 2819.261 140.747 5.255
2026-08-05 1500 2812.268 -6.993 -0.248
2026-08-06 1412 2997.798 185.53 6.597
2026-08-07 1431 2969.183 -28.615 -0.955
2026-08-08 1429 2973.986 4.803 0.162
2026-08-09 1429 2973.986 0 0
2026-08-10 1507 2836.466 -137.52 -4.624
2026-08-11 1490 2856.909 20.443 0.721
2026-08-12 1417 3002.456 145.547 5.095
2026-08-13 1413 3015.451 12.995 0.433
=======
2026-05-11 2055 2051.61 0 0
2026-05-12 2057 2042.141 0 0
2026-05-13 2143 1971.104 0 0
2026-05-14 2157 1949.545 0 0
2026-05-15 2074 2012.774 0 0
2026-05-16 1610 2606.157 0 0
2026-05-17 1609 2595.245 0 0
2026-05-18 1607 2595.245 0 0
2026-05-19 1491 2817.857 0 0
2026-05-20 1515 2779.288 0 0
2026-05-21 1461 2895.49 0 0
2026-05-22 1430 2955.409 0 0
2026-05-23 1353 3146.042 0 0
2026-05-24 1358 3140.203 0 0
2026-05-25 1355 3140.203 0 0
2026-05-26 1335 3201.764 0 0
2026-05-27 1358 3153.262 0 0
2026-05-28 1335 3201.357 0 0
2026-05-29 1291 3334.874 0 0
2026-05-30 1349 3166.483 0 0
2026-05-31 1345 3172.765 0 0
2026-06-01 1349 3172.765 0 0
2026-06-02 1322 3244.092 0 0
2026-06-03 1267 3395.692 0 0
2026-06-04 1299 3308.084 0 0
2026-06-05 1348 3168.129 0 0
2026-06-06 1383 3042.34 0 0
2026-06-07 1388 3023.701 0 0
2026-06-09 1383 3019.982 0 0
2026-06-10 1393 2995.03 0 0
2026-06-11 1407 2951.873 0 0
2026-06-12 1371 3077.699 0 0
2026-06-13 1309 3231.51 0 0
2026-06-14 1308 3247.219 0 0
2026-06-16 1239 3474.333 0 0
2026-06-17 1227 3514.287 0 0
2026-06-18 1183 3641.243 0 0
2026-06-19 1170 3674.479 0 0
2026-06-20 1186 3617.963 0 0
2026-06-21 1186 3617.963 0 0
2026-06-22 1188 3617.963 0 0
2026-06-23 1166 3673.387 0 0
2026-06-24 1230 3479.943 0 0
2026-06-25 1258 3402.341 0 0
2026-06-26 1272 3325.768 0 0
2026-06-27 1327 3175.337 0 0
2026-06-28 1327 3180.402 0 0
2026-06-29 1322 3180.402 0 0
2026-06-30 1314 3248.214 0 0
2026-07-01 1277 3358.885 0 0
2026-07-02 1287 3330.697 0 0
2026-07-03 1332 3181.873 0 0
2026-07-04 1316 3232.519 0 0
2026-07-05 1316 3232.519 0 0
2026-07-06 1312 3232.519 0 0
2026-07-07 1317 3223.316 0 0
2026-07-08 1384 3032.672 0 0
2026-07-09 1400 2981.662 0 0
2026-07-10 1371 3073.59 0 0
2026-07-11 1366 3086.134 0 0
2026-07-12 1366 3083.666 0 0
2026-07-13 1362 3083.666 0 0
2026-07-14 1374 3057.943 0 0
2026-07-15 1338 3152.119 0 0
2026-07-16 1383 3046.976 0 0
2026-07-17 1402 2976.826 0 0
2026-07-18 1438 2871.779 0 0
2026-07-19 1437 2871.122 0 0
2026-07-20 1439 2871.122 0 0
2026-07-21 1437 2874.802 0 0
2026-07-22 1386 3014.882 0 0
2026-07-23 1375 3042.054 0 0
2026-07-24 1389 3001.232 0 0
2026-07-25 1438 2872.108 0 0
2026-07-26 1436 2874.069 0 0
2026-07-27 1438 2874.069 0 0
2026-07-28 1528 2702.026 0 0
2026-07-29 1592 2594.101 0 0
2026-07-30 1636 2516.773 0 0
2026-07-31 1552 2671.52 0 0
2026-08-01 1528 2716.753 0 0
2026-08-02 1531 2717.378 0 0
2026-08-03 1529 2717.378 0 0
2026-08-04 1557 2678.514 0 0
2026-08-05 1496 2819.261 0 0
2026-08-06 1503 2812.268 0 0
2026-08-07 1413 2997.798 0 0
2026-08-08 1431 2969.183 0 0
2026-08-09 1429 2973.986 0 0
2026-08-10 1425 2973.986 0 0
2026-08-11 1506 2836.466 0 0
2026-08-12 1494 2856.909 0 0
2026-08-13 1422 3002.456 0 0
2026-08-14 1414 3015.451 0 0
>>>>>>> 2b550085baac25c543016ca743053a87bf115d5d
