2026-03-10 2196 1889.636 0 0
2026-03-11 2188 1898.439 8.803 0.466
2026-03-12 2189 1885.265 -13.174 -0.694
2026-03-13 2184 1878.097 -7.168 -0.38
2026-03-14 2189 1865.415 -12.682 -0.675
2026-03-15 2189 1865.415 0 0
2026-03-16 2192 1865.415 0 0
2026-03-17 2188 1872.057 6.642 0.356
2026-03-18 2194 1872.057 0 0
2026-03-19 2175 1876.583 4.526 0.242
2026-03-20 2172 1876.799 0.216 0.012
2026-03-21 2169 1881.782 4.983 0.266
2026-03-22 2169 1881.782 0 0
2026-03-23 2155 1881.782 0 0
2026-03-24 2156 1888.541 6.759 0.359
2026-03-25 2162 1887.229 -1.312 -0.069
2026-03-27 2156 1887.229 0 0
2026-03-28 2157 1877.88 -9.349 -0.495
2026-03-29 2157 1877.88 0 0
2026-03-30 2155 1877.88 0 0
2026-03-31 2169 1868.837 -9.043 -0.482
2026-04-01 2165 1878.097 9.26 0.495
2026-04-02 2144 1894.688 16.591 0.883
2026-04-03 2150 1882.869 -11.819 -0.624
2026-04-04 2150 1882.869 0 0
2026-04-05 2150 1882.869 0 0
2026-04-06 2153 1882.869 0 0
2026-04-07 2155 1881.348 -1.521 -0.081
2026-04-08 2183 1881.348 0 0
2026-04-09 2160 1906.21 24.862 1.321
2026-04-10 2163 1904.651 -1.559 -0.082
2026-04-11 2163 1911.799 7.148 0.375
2026-04-12 2163 1911.799 0 0
2026-04-13 2165 1911.799 0 0
2026-04-14 2169 1908.889 -2.91 -0.152
2026-04-15 2167 1924.894 16.005 0.838
2026-04-16 2177 1923.077 -1.817 -0.094
2026-04-17 2186 1918.776 -4.301 -0.224
2026-04-18 2186 1925.576 6.8 0.354
2026-04-19 2186 1925.576 0 0
2026-04-20 2184 1925.576 0 0
2026-04-21 2188 1918.776 -6.8 -0.353
2026-04-22 2189 1915.619 -3.157 -0.165
2026-04-23 2183 1910.007 -5.612 -0.293
2026-04-24 2179 1908.889 -1.118 -0.059
2026-04-25 2179 1907.995 -0.894 -0.047
2026-04-26 2179 1907.995 0 0
2026-04-27 2179 1907.995 0 0
2026-04-28 2176 1912.921 4.926 0.258
2026-04-29 2183 1907.325 -5.596 -0.293
2026-04-30 2176 1907.102 -0.223 -0.012
2026-05-01 2171 1912.023 4.921 0.258
2026-05-02 2170 1918.098 6.075 0.318
2026-05-04 2177 1918.098 0 0
2026-05-05 2192 1908.442 -9.656 -0.503
2026-05-06 2195 1908.442 0 0
2026-05-07 2203 1916.294 7.852 0.411
2026-05-08 2202 1919.68 3.386 0.177
2026-05-09 2199 1919.228 -0.452 -0.024
2026-05-10 2199 1919.228 0 0
2026-05-11 2202 1919.228 0 0
2026-05-12 2193 1920.132 0.904 0.047
2026-05-13 2198 1912.921 -7.211 -0.376
2026-05-14 2202 1908.442 -4.479 -0.234
2026-05-15 2188 1903.761 -4.681 -0.245
2026-05-16 2201 1895.79 -7.971 -0.419
2026-05-17 2201 1895.79 0 0
2026-05-18 2202 1895.79 0 0
2026-05-19 2200 1897.555 1.765 0.093
2026-05-20 2210 1890.293 -7.262 -0.383
2026-05-21 2206 1894.027 3.734 0.198
2026-05-22 2210 1894.027 0 0
2026-05-23 2220 1890.513 -3.514 -0.186
2026-05-24 2220 1890.513 0 0
2026-05-26 2216 1890.513 0 0
2026-05-27 2212 1894.688 4.175 0.221
2026-05-28 2205 1895.128 0.44 0.023
2026-05-29 2200 1898.439 3.311 0.175
2026-05-31 2196 1902.206 3.767 0.198
2026-06-01 2197 1902.206 0 0
2026-06-02 2198 1893.587 -8.619 -0.453
2026-06-03 2190 1897.997 4.41 0.233
2026-06-04 2198 1892.708 -5.289 -0.279
2026-06-05 2192 1895.79 3.082 0.163
2026-06-06 2203 1884.175 -11.615 -0.613
2026-06-07 2203 1884.175 0 0
2026-06-08 2191 1884.175 0 0
2026-06-09 2196 1881.348 -2.827 -0.15
2026-06-10 2191 1884.611 3.263 0.173
2026-06-11 2195 1883.087 -1.524 -0.081
2026-06-12 2206 1877.448 -5.639 -0.299
2026-06-13 2206 1886.574 9.126 0.486
2026-06-15 2213 1886.574 0 0
2026-06-16 2213 1892.049 5.475 0.29
2026-06-17 2214 1892.049 0 0
2026-06-18 2215 1888.979 -3.07 -0.162
2026-06-19 2224 1872.272 -16.707 -0.884
2026-06-20 2224 1872.272 0 0
2026-06-21 2224 1872.272 0 0
2026-06-23 2215 1865.629 -6.643 -0.355
2026-06-24 2220 1855.435 -10.194 -0.546
2026-06-25 2235 1848.492 -6.943 -0.374
2026-06-26 2220 1854.38 5.888 0.319
2026-06-27 2213 1857.338 2.958 0.16
2026-06-28 2212 1857.338 0 0
2026-06-29 2219 1857.338 0 0
2026-06-30 2227 1861.793 4.455 0.24
2026-07-01 2230 1863.496 1.703 0.091
2026-07-02 2230 1857.127 -6.369 -0.342
2026-07-03 2230 1865.202 8.075 0.435
2026-07-04 2230 1865.202 0 0
2026-07-05 2230 1865.202 0 0
2026-07-06 2234 1865.202 0 0
2026-07-07 2236 1861.156 -4.046 -0.217
2026-07-08 2219 1863.709 2.553 0.137
2026-07-09 2229 1859.245 -4.464 -0.24
2026-07-10 2226 1863.496 4.251 0.229
2026-07-11 2229 1862.006 -1.49 -0.08
2026-07-12 2229 1862.006 0 0
2026-07-13 2215 1862.006 0 0
2026-07-14 2223 1859.033 -2.973 -0.16
2026-07-15 2223 1865.415 6.382 0.343
2026-07-16 2220 1864.135 -1.28 -0.069
2026-07-17 2207 1865.202 1.067 0.057
2026-07-18 2207 1864.775 -0.427 -0.023
2026-07-19 2206 1864.775 0 0
2026-07-20 2199 1864.775 0 0
2026-07-21 2206 1859.245 -5.53 -0.297
2026-07-22 2206 1859.033 -0.212 -0.011
2026-07-23 2205 1859.881 0.848 0.046
2026-07-24 2205 1853.537 -6.344 -0.341
2026-07-25 2202 1854.802 1.265 0.068
2026-07-26 2202 1854.802 0 0
2026-07-27 2220 1854.802 0 0
2026-07-28 2215 1853.537 -1.265 -0.068
2026-07-29 2215 1855.858 2.321 0.125
2026-07-30 2215 1855.224 -0.634 -0.034
2026-07-31 2200 1875.072 19.848 1.07
2026-08-01 2201 1875.503 0.431 0.023
2026-08-02 2201 1875.503 0 0
2026-08-03 2204 1875.503 0 0
2026-08-04 2213 1876.799 1.296 0.069
2026-08-05 2229 1878.313 1.514 0.081
2026-08-06 2218 1883.087 4.774 0.254
2026-08-07 2231 1880.263 -2.824 -0.15
2026-08-08 2226 1883.304 3.041 0.162
2026-08-09 2226 1883.304 0 0
2026-08-10 2238 1883.304 0 0
2026-08-11 2235 1883.304 0 0
2026-08-12 2235 1881.348 -1.956 -0.104
2026-08-13 2235 1881.348 0 0
2026-08-15 2241 1887.666 6.318 0.336
2026-08-16 2240 1887.666 0 0
2026-08-17 2239 1887.666 0 0
2026-08-18 2237 1888.76 1.094 0.058
2026-08-19 2226 1887.885 -0.875 -0.046
2026-08-20 2216 1901.096 13.211 0.7
2026-08-21 2214 1904.428 3.332 0.175
2026-08-23 2217 1902.65 -1.778 -0.093
2026-08-24 2213 1902.65 0 0
2026-08-25 2218 1901.54 -1.11 -0.058
2026-08-26 2218 1902.206 0.666 0.035
2026-08-27 2230 1898.218 -3.988 -0.21
2026-08-28 2225 1898.218 0 0
2026-08-29 2228 1894.248 -3.97 -0.209
2026-08-30 2228 1894.248 0 0
2026-08-31 2235 1894.248 0 0
2026-09-01 2231 1894.248 0 0
2026-09-02 2223 1893.367 0 0
2026-09-03 2222 1890.074 0 0
