2026-03-10 1926 2177.712 0 0
2026-03-11 1916 2190.321 12.609 0.579
2026-03-12 1914 2177.531 -12.79 -0.584
2026-03-13 1995 2077.79 -99.741 -4.58
2026-03-14 1985 2077.79 0 0
2026-03-15 1984 2077.79 0 0
2026-03-16 2094 1967.616 -110.174 -5.302
2026-03-17 2064 2006.913 39.297 1.997
2026-03-18 1914 2166.615 159.702 7.958
2026-03-19 1982 2057.521 -109.094 -5.035
2026-03-20 1929 2110.602 53.081 2.58
2026-03-21 1930 2110.764 0.162 0.008
2026-03-22 1930 2110.764 0 0
2026-03-23 2085 1951.12 -159.644 -7.563
2026-03-24 1955 2083.95 132.83 6.808
2026-03-25 1909 2143.566 59.616 2.861
2026-03-26 1942 2098.126 -45.44 -2.12
2026-03-27 1810 2244.085 145.959 6.957
2026-03-28 1803 2242.996 -1.089 -0.049
2026-03-29 1803 2242.996 0 0
2026-03-30 1867 2170.052 -72.944 -3.252
2026-03-31 1944 2082.335 -87.717 -4.042
2026-04-01 1850 2200.892 118.557 5.693
2026-04-02 1954 2090.349 -110.543 -5.023
2026-04-03 1953 2090.295 -0.054 -0.003
2026-04-04 1953 2090.295 0 0
2026-04-05 1953 2090.295 0 0
2026-04-06 1952 2090.295 0 0
2026-04-07 1948 2090.402 0.107 0.005
2026-04-08 1834 2260.966 170.564 8.159
2026-04-09 1784 2316.355 55.389 2.45
2026-04-10 1826 2272.724 -43.631 -1.884
2026-04-11 1825 2273.391 0.667 0.029
2026-04-12 1825 2273.391 0 0
2026-04-13 1823 2272.015 -1.376 -0.061
2026-04-14 1884 2212.464 -59.551 -2.621
2026-04-15 1849 2262.149 49.685 2.246
2026-04-16 1766 2371.612 109.463 4.839
2026-04-17 1740 2433.601 61.989 2.614
2026-04-18 1741 2432.295 -1.306 -0.054
2026-04-19 1741 2432.295 0 0
2026-04-20 1790 2351.069 -81.226 -3.339
2026-04-21 1889 2237.863 -113.206 -4.815
2026-04-22 1928 2194.122 -43.741 -1.955
2026-04-23 1977 2121.719 -72.403 -3.3
2026-04-24 2034 2040.68 -81.039 -3.819
2026-04-25 2033 2040.211 -0.469 -0.023
2026-04-26 2033 2040.211 0 0
2026-04-27 1998 2085.619 45.408 2.226
2026-04-28 2222 1864.556 -221.063 -10.599
2026-04-29 2121 1972.309 107.753 5.779
2026-04-30 2059 2017.5 45.191 2.291
2026-05-01 2060 2018.324 0.824 0.041
2026-05-02 2063 2017.912 -0.412 -0.02
2026-05-04 2066 2019.288 1.376 0.068
2026-05-05 2116 1990.955 -28.333 -1.403
2026-05-06 2127 1985.45 -5.505 -0.277
2026-05-07 2150 1972.511 -12.939 -0.652
2026-05-08 2167 1955.724 -16.787 -0.851
2026-05-09 2166 1956.248 0.524 0.027
2026-05-10 2166 1956.248 0 0
<<<<<<< HEAD
2026-05-11 2208 1908.055 -48.193 -2.464
2026-05-12 2287 1814.47 -93.585 -4.905
2026-05-13 2140 1971.47 157 8.653
2026-05-14 2067 2028.733 57.263 2.905
2026-05-15 2176 1925.07 -103.663 -5.11
2026-05-16 2172 1925.66 0.59 0.031
2026-05-17 2172 1925.66 0 0
2026-05-18 2160 1940.804 15.144 0.786
2026-05-19 2203 1896.483 -44.321 -2.284
2026-05-20 2191 1901.503 5.02 0.265
2026-05-21 2192 1901.503 0 0
2026-05-22 2325 1784.528 -116.975 -6.152
2026-05-23 2324 1784.027 -0.501 -0.028
2026-05-24 2324 1784.027 0 0
2026-05-26 2267 1848.689 64.662 3.624
2026-05-27 2377 1734.233 -114.456 -6.191
2026-05-28 2398 1710.061 -24.172 -1.394
2026-05-29 2458 1642.362 -67.699 -3.959
2026-05-31 2456 1641.88 -0.482 -0.029
2026-06-01 2381 1727.156 85.276 5.194
2026-06-02 2342 1751.892 24.736 1.432
2026-06-03 2376 1720.367 -31.525 -1.799
2026-06-04 2349 1747.81 27.443 1.595
2026-06-05 2433 1660.269 -87.541 -5.009
2026-06-06 2433 1660.29 0.021 0.001
2026-06-07 2433 1660.29 0 0
2026-06-08 2497 1581.866 -78.424 -4.724
2026-06-09 2477 1600.781 18.915 1.196
2026-06-10 2573 1527.759 -73.022 -4.562
2026-06-11 2582 1519.525 -8.234 -0.539
2026-06-12 2568 1542.948 23.423 1.541
2026-06-13 2568 1543.125 0.177 0.011
2026-06-15 2435 1677.941 134.816 8.737
2026-06-16 2437 1675.425 -2.516 -0.15
2026-06-17 2471 1637.13 -38.295 -2.286
2026-06-18 2549 1573.53 -63.6 -3.885
2026-06-19 2544 1573.048 -0.482 -0.031
2026-06-20 2544 1573.048 0 0
2026-06-21 2544 1573.048 0 0
2026-06-23 2392 1697.623 124.575 7.919
2026-06-24 2500 1586.155 -111.468 -6.566
2026-06-25 2559 1546.423 -39.732 -2.505
2026-06-26 2568 1533.951 -12.472 -0.807
2026-06-27 2565 1533.736 -0.215 -0.014
2026-06-28 2565 1533.736 0 0
2026-06-29 2627 1495.245 -38.491 -2.51
2026-06-30 2598 1515.633 20.388 1.364
2026-07-01 2606 1515.807 0.174 0.011
2026-07-02 2672 1462.568 -53.239 -3.512
2026-07-03 2623 1507.406 44.838 3.066
2026-07-04 2623 1507.406 0 0
2026-07-05 2623 1507.406 0 0
2026-07-06 2464 1654.473 147.067 9.756
2026-07-07 2552 1573.4 -81.073 -4.9
2026-07-08 2571 1548.719 -24.681 -1.569
2026-07-09 2591 1531.397 -17.322 -1.118
2026-07-10 2634 1498.912 -32.485 -2.121
2026-07-11 2635 1498.32 -0.592 -0.039
2026-07-12 2635 1498.32 0 0
2026-07-13 2715 1424.072 -74.248 -4.955
2026-07-14 2688 1445.083 21.011 1.475
2026-07-15 2689 1454.023 8.94 0.619
2026-07-16 2738 1413.958 -40.065 -2.755
2026-07-17 2808 1344.428 -69.53 -4.917
2026-07-18 2807 1344.273 -0.155 -0.012
2026-07-19 2806 1344.273 0 0
2026-07-20 2758 1381.396 37.123 2.762
2026-07-21 2644 1481.019 99.623 7.212
2026-07-22 2688 1437.565 -43.454 -2.934
2026-07-23 2605 1501.719 64.154 4.463
2026-07-24 2647 1461.678 -40.041 -2.666
2026-07-25 2646 1461.529 -0.149 -0.01
2026-07-26 2646 1461.529 0 0
2026-07-27 2635 1484.21 22.681 1.552
2026-07-28 2803 1346.027 -138.183 -9.31
2026-07-29 2770 1376.391 30.364 2.256
2026-07-30 2810 1347.968 -28.423 -2.065
2026-07-31 2796 1368.428 20.46 1.518
2026-08-01 2800 1368.812 0.384 0.028
2026-08-02 2799 1368.812 0 0
2026-08-03 2693 1451.981 83.169 6.076
2026-08-04 2640 1503.417 51.436 3.542
2026-08-05 2625 1520.366 16.949 1.127
2026-08-06 2615 1526.434 6.068 0.399
2026-08-07 2618 1533.13 6.696 0.439
2026-08-08 2619 1532.973 -0.157 -0.01
2026-08-09 2619 1532.973 0 0
2026-08-10 2629 1526.103 -6.87 -0.448
2026-08-11 2718 1449.161 -76.942 -5.042
2026-08-12 2674 1496.411 47.25 3.261
2026-08-13 2692 1473.611 -22.8 -1.524
=======
2026-05-11 2196 1925.956 0 0
2026-05-12 2253 1868.124 0 0
2026-05-13 2243 1865.418 0 0
2026-05-14 2114 1982.486 0 0
2026-05-15 2174 1935.124 0 0
2026-05-16 2176 1925.07 0 0
2026-05-17 2172 1925.66 0 0
2026-05-18 2197 1898.126 0 0
2026-05-19 2197 1893.996 0 0
2026-05-20 2203 1895.106 0 0
2026-05-21 2265 1843.704 0 0
2026-05-22 2320 1787.28 0 0
2026-05-23 2325 1784.528 0 0
2026-05-24 2324 1784.027 0 0
2026-05-25 2324 1784.027 0 0
2026-05-26 2287 1828.052 0 0
2026-05-27 2296 1807.415 0 0
2026-05-28 2399 1706.721 0 0
2026-05-29 2443 1657.771 0 0
2026-05-30 2458 1642.362 0 0
2026-05-31 2456 1641.88 0 0
2026-06-01 2339 1771.17 0 0
2026-06-02 2392 1712.027 0 0
2026-06-03 2355 1749.141 0 0
2026-06-04 2351 1739.624 0 0
2026-06-05 2416 1688.666 0 0
2026-06-06 2433 1660.269 0 0
2026-06-07 2433 1660.29 0 0
2026-06-09 2478 1597.0 0 0
2026-06-10 2595 1508.618 0 0
2026-06-11 2632 1483.744 0 0
2026-06-12 2528 1567.667 0 0
2026-06-13 2568 1542.948 0 0
2026-06-14 2568 1543.125 0 0
2026-06-16 2403 1706.83 0 0
2026-06-17 2453 1650.659 0 0
2026-06-18 2529 1590.344 0 0
2026-06-19 2550 1573.53 0 0
2026-06-20 2544 1573.048 0 0
2026-06-21 2544 1573.048 0 0
2026-06-22 2442 1658.322 0 0
2026-06-23 2367 1724.339 0 0
2026-06-24 2549 1556.008 0 0
2026-06-25 2593 1521.538 0 0
2026-06-26 2587 1506.55 0 0
2026-06-27 2568 1533.951 0 0
2026-06-28 2565 1533.736 0 0
2026-06-29 2601 1506.243 0 0
2026-06-30 2633 1492.496 0 0
2026-07-01 2599 1515.633 0 0
2026-07-02 2647 1483.504 0 0
2026-07-03 2606 1520.976 0 0
2026-07-04 2623 1507.406 0 0
2026-07-05 2623 1507.406 0 0
2026-07-06 2477 1636.605 0 0
2026-07-07 2531 1589.874 0 0
2026-07-08 2604 1522.544 0 0
2026-07-09 2638 1488.927 0 0
2026-07-10 2544 1571.272 0 0
2026-07-11 2634 1498.912 0 0
2026-07-12 2635 1498.32 0 0
2026-07-13 2690 1445.384 0 0
2026-07-14 2754 1398.636 0 0
2026-07-15 2713 1427.892 0 0
2026-07-16 2694 1449.209 0 0
2026-07-17 2811 1345.889 0 0
2026-07-18 2808 1344.428 0 0
2026-07-19 2807 1344.273 0 0
2026-07-20 2790 1358.022 0 0
2026-07-21 2673 1445.329 0 0
2026-07-22 2600 1507.829 0 0
2026-07-23 2634 1481.556 0 0
2026-07-24 2654 1455.659 0 0
2026-07-25 2647 1461.678 0 0
2026-07-26 2646 1461.529 0 0
2026-07-27 2671 1445.034 0 0
2026-07-28 2749 1390.049 0 0
2026-07-29 2782 1368.02 0 0
2026-07-30 2845 1323.464 0 0
2026-07-31 2790 1368.585 0 0
2026-08-01 2796 1368.428 0 0
2026-08-02 2800 1368.812 0 0
2026-08-03 2670 1473.976 0 0
2026-08-04 2672 1476.038 0 0
2026-08-05 2624 1519.912 0 0
2026-08-06 2601 1544.418 0 0
2026-08-07 2621 1521.624 0 0
2026-08-08 2618 1533.13 0 0
2026-08-09 2619 1532.973 0 0
2026-08-10 2635 1513.738 0 0
2026-08-11 2673 1491.754 0 0
2026-08-12 2726 1445.726 0 0
2026-08-13 2637 1517.018 0 0
2026-08-14 2704 1463.995 0 0
>>>>>>> 2b550085baac25c543016ca743053a87bf115d5d
2026-08-15 2687 1481.853 0 0
2026-08-16 2692 1481.796 0 0
2026-08-17 2692 1481.796 0 0
2026-08-18 2752 1420.669 0 0
