2026-02-10 1952 2075.08 0 0
2026-02-11 1956 2074.197 -0.883 -0.043
2026-02-12 1952 2080.537 6.34 0.306
2026-02-13 1953 2087.809 7.272 0.35
2026-02-14 1966 2066.582 -21.227 -1.017
2026-02-15 1965 2066.582 0 0
2026-02-16 1963 2066.582 0 0
2026-02-17 1968 2066.582 0 0
2026-02-18 1972 2061.633 -4.949 -0.239
2026-02-19 1965 2069.943 8.31 0.403
2026-02-20 1973 2065.561 -4.382 -0.212
2026-02-21 1985 2073.61 8.049 0.39
2026-02-22 1983 2073.61 0 0
2026-02-23 1973 2073.61 0 0
2026-02-24 1978 2066.582 -7.028 -0.339
2026-02-25 1987 2064.25 -2.332 -0.113
2026-02-26 1978 2080.685 16.435 0.796
2026-02-27 1978 2078.026 -2.659 -0.128
2026-02-28 1977 2085.875 7.849 0.378
2026-03-01 1977 2085.875 0 0
2026-03-02 1982 2085.875 0 0
2026-03-03 1978 2065.853 -20.022 -0.96
2026-03-04 1977 2047.499 -18.354 -0.888
2026-03-05 1969 2069.943 22.444 1.096
2026-03-06 1972 2052.237 -17.706 -0.855
2026-03-07 1971 2050.224 -2.013 -0.098
2026-03-08 1971 2050.224 0 0
2026-03-09 1970 2050.224 0 0
2026-03-10 2018 2061.923 11.699 0.571
2026-03-11 2003 2092.287 30.364 1.473
2026-03-12 1992 2092.736 0.449 0.021
2026-03-13 1997 2074.491 -18.245 -0.872
2026-03-14 2005 2049.793 -24.698 -1.191
2026-03-15 2005 2049.793 0 0
2026-03-16 2002 2049.793 0 0
2026-03-17 1993 2064.832 15.039 0.734
2026-03-18 1997 2064.832 0 0
2026-03-19 1977 2071.262 6.43 0.311
2026-03-20 1971 2059.312 -11.95 -0.577
2026-03-21 1971 2058.588 -0.724 -0.035
2026-03-22 1971 2058.588 0 0
2026-03-23 1960 2058.588 0 0
2026-03-24 1974 2047.213 -11.375 -0.553
2026-03-25 1996 2038.373 -8.84 -0.432
2026-03-27 1986 2038.373 0 0
2026-03-28 1999 2016.188 -22.185 -1.088
2026-03-29 1998 2016.188 0 0
2026-03-30 1992 2016.188 0 0
2026-03-31 2002 2006.513 -9.675 -0.48
2026-04-01 2022 2004.589 -1.924 -0.096
2026-04-02 1996 2032.569 27.98 1.396
2026-04-03 2000 2023.156 -9.413 -0.463
2026-04-04 2000 2023.156 0 0
2026-04-05 2000 2023.156 0 0
2026-04-06 2003 2023.156 0 0
2026-04-07 2004 2025.817 2.661 0.132
2026-04-08 2025 2025.817 0 0
2026-04-09 1994 2065.998 40.181 1.983
2026-04-10 1993 2066.436 0.438 0.021
2026-04-11 1993 2073.316 6.88 0.333
2026-04-12 1993 2073.316 0 0
2026-04-13 1997 2073.316 0 0
2026-04-14 2011 2067.896 -5.42 -0.261
2026-04-15 2006 2090.494 22.598 1.093
2026-04-16 2008 2094.683 4.189 0.2
2026-04-17 2012 2096.333 1.65 0.079
2026-04-18 1998 2107.806 11.473 0.547
2026-04-19 1998 2107.806 0 0
2026-04-20 1995 2107.806 0 0
2026-04-21 2012 2096.183 -11.623 -0.551
2026-04-22 2008 2097.234 1.051 0.05
2026-04-23 1996 2095.582 -1.652 -0.079
2026-04-24 1998 2096.033 0.451 0.022
2026-04-25 1999 2089.896 -6.137 -0.293
2026-04-26 1999 2089.896 0 0
2026-04-27 1995 2089.896 0 0
2026-04-28 1979 2105.229 15.333 0.734
2026-04-29 1989 2097.384 -7.845 -0.373
2026-04-30 1992 2090.195 -7.189 -0.343
2026-05-01 1982 2104.321 14.126 0.676
2026-05-02 1975 2112.218 7.897 0.375
2026-05-04 1982 2112.218 0 0
2026-05-05 1994 2103.716 -8.502 -0.403
2026-05-06 2001 2103.716 0 0
2026-05-07 1997 2119.253 15.537 0.739
2026-05-08 1996 2124.329 5.076 0.24
2026-05-09 1996 2120.327 -4.002 -0.188
2026-05-10 1996 2120.327 0 0
<<<<<<< HEAD
2026-05-11 1998 2120.327 0 0
2026-05-12 1987 2123.558 3.231 0.152
2026-05-13 1981 2116.188 -7.37 -0.347
2026-05-14 1985 2124.174 7.986 0.377
2026-05-15 1979 2115.424 -8.75 -0.412
2026-05-16 1996 2094.083 -21.341 -1.009
2026-05-17 1996 2094.083 0 0
2026-05-18 1992 2094.083 0 0
2026-05-19 1996 2095.282 1.199 0.057
2026-05-20 2014 2073.903 -21.379 -1.02
2026-05-21 2002 2094.083 20.18 0.973
2026-05-22 2008 2094.083 0 0
2026-05-23 2014 2086.172 -7.911 -0.378
2026-05-24 2014 2086.172 0 0
2026-05-26 2013 2086.172 0 0
2026-05-27 2002 2097.835 11.663 0.559
2026-05-28 2011 2086.172 -11.663 -0.556
2026-05-29 2012 2092.885 6.713 0.322
2026-05-31 1997 2105.835 12.95 0.619
2026-06-01 1987 2105.835 0 0
2026-06-02 2004 2090.344 -15.491 -0.736
2026-06-03 1974 2102.809 12.465 0.596
2026-06-04 1994 2091.689 -11.12 -0.529
2026-06-05 1985 2089.896 -1.793 -0.086
2026-06-06 1995 2072.582 -17.314 -0.828
2026-06-07 1995 2072.582 0 0
2026-06-08 1988 2072.582 0 0
2026-06-09 2002 2065.998 -6.584 -0.318
2026-06-10 1998 2060.617 -5.381 -0.26
2026-06-11 1996 2054.974 -5.643 -0.274
2026-06-12 2016 2044.638 -10.336 -0.503
2026-06-13 2007 2063.959 19.321 0.945
2026-06-15 2011 2063.959 0 0
2026-06-16 2012 2074.197 10.238 0.496
2026-06-17 2011 2071.555 -2.642 -0.127
2026-06-18 2011 2068.481 -3.074 -0.148
2026-06-19 2016 2059.312 -9.169 -0.443
2026-06-20 2017 2059.312 0 0
2026-06-21 2017 2059.312 0 0
2026-06-23 2012 2051.949 -7.363 -0.358
2026-06-24 2034 2028.625 -23.324 -1.137
2026-06-25 2038 2017.3 -11.325 -0.558
2026-06-26 2035 2021.759 4.459 0.221
2026-06-27 2036 2019.666 -2.093 -0.104
2026-06-28 2036 2019.666 0 0
2026-06-29 2046 2019.666 0 0
2026-06-30 2057 2013.83 -5.836 -0.289
2026-07-01 2039 2027.782 13.952 0.693
2026-07-02 2047 2020.503 -7.279 -0.359
2026-07-03 2050 2029.469 8.966 0.444
2026-07-04 2050 2029.469 0 0
2026-07-05 2050 2029.469 0 0
2026-07-06 2048 2029.469 0 0
2026-07-07 2031 2030.595 1.126 0.055
2026-07-08 2017 2031.723 1.128 0.056
2026-07-09 2037 2024.836 -6.887 -0.339
2026-07-10 2030 2030.877 6.041 0.298
2026-07-11 2028 2032.852 1.975 0.097
2026-07-12 2028 2032.852 0 0
2026-07-13 2017 2032.852 0 0
2026-07-14 2019 2029.75 -3.102 -0.153
2026-07-15 2015 2045.21 15.46 0.762
2026-07-16 2010 2048.646 3.436 0.168
2026-07-17 1991 2050.081 1.435 0.07
2026-07-18 1995 2043.069 -7.012 -0.342
2026-07-19 1994 2043.069 0 0
2026-07-20 1989 2043.069 0 0
2026-07-21 2002 2048.789 5.72 0.28
2026-07-22 2002 2050.081 1.292 0.063
2026-07-23 2002 2047.786 -2.295 -0.112
2026-07-24 1997 2040.789 -6.997 -0.342
2026-07-25 1994 2045.496 4.707 0.231
2026-07-26 1994 2045.496 0 0
2026-07-27 2008 2045.496 0 0
2026-07-28 1998 2046.64 1.144 0.056
2026-07-29 1999 2039.367 -7.273 -0.355
2026-07-30 2015 2026.799 -12.568 -0.616
2026-07-31 2011 2050.081 23.282 1.149
2026-08-01 2007 2055.696 5.615 0.274
2026-08-02 2007 2055.696 0 0
2026-08-03 2009 2055.696 0 0
2026-08-04 2023 2048.502 -7.194 -0.35
2026-08-05 2023 2060.037 11.535 0.563
2026-08-06 2015 2065.707 5.67 0.275
2026-08-07 2026 2060.907 -4.8 -0.232
2026-08-08 2026 2066.582 5.675 0.275
2026-08-09 2026 2066.582 0 0
2026-08-10 2033 2066.582 0 0
2026-08-11 2027 2066.582 0 0
2026-08-12 2027 2067.75 1.168 0.057
2026-08-13 2030 2069.651 1.901 0.092
=======
2026-05-11 2002 2120.327 0 0
2026-05-12 1991 2120.327 0 0
2026-05-13 1984 2123.558 0 0
2026-05-14 1980 2116.188 0 0
2026-05-15 1981 2124.174 0 0
2026-05-16 1979 2115.424 0 0
2026-05-17 1996 2094.083 0 0
2026-05-18 1987 2094.083 0 0
2026-05-19 1992 2094.083 0 0
2026-05-20 1993 2095.282 0 0
2026-05-21 2012 2073.903 0 0
2026-05-22 2005 2094.083 0 0
2026-05-23 2008 2094.083 0 0
2026-05-24 2014 2086.172 0 0
2026-05-25 2013 2086.172 0 0
2026-05-26 2016 2086.172 0 0
2026-05-27 2012 2086.172 0 0
2026-05-28 1999 2097.835 0 0
2026-05-29 2010 2086.172 0 0
2026-05-30 2012 2092.885 0 0
2026-05-31 1997 2105.835 0 0
2026-06-01 1996 2105.835 0 0
2026-06-02 1985 2105.835 0 0
2026-06-03 2004 2090.344 0 0
2026-06-04 1968 2102.809 0 0
2026-06-05 1995 2091.689 0 0
2026-06-06 1985 2089.896 0 0
2026-06-07 1995 2072.582 0 0
2026-06-09 1989 2072.582 0 0
2026-06-10 1994 2065.998 0 0
2026-06-11 1990 2060.617 0 0
2026-06-12 2006 2054.974 0 0
2026-06-13 2016 2044.638 0 0
2026-06-14 2007 2063.959 0 0
2026-06-16 2013 2063.959 0 0
2026-06-17 2008 2074.197 0 0
2026-06-18 2007 2071.555 0 0
2026-06-19 2012 2068.481 0 0
2026-06-20 2016 2059.312 0 0
2026-06-21 2017 2059.312 0 0
2026-06-22 2007 2059.312 0 0
2026-06-23 2009 2059.312 0 0
2026-06-24 2014 2051.949 0 0
2026-06-25 2035 2028.625 0 0
2026-06-26 2035 2017.3 0 0
2026-06-27 2035 2021.759 0 0
2026-06-28 2036 2019.666 0 0
2026-06-29 2035 2019.666 0 0
2026-06-30 2040 2019.666 0 0
2026-07-01 2062 2013.83 0 0
2026-07-02 2037 2027.782 0 0
2026-07-03 2055 2020.503 0 0
2026-07-04 2050 2029.469 0 0
2026-07-05 2050 2029.469 0 0
2026-07-06 2050 2029.469 0 0
2026-07-07 2046 2029.469 0 0
2026-07-08 2023 2030.595 0 0
2026-07-09 2017 2031.723 0 0
2026-07-10 2043 2024.836 0 0
2026-07-11 2030 2030.877 0 0
2026-07-12 2028 2032.852 0 0
2026-07-13 2021 2032.852 0 0
2026-07-14 2014 2032.852 0 0
2026-07-15 2024 2029.75 0 0
2026-07-16 2014 2045.21 0 0
2026-07-17 2003 2048.646 0 0
2026-07-18 1991 2050.081 0 0
2026-07-19 1995 2043.069 0 0
2026-07-20 2000 2043.069 0 0
2026-07-21 1991 2043.069 0 0
2026-07-22 2001 2048.789 0 0
2026-07-23 1999 2050.081 0 0
2026-07-24 1997 2047.786 0 0
2026-07-25 1997 2040.789 0 0
2026-07-26 1994 2045.496 0 0
2026-07-27 2000 2045.496 0 0
2026-07-28 2000 2045.496 0 0
2026-07-29 2001 2046.64 0 0
2026-07-30 2004 2039.367 0 0
2026-07-31 2026 2026.799 0 0
2026-08-01 2011 2050.081 0 0
2026-08-02 2007 2055.696 0 0
2026-08-03 2007 2055.696 0 0
2026-08-04 2009 2055.696 0 0
2026-08-05 2026 2048.502 0 0
2026-08-06 2023 2060.037 0 0
2026-08-07 2016 2065.707 0 0
2026-08-08 2026 2060.907 0 0
2026-08-09 2026 2066.582 0 0
2026-08-10 2024 2066.582 0 0
2026-08-11 2029 2066.582 0 0
2026-08-12 2024 2066.582 0 0
2026-08-13 2024 2067.75 0 0
2026-08-14 2028 2069.651 0 0
>>>>>>> 2b550085baac25c543016ca743053a87bf115d5d
