2026-09-01 3236 1113.306 0 0
2026-09-02 3223 1112.789 0 0
2026-09-03 3230 1110.853 0 0
2026-09-04 3235 1110.596 0 0
2026-09-05 3236 1113.177 0 0
2026-09-06 3226 1112.789 0 0
2026-09-07 3228 1112.789 0 0
2026-09-08 3230 1112.789 0 0
2026-09-09 3221 1112.789 0 0
2026-09-10 3214 1114.213 0 0
2026-09-11 3200 1115.77 0 0
2026-09-12 3215 1113.953 0 0
2026-09-13 3214 1112.66 0 0
2026-09-14 3211 1112.66 0 0
2026-09-15 3203 1112.66 0 0
2026-09-16 3209 1105.342 0 0
2026-09-17 3209 1105.852 0 0
2026-09-18 3213 1105.342 0 0
2026-09-19 3220 1100.391 0 0
2026-09-20 3227 1098.12 0 0
2026-09-21 3229 1098.12 0 0
2026-09-22 3233 1098.12 0 0
2026-09-23 3234 1099.128 0 0
2026-09-24 3228 1096.235 0 0
2026-09-25 3226 1092.236 0 0
