2026-03-10 2354 1729.655 0 0
2026-03-11 2348 1737.713 8.058 0.466
2026-03-12 2344 1725.653 -12.06 -0.694
2026-03-13 2343 1719.092 -6.561 -0.38
2026-03-14 2351 1707.485 -11.607 -0.675
2026-03-15 2351 1707.485 0 0
2026-03-16 2351 1707.485 0 0
2026-03-17 2350 1713.564 6.079 0.356
2026-03-18 2351 1713.564 0 0
2026-03-19 2336 1717.707 4.143 0.242
2026-03-20 2327 1717.904 0.197 0.011
2026-03-21 2320 1722.466 4.562 0.266
2026-03-22 2320 1722.466 0 0
2026-03-23 2309 1722.466 0 0
2026-03-24 2306 1728.653 6.187 0.359
2026-03-25 2317 1727.452 -1.201 -0.069
2026-03-26 2320 1727.452 0 0
2026-03-27 2302 1727.452 0 0
2026-03-28 2304 1718.894 -8.558 -0.495
2026-03-29 2304 1718.894 0 0
2026-03-30 2310 1718.894 0 0
2026-03-31 2317 1710.617 -8.277 -0.482
2026-04-01 2318 1719.092 8.475 0.495
2026-04-02 2308 1734.279 15.187 0.883
2026-04-03 2321 1723.461 -10.818 -0.624
2026-04-04 2321 1723.461 0 0
2026-04-05 2321 1723.461 0 0
2026-04-06 2325 1723.461 0 0
2026-04-07 2327 1722.068 -1.393 -0.081
2026-04-08 2345 1722.068 0 0
2026-04-09 2333 1744.825 22.757 1.321
2026-04-10 2335 1743.398 -1.427 -0.082
2026-04-11 2333 1749.941 6.543 0.375
2026-04-12 2333 1749.941 0 0
2026-04-13 2341 1749.941 0 0
2026-04-14 2345 1747.277 -2.664 -0.152
2026-04-15 2338 1761.927 14.65 0.838
2026-04-16 2342 1760.264 -1.663 -0.094
2026-04-17 2355 1756.327 -3.937 -0.224
2026-04-18 2354 1762.552 6.225 0.354
2026-04-19 2354 1762.552 0 0
2026-04-20 2353 1762.552 0 0
2026-04-21 2356 1756.327 -6.225 -0.353
2026-04-22 2358 1753.438 -2.889 -0.164
2026-04-23 2351 1748.301 -5.137 -0.293
2026-04-24 2352 1747.277 -1.024 -0.059
2026-04-25 2350 1746.459 -0.818 -0.047
2026-04-26 2350 1746.459 0 0
2026-04-27 2352 1746.459 0 0
2026-04-28 2348 1750.968 4.509 0.258
2026-04-29 2353 1745.846 -5.122 -0.293
2026-04-30 2352 1745.642 -0.204 -0.012
2026-05-01 2355 1750.147 4.505 0.258
2026-05-02 2345 1755.707 5.56 0.318
2026-05-04 2350 1755.707 0 0
<<<<<<< HEAD
2026-05-05 2369 1746.868 -8.839 -0.503
2026-05-06 2374 1746.868 0 0
2026-05-07 2365 1754.056 7.188 0.411
2026-05-08 2364 1757.155 3.099 0.177
2026-05-09 2363 1756.741 -0.414 -0.024
2026-05-10 2364 1756.741 0 0
2026-05-11 2358 1756.741 0 0
2026-05-12 2349 1757.569 0.828 0.047
2026-05-13 2357 1750.968 -6.601 -0.376
2026-05-14 2373 1746.868 -4.1 -0.234
2026-05-15 2360 1742.584 -4.284 -0.245
2026-05-16 2361 1735.287 -7.297 -0.419
2026-05-17 2362 1735.287 0 0
2026-05-18 2357 1735.287 0 0
2026-05-19 2365 1736.903 1.616 0.093
2026-05-20 2372 1730.256 -6.647 -0.383
2026-05-21 2367 1733.674 3.418 0.198
2026-05-22 2368 1733.674 0 0
2026-05-23 2371 1730.457 -3.217 -0.186
2026-05-24 2371 1730.457 0 0
2026-05-26 2377 1730.457 0 0
2026-05-27 2371 1734.279 3.822 0.221
2026-05-28 2373 1734.682 0.403 0.023
2026-05-29 2367 1737.713 3.031 0.175
2026-05-31 2363 1741.16 3.447 0.198
2026-06-01 2355 1741.16 0 0
2026-06-02 2365 1733.271 -7.889 -0.453
2026-06-03 2355 1737.308 4.037 0.233
2026-06-04 2363 1732.466 -4.842 -0.279
2026-06-05 2350 1735.287 2.821 0.163
2026-06-06 2359 1724.656 -10.631 -0.613
2026-06-07 2359 1724.656 0 0
2026-06-08 2351 1724.656 0 0
2026-06-09 2355 1722.068 -2.588 -0.15
2026-06-10 2354 1725.055 2.987 0.173
2026-06-11 2357 1723.66 -1.395 -0.081
2026-06-12 2364 1718.498 -5.162 -0.299
2026-06-13 2363 1726.852 8.354 0.486
2026-06-15 2380 1726.852 0 0
2026-06-16 2373 1731.863 5.011 0.29
2026-06-17 2373 1731.863 0 0
2026-06-18 2366 1729.053 -2.81 -0.162
2026-06-19 2378 1713.761 -15.292 -0.884
2026-06-20 2378 1713.761 0 0
2026-06-21 2378 1713.761 0 0
2026-06-23 2373 1707.68 -6.081 -0.355
2026-06-24 2376 1698.349 -9.331 -0.546
2026-06-25 2382 1691.994 -6.355 -0.374
2026-06-26 2383 1697.383 5.389 0.318
2026-06-27 2379 1700.091 2.708 0.16
2026-06-28 2379 1700.091 0 0
2026-06-29 2384 1700.091 0 0
2026-06-30 2387 1704.169 4.078 0.24
2026-07-01 2395 1705.728 1.559 0.091
2026-07-02 2403 1699.897 -5.831 -0.342
2026-07-03 2407 1707.289 7.392 0.435
2026-07-04 2407 1707.289 0 0
2026-07-05 2407 1707.289 0 0
2026-07-06 2411 1707.289 0 0
2026-07-07 2400 1703.585 -3.704 -0.217
2026-07-08 2387 1705.923 2.338 0.137
2026-07-09 2396 1701.836 -4.087 -0.24
2026-07-10 2391 1705.728 3.892 0.229
2026-07-11 2394 1704.364 -1.364 -0.08
2026-07-12 2394 1704.364 0 0
2026-07-13 2378 1704.364 0 0
2026-07-14 2393 1701.642 -2.722 -0.16
2026-07-15 2391 1707.485 5.843 0.343
2026-07-16 2386 1706.313 -1.172 -0.069
2026-07-17 2369 1707.289 0.976 0.057
2026-07-18 2367 1706.899 -0.39 -0.023
2026-07-19 2366 1706.899 0 0
2026-07-20 2365 1706.899 0 0
2026-07-21 2377 1701.836 -5.063 -0.297
2026-07-22 2378 1701.642 -0.194 -0.011
2026-07-23 2380 1702.419 0.777 0.046
2026-07-24 2373 1696.611 -5.808 -0.341
2026-07-25 2371 1697.77 1.159 0.068
2026-07-26 2371 1697.77 0 0
2026-07-27 2390 1697.77 0 0
2026-07-28 2387 1696.611 -1.159 -0.068
2026-07-29 2386 1698.736 2.125 0.125
2026-07-30 2386 1698.156 -0.58 -0.034
2026-07-31 2384 1716.323 18.167 1.07
2026-08-01 2382 1716.718 0.395 0.023
2026-08-02 2382 1716.718 0 0
2026-08-03 2387 1716.718 0 0
2026-08-04 2396 1717.904 1.186 0.069
2026-08-05 2401 1719.29 1.386 0.081
2026-08-06 2402 1723.66 4.37 0.254
2026-08-07 2404 1721.075 -2.585 -0.15
2026-08-08 2403 1723.859 2.784 0.162
2026-08-09 2403 1723.859 0 0
2026-08-10 2407 1723.859 0 0
2026-08-11 2404 1723.859 0 0
2026-08-12 2406 1722.068 -1.791 -0.104
2026-08-13 2408 1722.068 0 0
=======
2026-05-05 2354 1755.707 0 0
2026-05-06 2368 1746.868 0 0
2026-05-07 2374 1746.868 0 0
2026-05-08 2367 1754.056 0 0
2026-05-09 2367 1757.155 0 0
2026-05-10 2366 1756.741 0 0
2026-05-11 2371 1756.741 0 0
2026-05-12 2357 1756.741 0 0
2026-05-13 2353 1757.569 0 0
2026-05-14 2358 1750.968 0 0
2026-05-15 2371 1746.868 0 0
2026-05-16 2363 1742.584 0 0
2026-05-17 2364 1735.287 0 0
2026-05-18 2361 1735.287 0 0
2026-05-19 2359 1735.287 0 0
2026-05-20 2372 1736.903 0 0
2026-05-21 2377 1730.256 0 0
2026-05-22 2370 1733.674 0 0
2026-05-23 2371 1733.674 0 0
2026-05-24 2374 1730.457 0 0
2026-05-25 2376 1730.457 0 0
2026-05-26 2385 1730.457 0 0
2026-05-27 2374 1730.457 0 0
2026-05-28 2369 1734.279 0 0
2026-05-29 2373 1734.682 0 0
2026-05-30 2370 1737.713 0 0
2026-05-31 2366 1741.16 0 0
2026-06-01 2369 1741.16 0 0
2026-06-02 2358 1741.16 0 0
2026-06-03 2372 1733.271 0 0
2026-06-04 2355 1737.308 0 0
2026-06-05 2368 1732.466 0 0
2026-06-06 2353 1735.287 0 0
2026-06-07 2362 1724.656 0 0
2026-06-09 2357 1724.656 0 0
2026-06-10 2351 1722.068 0 0
2026-06-11 2355 1725.055 0 0
2026-06-12 2369 1723.66 0 0
2026-06-13 2367 1718.498 0 0
2026-06-14 2366 1726.852 0 0
2026-06-16 2383 1726.852 0 0
2026-06-17 2379 1731.863 0 0
2026-06-18 2371 1731.863 0 0
2026-06-19 2367 1729.053 0 0
2026-06-20 2381 1713.761 0 0
2026-06-21 2381 1713.761 0 0
2026-06-22 2376 1713.761 0 0
2026-06-23 2384 1713.761 0 0
2026-06-24 2372 1707.68 0 0
2026-06-25 2381 1698.349 0 0
2026-06-26 2380 1691.994 0 0
2026-06-27 2386 1697.383 0 0
2026-06-28 2382 1700.091 0 0
2026-06-29 2380 1700.091 0 0
2026-06-30 2387 1700.091 0 0
2026-07-01 2396 1704.169 0 0
2026-07-02 2398 1705.728 0 0
2026-07-03 2412 1699.897 0 0
2026-07-04 2410 1707.289 0 0
2026-07-05 2410 1707.289 0 0
2026-07-06 2410 1707.289 0 0
2026-07-07 2408 1707.289 0 0
2026-07-08 2399 1703.585 0 0
2026-07-09 2386 1705.923 0 0
2026-07-10 2405 1701.836 0 0
2026-07-11 2394 1705.728 0 0
2026-07-12 2397 1704.364 0 0
2026-07-13 2389 1704.364 0 0
2026-07-14 2378 1704.364 0 0
2026-07-15 2399 1701.642 0 0
2026-07-16 2394 1707.485 0 0
2026-07-17 2379 1706.313 0 0
2026-07-18 2372 1707.289 0 0
2026-07-19 2370 1706.899 0 0
2026-07-20 2372 1706.899 0 0
2026-07-21 2371 1706.899 0 0
2026-07-22 2382 1701.836 0 0
2026-07-23 2383 1701.642 0 0
2026-07-24 2374 1702.419 0 0
2026-07-25 2376 1696.611 0 0
2026-07-26 2374 1697.77 0 0
2026-07-27 2378 1697.77 0 0
2026-07-28 2389 1697.77 0 0
2026-07-29 2390 1696.611 0 0
2026-07-30 2388 1698.736 0 0
2026-07-31 2396 1698.156 0 0
2026-08-01 2387 1716.323 0 0
2026-08-02 2385 1716.718 0 0
2026-08-03 2391 1716.718 0 0
2026-08-04 2394 1716.718 0 0
2026-08-05 2400 1717.904 0 0
2026-08-06 2403 1719.29 0 0
2026-08-07 2404 1723.66 0 0
2026-08-08 2407 1721.075 0 0
2026-08-09 2406 1723.859 0 0
2026-08-10 2406 1723.859 0 0
2026-08-11 2406 1723.859 0 0
2026-08-12 2409 1723.859 0 0
2026-08-13 2408 1722.068 0 0
2026-08-14 2411 1722.068 0 0
>>>>>>> 2b550085baac25c543016ca743053a87bf115d5d
2026-08-15 2412 1722.466 0 0
2026-08-16 2414 1727.852 0 0
