2026-03-10 2188 1898.91 0 0
2026-03-11 2176 1907.757 8.847 0.466
2026-03-12 2177 1894.518 -13.239 -0.694
2026-03-13 2176 1887.314 -7.204 -0.38
2026-03-14 2181 1874.571 -12.743 -0.675
2026-03-15 2181 1874.571 0 0
2026-03-16 2185 1874.571 0 0
2026-03-17 2180 1881.245 6.674 0.356
2026-03-18 2186 1881.245 0 0
2026-03-19 2165 1885.793 4.548 0.242
2026-03-20 2165 1886.01 0.217 0.012
2026-03-21 2164 1891.018 5.008 0.266
2026-03-22 2163 1891.018 0 0
2026-03-23 2147 1891.018 0 0
2026-03-24 2148 1897.81 6.792 0.359
2026-03-25 2154 1896.492 -1.318 -0.069
2026-03-27 2149 1896.492 0 0
2026-03-28 2148 1887.097 -9.395 -0.495
2026-03-29 2147 1887.097 0 0
2026-03-30 2140 1887.097 0 0
2026-03-31 2154 1878.01 -9.087 -0.482
2026-04-01 2156 1887.314 9.304 0.495
2026-04-02 2134 1903.987 16.673 0.883
2026-04-03 2144 1892.11 -11.877 -0.624
2026-04-04 2144 1892.11 0 0
2026-04-05 2144 1892.11 0 0
2026-04-06 2146 1892.11 0 0
2026-04-07 2139 1890.582 -1.528 -0.081
2026-04-08 2162 1890.582 0 0
2026-04-09 2150 1915.565 24.983 1.321
2026-04-10 2158 1913.999 -1.566 -0.082
2026-04-11 2153 1921.182 7.183 0.375
2026-04-12 2153 1921.182 0 0
2026-04-13 2156 1921.182 0 0
2026-04-14 2165 1918.257 -2.925 -0.152
2026-04-15 2160 1934.341 16.084 0.838
2026-04-16 2170 1932.515 -1.826 -0.094
2026-04-17 2179 1928.193 -4.322 -0.224
2026-04-18 2177 1935.027 6.834 0.354
2026-04-19 2177 1935.027 0 0
2026-04-20 2175 1935.027 0 0
2026-04-21 2180 1928.193 -6.834 -0.353
2026-04-22 2178 1925.021 -3.172 -0.165
2026-04-23 2167 1919.381 -5.64 -0.293
2026-04-24 2171 1918.257 -1.124 -0.059
2026-04-25 2171 1917.359 -0.898 -0.047
2026-04-26 2171 1917.359 0 0
2026-04-27 2170 1917.359 0 0
2026-04-28 2169 1922.31 4.951 0.258
2026-04-29 2176 1916.686 -5.624 -0.293
2026-04-30 2166 1916.462 -0.224 -0.012
2026-05-01 2163 1921.408 4.946 0.258
2026-05-02 2162 1927.512 6.104 0.318
2026-05-04 2166 1927.512 0 0
2026-05-05 2186 1917.808 -9.704 -0.503
2026-05-06 2188 1917.808 0 0
2026-05-07 2198 1925.7 7.892 0.412
2026-05-08 2194 1929.101 3.401 0.177
2026-05-09 2193 1928.647 -0.454 -0.024
2026-05-10 2193 1928.647 0 0
<<<<<<< HEAD
2026-05-11 2195 1928.647 0 0
2026-05-12 2185 1929.556 0.909 0.047
2026-05-13 2191 1922.31 -7.246 -0.376
2026-05-14 2196 1917.808 -4.502 -0.234
2026-05-15 2183 1913.104 -4.704 -0.245
2026-05-16 2185 1905.094 -8.01 -0.419
2026-05-17 2185 1905.094 0 0
2026-05-18 2190 1905.094 0 0
2026-05-19 2190 1906.868 1.774 0.093
2026-05-20 2200 1899.571 -7.297 -0.383
2026-05-21 2189 1903.323 3.752 0.198
2026-05-22 2198 1903.323 0 0
2026-05-23 2204 1899.791 -3.532 -0.186
2026-05-24 2204 1899.791 0 0
2026-05-26 2205 1899.791 0 0
2026-05-27 2194 1903.987 4.196 0.221
2026-05-28 2191 1904.43 0.443 0.023
2026-05-29 2188 1907.757 3.327 0.175
2026-05-31 2185 1911.542 3.785 0.198
2026-06-01 2184 1911.542 0 0
2026-06-02 2185 1902.881 -8.661 -0.453
2026-06-03 2179 1907.313 4.432 0.233
2026-06-04 2187 1901.997 -5.316 -0.279
2026-06-05 2173 1905.094 3.097 0.163
2026-06-06 2187 1893.423 -11.671 -0.613
2026-06-07 2187 1893.423 0 0
2026-06-08 2174 1893.423 0 0
2026-06-09 2183 1890.582 -2.841 -0.15
2026-06-10 2182 1893.861 3.279 0.173
2026-06-11 2182 1892.329 -1.532 -0.081
2026-06-12 2199 1886.662 -5.667 -0.299
2026-06-13 2195 1895.833 9.171 0.486
2026-06-15 2203 1895.833 0 0
2026-06-16 2202 1901.335 5.502 0.29
2026-06-17 2195 1901.335 0 0
2026-06-18 2204 1898.25 -3.085 -0.162
2026-06-19 2213 1881.461 -16.789 -0.884
2026-06-20 2213 1881.461 0 0
2026-06-21 2213 1881.461 0 0
2026-06-23 2196 1874.785 -6.676 -0.355
2026-06-24 2209 1864.542 -10.243 -0.546
2026-06-25 2217 1857.564 -6.978 -0.374
2026-06-26 2207 1863.481 5.917 0.319
2026-06-27 2207 1866.454 2.973 0.16
2026-06-28 2206 1866.454 0 0
2026-06-29 2204 1866.454 0 0
2026-06-30 2213 1870.931 4.477 0.24
2026-07-01 2220 1872.642 1.711 0.091
2026-07-02 2224 1866.241 -6.401 -0.342
2026-07-03 2219 1874.356 8.115 0.435
2026-07-04 2219 1874.356 0 0
2026-07-05 2219 1874.356 0 0
2026-07-06 2222 1874.356 0 0
2026-07-07 2221 1870.29 -4.066 -0.217
2026-07-08 2205 1872.856 2.566 0.137
2026-07-09 2212 1868.37 -4.486 -0.24
2026-07-10 2213 1872.642 4.272 0.229
2026-07-11 2216 1871.145 -1.497 -0.08
2026-07-12 2216 1871.145 0 0
2026-07-13 2208 1871.145 0 0
2026-07-14 2215 1868.157 -2.988 -0.16
2026-07-15 2206 1874.571 6.414 0.343
2026-07-16 2208 1873.285 -1.286 -0.069
2026-07-17 2198 1874.356 1.071 0.057
2026-07-18 2197 1873.927 -0.429 -0.023
2026-07-19 2196 1873.927 0 0
2026-07-20 2186 1873.927 0 0
2026-07-21 2198 1868.37 -5.557 -0.297
2026-07-22 2196 1868.157 -0.213 -0.011
2026-07-23 2193 1869.01 0.853 0.046
2026-07-24 2191 1862.634 -6.376 -0.341
2026-07-25 2191 1863.905 1.271 0.068
2026-07-26 2191 1863.905 0 0
2026-07-27 2209 1863.905 0 0
2026-07-28 2206 1862.634 -1.271 -0.068
2026-07-29 2206 1864.966 2.332 0.125
2026-07-30 2205 1864.33 -0.636 -0.034
2026-07-31 2193 1884.275 19.945 1.07
2026-08-01 2191 1884.708 0.433 0.023
2026-08-02 2191 1884.708 0 0
2026-08-03 2196 1884.708 0 0
2026-08-04 2205 1886.01 1.302 0.069
2026-08-05 2218 1887.532 1.522 0.081
2026-08-06 2208 1892.329 4.797 0.254
2026-08-07 2219 1889.491 -2.838 -0.15
2026-08-08 2219 1892.548 3.057 0.162
2026-08-09 2219 1892.548 0 0
2026-08-10 2231 1892.548 0 0
2026-08-11 2229 1892.548 0 0
2026-08-12 2230 1890.582 -1.966 -0.104
2026-08-13 2226 1890.582 0 0
=======
2026-05-11 2194 1928.647 0 0
2026-05-12 2192 1928.647 0 0
2026-05-13 2185 1929.556 0 0
2026-05-14 2188 1922.31 0 0
2026-05-15 2195 1917.808 0 0
2026-05-16 2183 1913.104 0 0
2026-05-17 2185 1905.094 0 0
2026-05-18 2184 1905.094 0 0
2026-05-19 2186 1905.094 0 0
2026-05-20 2187 1906.868 0 0
2026-05-21 2204 1899.571 0 0
2026-05-22 2192 1903.323 0 0
2026-05-23 2198 1903.323 0 0
2026-05-24 2204 1899.791 0 0
2026-05-25 2204 1899.791 0 0
2026-05-26 2207 1899.791 0 0
2026-05-27 2198 1899.791 0 0
2026-05-28 2187 1903.987 0 0
2026-05-29 2193 1904.43 0 0
2026-05-30 2188 1907.757 0 0
2026-05-31 2185 1911.542 0 0
2026-06-01 2188 1911.542 0 0
2026-06-02 2183 1911.542 0 0
2026-06-03 2187 1902.881 0 0
2026-06-04 2176 1907.313 0 0
2026-06-05 2183 1901.997 0 0
2026-06-06 2173 1905.094 0 0
2026-06-07 2187 1893.423 0 0
2026-06-09 2175 1893.423 0 0
2026-06-10 2188 1890.582 0 0
2026-06-11 2179 1893.861 0 0
2026-06-12 2191 1892.329 0 0
2026-06-13 2199 1886.662 0 0
2026-06-14 2195 1895.833 0 0
2026-06-16 2204 1895.833 0 0
2026-06-17 2203 1901.335 0 0
2026-06-18 2196 1901.335 0 0
2026-06-19 2205 1898.25 0 0
2026-06-20 2213 1881.461 0 0
2026-06-21 2213 1881.461 0 0
2026-06-22 2208 1881.461 0 0
2026-06-23 2205 1881.461 0 0
2026-06-24 2201 1874.785 0 0
2026-06-25 2213 1864.542 0 0
2026-06-26 2202 1857.564 0 0
2026-06-27 2207 1863.481 0 0
2026-06-28 2207 1866.454 0 0
2026-06-29 2208 1866.454 0 0
2026-06-30 2214 1866.454 0 0
2026-07-01 2212 1870.931 0 0
2026-07-02 2220 1872.642 0 0
2026-07-03 2230 1866.241 0 0
2026-07-04 2219 1874.356 0 0
2026-07-05 2219 1874.356 0 0
2026-07-06 2226 1874.356 0 0
2026-07-07 2216 1874.356 0 0
2026-07-08 2219 1870.29 0 0
2026-07-09 2201 1872.856 0 0
2026-07-10 2216 1868.37 0 0
2026-07-11 2213 1872.642 0 0
2026-07-12 2216 1871.145 0 0
2026-07-13 2209 1871.145 0 0
2026-07-14 2205 1871.145 0 0
2026-07-15 2219 1868.157 0 0
2026-07-16 2210 1874.571 0 0
2026-07-17 2200 1873.285 0 0
2026-07-18 2198 1874.356 0 0
2026-07-19 2197 1873.927 0 0
2026-07-20 2193 1873.927 0 0
2026-07-21 2185 1873.927 0 0
2026-07-22 2205 1868.37 0 0
2026-07-23 2202 1868.157 0 0
2026-07-24 2183 1869.01 0 0
2026-07-25 2191 1862.634 0 0
2026-07-26 2191 1863.905 0 0
2026-07-27 2198 1863.905 0 0
2026-07-28 2203 1863.905 0 0
2026-07-29 2214 1862.634 0 0
2026-07-30 2204 1864.966 0 0
2026-07-31 2211 1864.33 0 0
2026-08-01 2193 1884.275 0 0
2026-08-02 2191 1884.708 0 0
2026-08-03 2194 1884.708 0 0
2026-08-04 2200 1884.708 0 0
2026-08-05 2210 1886.01 0 0
2026-08-06 2215 1887.532 0 0
2026-08-07 2208 1892.329 0 0
2026-08-08 2219 1889.491 0 0
2026-08-09 2219 1892.548 0 0
2026-08-10 2225 1892.548 0 0
2026-08-11 2228 1892.548 0 0
2026-08-12 2229 1892.548 0 0
2026-08-13 2229 1890.582 0 0
2026-08-14 2229 1890.582 0 0
>>>>>>> 2b550085baac25c543016ca743053a87bf115d5d
2026-08-15 2234 1891.018 0 0
2026-08-16 2235 1896.931 0 0
2026-08-17 2234 1896.931 0 0
2026-08-18 2228 1896.931 0 0
2026-08-19 2227 1898.03 0 0
2026-08-20 2214 1897.151 0 0
2026-08-21 2208 1910.427 0 0
2026-08-22 2207 1913.775 0 0
2026-08-24 2211 1911.988 0 0
2026-08-25 2200 1911.988 0 0
2026-08-26 2205 1910.873 0 0
