2026-03-10 2837 1331.968 0 0
2026-03-11 2842 1331.968 0 0
2026-03-12 2836 1331.968 0 0
2026-03-13 2825 1331.968 0 0
2026-03-14 2820 1331.968 0 0
2026-03-15 2820 1331.968 0 0
2026-03-16 2818 1331.968 0 0
2026-03-17 2811 1331.968 0 0
2026-03-18 2813 1331.968 0 0
2026-03-19 2802 1331.968 0 0
2026-03-20 2795 1331.968 0 0
2026-03-21 2793 1331.968 0 0
2026-03-22 2793 1331.968 0 0
2026-03-23 2775 1331.968 0 0
2026-03-24 2776 1331.968 0 0
2026-03-25 2789 1331.968 0 0
2026-03-27 2775 1331.968 0 0
2026-03-28 2777 1331.968 0 0
2026-03-29 2777 1331.968 0 0
2026-03-30 2771 1331.968 0 0
2026-03-31 2769 1331.968 0 0
2026-04-01 2790 1331.968 0 0
2026-04-02 2789 1331.968 0 0
2026-04-03 2784 1331.968 0 0
2026-04-04 2784 1331.968 0 0
2026-04-05 2784 1331.968 0 0
2026-04-06 2786 1331.968 0 0
2026-04-07 2784 1331.968 0 0
2026-04-08 2811 1331.968 0 0
2026-04-09 2821 1331.968 0 0
2026-04-10 2823 1331.968 0 0
2026-04-11 2823 1331.968 0 0
2026-04-12 2823 1331.968 0 0
2026-04-13 2831 1331.968 0 0
2026-04-14 2845 1331.968 0 0
2026-04-15 2855 1331.968 0 0
2026-04-16 2862 1331.968 0 0
2026-04-17 2866 1331.968 0 0
2026-04-18 2868 1331.968 0 0
2026-04-19 2868 1331.968 0 0
2026-04-20 2876 1331.968 0 0
2026-04-21 2875 1331.968 0 0
2026-04-22 2875 1331.968 0 0
2026-04-23 2858 1331.968 0 0
2026-04-24 2845 1331.968 0 0
2026-04-25 2845 1331.968 0 0
2026-04-26 2845 1331.968 0 0
2026-04-27 2855 1331.968 0 0
2026-04-28 2846 1331.968 0 0
2026-04-29 2845 1331.968 0 0
2026-04-30 2854 1331.968 0 0
2026-05-01 2859 1331.968 0 0
2026-05-02 2859 1331.968 0 0
2026-05-04 2866 1331.968 0 0
2026-05-05 2875 1331.968 0 0
2026-05-06 2872 1331.968 0 0
2026-05-07 2882 1331.968 0 0
2026-05-08 2878 1331.968 0 0
2026-05-09 2878 1331.968 0 0
2026-05-10 2878 1331.968 0 0
<<<<<<< HEAD
2026-05-11 2882 1331.968 0 0
2026-05-12 2875 1331.968 0 0
2026-05-13 2876 1331.968 0 0
2026-05-14 2870 1331.968 0 0
2026-05-15 2859 1331.968 0 0
2026-05-16 2852 1331.968 0 0
2026-05-17 2852 1331.968 0 0
2026-05-18 2855 1331.968 0 0
2026-05-19 2856 1331.968 0 0
2026-05-20 2860 1331.968 0 0
2026-05-21 2862 1331.968 0 0
2026-05-22 2861 1331.968 0 0
2026-05-23 2860 1331.968 0 0
2026-05-24 2860 1331.968 0 0
2026-05-26 2861 1331.968 0 0
2026-05-27 2849 1331.968 0 0
2026-05-28 2850 1331.968 0 0
2026-05-29 2857 1331.968 0 0
2026-05-31 2858 1331.968 0 0
2026-06-01 2853 1331.968 0 0
2026-06-02 2845 1331.968 0 0
2026-06-03 2838 1331.968 0 0
2026-06-04 2834 1331.968 0 0
2026-06-05 2827 1331.968 0 0
2026-06-06 2824 1331.968 0 0
2026-06-07 2824 1331.968 0 0
2026-06-08 2808 1331.968 0 0
2026-06-09 2821 1331.968 0 0
2026-06-10 2807 1331.968 0 0
2026-06-11 2806 1331.968 0 0
2026-06-12 2817 1331.968 0 0
2026-06-13 2822 1331.968 0 0
2026-06-15 2844 1331.968 0 0
2026-06-16 2845 1331.968 0 0
2026-06-17 2842 1331.968 0 0
2026-06-18 2841 1331.968 0 0
2026-06-19 2841 1331.968 0 0
2026-06-20 2841 1331.968 0 0
2026-06-21 2841 1331.968 0 0
2026-06-23 2830 1331.968 0 0
2026-06-24 2827 1331.968 0 0
2026-06-25 2825 1331.968 0 0
2026-06-26 2832 1331.968 0 0
2026-06-27 2833 1331.968 0 0
2026-06-28 2833 1331.968 0 0
2026-06-29 2835 1331.968 0 0
2026-06-30 2833 1331.968 0 0
2026-07-01 2843 1331.968 0 0
2026-07-02 2840 1331.968 0 0
2026-07-03 2848 1331.968 0 0
2026-07-04 2848 1331.968 0 0
2026-07-05 2848 1331.968 0 0
2026-07-06 2851 1331.968 0 0
2026-07-07 2842 1331.968 0 0
2026-07-08 2830 1331.968 0 0
2026-07-09 2832 1331.968 0 0
2026-07-10 2836 1331.968 0 0
2026-07-11 2838 1331.968 0 0
2026-07-12 2838 1331.968 0 0
2026-07-13 2833 1331.968 0 0
2026-07-14 2836 1331.968 0 0
2026-07-15 2840 1331.968 0 0
2026-07-16 2838 1331.968 0 0
2026-07-17 2823 1331.968 0 0
2026-07-18 2823 1331.968 0 0
2026-07-19 2822 1331.968 0 0
2026-07-20 2820 1331.968 0 0
2026-07-21 2826 1331.968 0 0
2026-07-22 2826 1331.968 0 0
2026-07-23 2824 1331.968 0 0
2026-07-24 2815 1331.968 0 0
2026-07-25 2815 1331.968 0 0
2026-07-26 2815 1331.968 0 0
2026-07-27 2830 1331.968 0 0
2026-07-28 2828 1331.968 0 0
2026-07-29 2834 1331.968 0 0
2026-07-30 2832 1331.968 0 0
2026-07-31 2841 1331.968 0 0
2026-08-01 2844 1331.968 0 0
2026-08-02 2844 1331.968 0 0
2026-08-03 2849 1331.968 0 0
2026-08-04 2858 1331.968 0 0
2026-08-05 2870 1331.968 0 0
2026-08-06 2870 1331.968 0 0
2026-08-07 2872 1331.968 0 0
2026-08-08 2873 1331.968 0 0
2026-08-09 2873 1331.968 0 0
2026-08-10 2881 1331.968 0 0
2026-08-11 2874 1331.968 0 0
2026-08-12 2872 1331.968 0 0
2026-08-13 2874 1331.968 0 0
=======
2026-05-11 2881 1331.968 0 0
2026-05-12 2886 1331.968 0 0
2026-05-13 2874 1331.968 0 0
2026-05-14 2867 1331.968 0 0
2026-05-15 2874 1331.968 0 0
2026-05-16 2859 1331.968 0 0
2026-05-17 2852 1331.968 0 0
2026-05-18 2850 1331.968 0 0
2026-05-19 2854 1331.968 0 0
2026-05-20 2856 1331.968 0 0
2026-05-21 2864 1331.968 0 0
2026-05-22 2857 1331.968 0 0
2026-05-23 2861 1331.968 0 0
2026-05-24 2860 1331.968 0 0
2026-05-25 2862 1331.968 0 0
2026-05-26 2856 1331.968 0 0
2026-05-27 2855 1331.968 0 0
2026-05-28 2843 1331.968 0 0
2026-05-29 2850 1331.968 0 0
2026-05-30 2857 1331.968 0 0
2026-05-31 2858 1331.968 0 0
2026-06-01 2858 1331.968 0 0
2026-06-02 2852 1331.968 0 0
2026-06-03 2846 1331.968 0 0
2026-06-04 2833 1331.968 0 0
2026-06-05 2834 1331.968 0 0
2026-06-06 2827 1331.968 0 0
2026-06-07 2824 1331.968 0 0
2026-06-09 2813 1331.968 0 0
2026-06-10 2808 1331.968 0 0
2026-06-11 2799 1331.968 0 0
2026-06-12 2817 1331.968 0 0
2026-06-13 2817 1331.968 0 0
2026-06-14 2822 1331.968 0 0
2026-06-16 2844 1331.968 0 0
2026-06-17 2844 1331.968 0 0
2026-06-18 2840 1331.968 0 0
2026-06-19 2839 1331.968 0 0
2026-06-20 2841 1331.968 0 0
2026-06-21 2841 1331.968 0 0
2026-06-22 2842 1331.968 0 0
2026-06-23 2842 1331.968 0 0
2026-06-24 2827 1331.968 0 0
2026-06-25 2830 1331.968 0 0
2026-06-26 2817 1331.968 0 0
2026-06-27 2832 1331.968 0 0
2026-06-28 2833 1331.968 0 0
2026-06-29 2835 1331.968 0 0
2026-06-30 2839 1331.968 0 0
2026-07-01 2836 1331.968 0 0
2026-07-02 2845 1331.968 0 0
2026-07-03 2848 1331.968 0 0
2026-07-04 2848 1331.968 0 0
2026-07-05 2848 1331.968 0 0
2026-07-06 2848 1331.968 0 0
2026-07-07 2844 1331.968 0 0
2026-07-08 2843 1331.968 0 0
2026-07-09 2824 1331.968 0 0
2026-07-10 2840 1331.968 0 0
2026-07-11 2836 1331.968 0 0
2026-07-12 2838 1331.968 0 0
2026-07-13 2836 1331.968 0 0
2026-07-14 2832 1331.968 0 0
2026-07-15 2838 1331.968 0 0
2026-07-16 2840 1331.968 0 0
2026-07-17 2831 1331.968 0 0
2026-07-18 2823 1331.968 0 0
2026-07-19 2823 1331.968 0 0
2026-07-20 2827 1331.968 0 0
2026-07-21 2822 1331.968 0 0
2026-07-22 2829 1331.968 0 0
2026-07-23 2826 1331.968 0 0
2026-07-24 2815 1331.968 0 0
2026-07-25 2815 1331.968 0 0
2026-07-26 2815 1331.968 0 0
2026-07-27 2819 1331.968 0 0
2026-07-28 2823 1331.968 0 0
2026-07-29 2832 1331.968 0 0
2026-07-30 2833 1331.968 0 0
2026-07-31 2839 1331.968 0 0
2026-08-01 2841 1331.968 0 0
2026-08-02 2844 1331.968 0 0
2026-08-03 2845 1331.968 0 0
2026-08-04 2852 1331.968 0 0
2026-08-05 2861 1331.968 0 0
2026-08-06 2869 1331.968 0 0
2026-08-07 2866 1331.968 0 0
2026-08-08 2872 1331.968 0 0
2026-08-09 2873 1331.968 0 0
2026-08-10 2877 1331.968 0 0
2026-08-11 2877 1331.968 0 0
2026-08-12 2875 1331.968 0 0
2026-08-13 2873 1331.968 0 0
2026-08-14 2874 1331.968 0 0
>>>>>>> 2b550085baac25c543016ca743053a87bf115d5d
2026-08-15 2873 1331.968 0 0
2026-08-16 2878 1331.968 0 0
2026-08-17 2878 1331.968 0 0
