2026-03-10 3141 1155.808 0 0
2026-03-11 3139 1161.193 5.385 0.466
2026-03-12 3145 1153.134 -8.059 -0.694
2026-03-13 3139 1148.75 -4.384 -0.38
2026-03-14 3143 1140.993 -7.757 -0.675
2026-03-15 3143 1140.993 0 0
2026-03-16 3150 1140.993 0 0
2026-03-17 3144 1145.056 4.063 0.356
2026-03-18 3142 1145.056 0 0
2026-03-19 3119 1147.824 2.768 0.242
2026-03-20 3109 1147.956 0.132 0.012
2026-03-21 3103 1151.004 3.048 0.266
2026-03-22 3103 1151.004 0 0
2026-03-23 3079 1151.004 0 0
2026-03-24 3084 1155.138 4.134 0.359
2026-03-25 3104 1154.336 -0.802 -0.069
2026-03-27 3091 1154.336 0 0
2026-03-28 3095 1148.618 -5.718 -0.495
2026-03-29 3095 1148.618 0 0
2026-03-30 3086 1148.618 0 0
2026-03-31 3084 1143.086 -5.532 -0.482
2026-04-01 3102 1148.75 5.664 0.496
2026-04-02 3081 1158.898 10.148 0.883
2026-04-03 3086 1151.669 -7.229 -0.624
2026-04-04 3086 1151.669 0 0
2026-04-05 3086 1151.669 0 0
2026-04-06 3096 1151.669 0 0
2026-04-07 3096 1150.739 -0.93 -0.081
2026-04-08 3115 1150.739 0 0
2026-04-09 3101 1165.946 15.207 1.321
2026-04-10 3111 1164.992 -0.954 -0.082
2026-04-11 3105 1169.364 4.372 0.375
2026-04-12 3105 1169.364 0 0
2026-04-13 3109 1169.364 0 0
2026-04-14 3119 1167.584 -1.78 -0.152
2026-04-15 3114 1177.374 9.79 0.838
2026-04-16 3124 1176.262 -1.112 -0.094
2026-04-17 3140 1173.632 -2.63 -0.224
2026-04-18 3126 1177.791 4.159 0.354
2026-04-19 3126 1177.791 0 0
2026-04-20 3132 1177.791 0 0
2026-04-21 3139 1173.632 -4.159 -0.353
2026-04-22 3138 1171.701 -1.931 -0.165
2026-04-23 3133 1168.268 -3.433 -0.293
2026-04-24 3121 1167.584 -0.684 -0.059
2026-04-25 3122 1167.037 -0.547 -0.047
2026-04-26 3122 1167.037 0 0
2026-04-27 3120 1167.037 0 0
2026-04-28 3113 1170.05 3.013 0.258
2026-04-29 3111 1166.628 -3.422 -0.292
2026-04-30 3118 1166.491 -0.137 -0.012
2026-05-01 3114 1169.501 3.01 0.258
2026-05-02 3109 1173.217 3.716 0.318
2026-05-04 3102 1173.217 0 0
2026-05-05 3118 1167.311 -5.906 -0.503
2026-05-06 3121 1167.311 0 0
2026-05-07 3136 1172.114 4.803 0.411
2026-05-08 3136 1174.184 2.07 0.177
2026-05-09 3136 1173.908 -0.276 -0.024
2026-05-10 3136 1173.908 0 0
<<<<<<< HEAD
2026-05-11 3142 1173.908 0 0
2026-05-12 3120 1174.461 0.553 0.047
2026-05-13 3123 1170.05 -4.411 -0.376
2026-05-14 3125 1167.311 -2.739 -0.234
2026-05-15 3129 1164.448 -2.863 -0.245
2026-05-16 3133 1159.572 -4.876 -0.419
2026-05-17 3133 1159.572 0 0
2026-05-18 3134 1159.572 0 0
2026-05-19 3131 1160.652 1.08 0.093
2026-05-20 3141 1156.21 -4.442 -0.383
2026-05-21 3140 1158.494 2.284 0.198
2026-05-22 3149 1158.494 0 0
2026-05-23 3150 1156.344 -2.15 -0.186
2026-05-24 3150 1156.344 0 0
2026-05-26 3152 1156.344 0 0
2026-05-27 3144 1158.898 2.554 0.221
2026-05-28 3145 1159.168 0.27 0.023
2026-05-29 3136 1161.193 2.025 0.175
2026-05-31 3136 1163.496 2.303 0.198
2026-06-01 3137 1163.496 0 0
2026-06-02 3134 1158.225 -5.271 -0.453
2026-06-03 3122 1160.922 2.697 0.233
2026-06-04 3125 1157.687 -3.235 -0.279
2026-06-05 3108 1159.572 1.885 0.163
2026-06-06 3118 1152.468 -7.104 -0.613
2026-06-07 3118 1152.468 0 0
2026-06-08 3104 1152.468 0 0
2026-06-09 3112 1150.739 -1.729 -0.15
2026-06-10 3100 1152.734 1.995 0.173
2026-06-11 3102 1151.802 -0.932 -0.081
2026-06-12 3131 1148.353 -3.449 -0.299
2026-06-13 3124 1153.935 5.582 0.486
2026-06-15 3138 1153.935 0 0
2026-06-16 3138 1157.284 3.349 0.29
2026-06-17 3132 1157.284 0 0
2026-06-18 3141 1155.406 -1.878 -0.162
2026-06-19 3151 1145.187 -10.219 -0.884
2026-06-20 3151 1145.187 0 0
2026-06-21 3151 1145.187 0 0
2026-06-23 3144 1141.124 -4.063 -0.355
2026-06-24 3146 1134.889 -6.235 -0.546
2026-06-25 3145 1130.642 -4.247 -0.374
2026-06-26 3135 1134.243 3.601 0.318
2026-06-27 3134 1136.053 1.81 0.16
2026-06-28 3134 1136.053 0 0
2026-06-29 3141 1136.053 0 0
2026-06-30 3142 1138.778 2.725 0.24
2026-07-01 3145 1139.819 1.041 0.091
2026-07-02 3158 1135.923 -3.896 -0.342
2026-07-03 3158 1140.863 4.94 0.435
2026-07-04 3158 1140.863 0 0
2026-07-05 3158 1140.863 0 0
2026-07-06 3159 1140.863 0 0
2026-07-07 3154 1138.388 -2.475 -0.217
2026-07-08 3138 1139.95 1.562 0.137
2026-07-09 3146 1137.219 -2.731 -0.24
2026-07-10 3151 1139.819 2.6 0.229
2026-07-11 3154 1138.908 -0.911 -0.08
2026-07-12 3154 1138.908 0 0
2026-07-13 3137 1138.908 0 0
2026-07-14 3145 1137.089 -1.819 -0.16
2026-07-15 3151 1140.993 3.904 0.343
2026-07-16 3151 1140.21 -0.783 -0.069
2026-07-17 3124 1140.863 0.653 0.057
2026-07-18 3124 1140.602 -0.261 -0.023
2026-07-19 3123 1140.602 0 0
2026-07-20 3123 1140.602 0 0
2026-07-21 3134 1137.219 -3.383 -0.297
2026-07-22 3132 1137.089 -0.13 -0.011
2026-07-23 3132 1137.608 0.519 0.046
2026-07-24 3125 1133.728 -3.88 -0.341
2026-07-25 3124 1134.502 0.774 0.068
2026-07-26 3124 1134.502 0 0
2026-07-27 3138 1134.502 0 0
2026-07-28 3135 1133.728 -0.774 -0.068
2026-07-29 3135 1135.147 1.419 0.125
2026-07-30 3137 1134.76 -0.387 -0.034
2026-07-31 3134 1146.9 12.14 1.07
2026-08-01 3136 1147.164 0.264 0.023
2026-08-02 3136 1147.164 0 0
2026-08-03 3134 1147.164 0 0
2026-08-04 3148 1147.956 0.792 0.069
2026-08-05 3158 1148.882 0.926 0.081
2026-08-06 3149 1151.802 2.92 0.254
2026-08-07 3164 1150.075 -1.727 -0.15
2026-08-08 3155 1151.935 1.86 0.162
2026-08-09 3155 1151.935 0 0
2026-08-10 3158 1151.935 0 0
2026-08-11 3156 1151.935 0 0
2026-08-12 3169 1150.739 -1.196 -0.104
2026-08-13 3170 1150.739 0 0
=======
2026-05-11 3139 1173.908 0 0
2026-05-12 3134 1173.908 0 0
2026-05-13 3115 1174.461 0 0
2026-05-14 3118 1170.05 0 0
2026-05-15 3134 1167.311 0 0
2026-05-16 3129 1164.448 0 0
2026-05-17 3133 1159.572 0 0
2026-05-18 3130 1159.572 0 0
2026-05-19 3134 1159.572 0 0
2026-05-20 3125 1160.652 0 0
2026-05-21 3148 1156.21 0 0
2026-05-22 3149 1158.494 0 0
2026-05-23 3149 1158.494 0 0
2026-05-24 3150 1156.344 0 0
2026-05-25 3147 1156.344 0 0
2026-05-26 3150 1156.344 0 0
2026-05-27 3150 1156.344 0 0
2026-05-28 3141 1158.898 0 0
2026-05-29 3139 1159.168 0 0
2026-05-30 3136 1161.193 0 0
2026-05-31 3136 1163.496 0 0
2026-06-01 3139 1163.496 0 0
2026-06-02 3135 1163.496 0 0
2026-06-03 3138 1158.225 0 0
2026-06-04 3118 1160.922 0 0
2026-06-05 3123 1157.687 0 0
2026-06-06 3108 1159.572 0 0
2026-06-07 3118 1152.468 0 0
2026-06-09 3105 1152.468 0 0
2026-06-10 3103 1150.739 0 0
2026-06-11 3098 1152.734 0 0
2026-06-12 3121 1151.802 0 0
2026-06-13 3131 1148.353 0 0
2026-06-14 3124 1153.935 0 0
2026-06-16 3137 1153.935 0 0
2026-06-17 3134 1157.284 0 0
2026-06-18 3132 1157.284 0 0
2026-06-19 3141 1155.406 0 0
2026-06-20 3151 1145.187 0 0
2026-06-21 3151 1145.187 0 0
2026-06-22 3145 1145.187 0 0
2026-06-23 3145 1145.187 0 0
2026-06-24 3142 1141.124 0 0
2026-06-25 3143 1134.889 0 0
2026-06-26 3134 1130.642 0 0
2026-06-27 3135 1134.243 0 0
2026-06-28 3134 1136.053 0 0
2026-06-29 3140 1136.053 0 0
2026-06-30 3141 1136.053 0 0
2026-07-01 3144 1138.778 0 0
2026-07-02 3151 1139.819 0 0
2026-07-03 3162 1135.923 0 0
2026-07-04 3158 1140.863 0 0
2026-07-05 3158 1140.863 0 0
2026-07-06 3156 1140.863 0 0
2026-07-07 3153 1140.863 0 0
2026-07-08 3151 1138.388 0 0
2026-07-09 3134 1139.95 0 0
2026-07-10 3154 1137.219 0 0
2026-07-11 3151 1139.819 0 0
2026-07-12 3154 1138.908 0 0
2026-07-13 3148 1138.908 0 0
2026-07-14 3133 1138.908 0 0
2026-07-15 3146 1137.089 0 0
2026-07-16 3156 1140.993 0 0
2026-07-17 3132 1140.21 0 0
2026-07-18 3124 1140.863 0 0
2026-07-19 3124 1140.602 0 0
2026-07-20 3126 1140.602 0 0
2026-07-21 3125 1140.602 0 0
2026-07-22 3138 1137.219 0 0
2026-07-23 3138 1137.089 0 0
2026-07-24 3125 1137.608 0 0
2026-07-25 3125 1133.728 0 0
2026-07-26 3124 1134.502 0 0
2026-07-27 3132 1134.502 0 0
2026-07-28 3130 1134.502 0 0
2026-07-29 3142 1133.728 0 0
2026-07-30 3140 1135.147 0 0
2026-07-31 3143 1134.76 0 0
2026-08-01 3134 1146.9 0 0
2026-08-02 3136 1147.164 0 0
2026-08-03 3133 1147.164 0 0
2026-08-04 3143 1147.164 0 0
2026-08-05 3155 1147.956 0 0
2026-08-06 3155 1148.882 0 0
2026-08-07 3148 1151.802 0 0
2026-08-08 3164 1150.075 0 0
2026-08-09 3155 1151.935 0 0
2026-08-10 3157 1151.935 0 0
2026-08-11 3152 1151.935 0 0
2026-08-12 3159 1151.935 0 0
2026-08-13 3167 1150.739 0 0
2026-08-14 3168 1150.739 0 0
>>>>>>> 2b550085baac25c543016ca743053a87bf115d5d
2026-08-15 3163 1151.004 0 0
2026-08-16 3162 1154.603 0 0
2026-08-17 3161 1154.603 0 0
2026-08-18 3165 1154.603 0 0
2026-08-19 3162 1155.272 0 0
2026-08-20 3155 1154.737 0 0
2026-08-21 3146 1162.818 0 0
2026-08-22 3145 1164.856 0 0
2026-08-24 3150 1163.768 0 0
2026-08-25 3140 1163.768 0 0
2026-08-26 3150 1163.089 0 0
2026-08-27 3154 1163.496 0 0
2026-08-28 3160 1161.057 0 0
2026-08-29 3159 1161.057 0 0
