2026-03-10 2232 1847.508 0 0
2026-03-11 2139 1954.471 106.963 5.79
2026-03-12 2143 1938.671 -15.8 -0.808
2026-03-13 2196 1861.393 -77.278 -3.986
2026-03-14 2208 1845.564 -15.829 -0.85
2026-03-15 2208 1845.564 0 0
2026-03-16 2182 1876.459 30.895 1.674
2026-03-17 2118 1948.672 72.213 3.848
2026-03-18 2057 2006.451 57.779 2.965
2026-03-19 2132 1932.266 -74.185 -3.697
2026-03-20 2091 1952.074 19.808 1.025
2026-03-21 2090 1952.269 0.195 0.01
2026-03-22 2090 1952.269 0 0
2026-03-23 2253 1771.608 -180.661 -9.254
2026-03-24 2279 1752.107 -19.501 -1.101
2026-03-25 2188 1851.18 99.073 5.655
2026-03-27 2190 1847.323 -3.857 -0.208
2026-03-28 2198 1830.61 -16.713 -0.905
2026-03-29 2198 1830.61 0 0
2026-03-30 2270 1754.159 -76.451 -4.176
2026-03-31 2350 1689.04 -65.119 -3.712
2026-04-01 2202 1833.424 144.384 8.548
2026-04-02 2255 1789.575 -43.849 -2.392
2026-04-03 2284 1756.526 -33.049 -1.847
2026-04-04 2284 1756.526 0 0
2026-04-05 2284 1756.526 0 0
2026-04-06 2270 1779.294 22.768 1.296
2026-04-07 2270 1780.221 0.927 0.052
2026-04-08 2084 1979.344 199.123 11.185
2026-04-09 2101 1971.482 -7.862 -0.397
2026-04-10 2037 2030.03 58.548 2.97
2026-04-11 2040 2030.03 0 0
2026-04-12 2040 2030.03 0 0
2026-04-13 2006 2065.038 35.008 1.725
2026-04-14 1945 2144.882 79.844 3.866
2026-04-15 1962 2137.215 -7.667 -0.357
2026-04-16 1945 2163.305 26.09 1.221
2026-04-17 1951 2163.011 -0.294 -0.014
2026-04-18 1964 2150.974 -12.037 -0.556
2026-04-19 1964 2150.974 0 0
2026-04-20 1944 2182.098 31.124 1.447
2026-04-21 1930 2197.661 15.563 0.713
2026-04-22 1942 2178.075 -19.586 -0.891
2026-04-23 1929 2175.782 -2.293 -0.105
2026-04-24 1932 2168.95 -6.832 -0.314
2026-04-25 1934 2163.982 -4.968 -0.229
2026-04-26 1934 2163.982 0 0
2026-04-27 1926 2175.639 11.657 0.539
2026-04-28 1926 2177.554 1.915 0.088
2026-04-29 1982 2101.415 -76.139 -3.497
2026-04-30 2054 2024.3 -77.115 -3.67
2026-05-01 2063 2017.749 -6.551 -0.324
2026-05-02 2065 2017.749 0 0
2026-05-04 1926 2188.845 171.096 8.48
2026-05-05 1715 2448.897 260.052 11.881
2026-05-06 1722 2448.897 0 0
2026-05-07 1804 2342.418 -106.479 -4.348
2026-05-08 1855 2284.526 -57.892 -2.471
2026-05-09 1877 2258.66 -25.866 -1.132
2026-05-10 1877 2258.66 0 0
2026-05-11 1902 2239.05 -19.61 -0.868
2026-05-12 1995 2105.972 -133.078 -5.944
2026-05-13 2004 2098.907 -7.065 -0.335
2026-05-14 1970 2146.88 47.973 2.286
2026-05-15 1949 2146.52 -0.36 -0.017
2026-05-16 1961 2131.367 -15.153 -0.706
2026-05-17 1961 2131.367 0 0
2026-05-18 2095 1996.931 -134.436 -6.308
2026-05-19 2143 1949.79 -47.141 -2.361
2026-05-20 2164 1927.644 -22.146 -1.136
2026-05-21 2170 1928.667 1.023 0.053
2026-05-22 2004 2097.078 168.411 8.732
2026-05-23 2015 2083.459 -13.619 -0.649
2026-05-24 2015 2083.459 0 0
2026-05-26 2024 2068.248 -15.211 -0.73
2026-05-27 2066 2023.482 -44.766 -2.164
2026-05-28 2112 1982.425 -41.057 -2.029
2026-05-29 2129 1972.243 -10.182 -0.514
2026-05-31 2136 1966.747 -5.496 -0.279
2026-06-01 2058 2031.808 65.061 3.308
2026-06-02 2085 2001.015 -30.793 -1.516
2026-06-03 2094 1985.179 -15.836 -0.791
2026-06-04 2013 2053.647 68.468 3.449
2026-06-05 2065 2004.706 -48.941 -2.383
2026-06-06 2076 1990.98 -13.726 -0.685
2026-06-07 2076 1990.98 0 0
2026-06-08 2310 1762.646 -228.334 -11.468
2026-06-09 2191 1886.213 123.567 7.01
2026-06-10 2181 1894.833 8.62 0.457
2026-06-11 2190 1887.112 -7.721 -0.407
2026-06-12 2103 1960.311 73.199 3.879
2026-06-13 2100 1973.017 12.706 0.648
2026-06-15 2022 2056.507 83.49 4.232
2026-06-16 2009 2075.226 18.719 0.91
2026-06-17 2109 1979.512 -95.714 -4.612
2026-06-18 2193 1905.58 -73.932 -3.735
2026-06-19 2203 1891.7 -13.88 -0.728
2026-06-20 2203 1891.7 0 0
2026-06-21 2202 1891.7 0 0
2026-06-23 2379 1706.743 -184.957 -9.777
2026-06-24 2416 1677.097 -29.646 -1.737
2026-06-25 2334 1746.03 68.933 4.11
2026-06-26 2450 1640.628 -105.402 -6.037
2026-06-27 2437 1649.501 8.873 0.541
2026-06-28 2437 1649.501 0 0
2026-06-29 2294 1784.8 135.299 8.202
2026-06-30 2295 1795.359 10.559 0.592
2026-07-01 2249 1842.319 46.96 2.616
2026-07-02 2276 1816.437 -25.882 -1.405
2026-07-03 2144 1938.545 122.108 6.722
2026-07-04 2144 1938.545 0 0
2026-07-05 2145 1938.545 0 0
2026-07-06 2097 1994.155 55.61 2.869
2026-07-07 2094 1980.022 -14.133 -0.709
2026-07-08 2153 1909.146 -70.876 -3.58
2026-07-09 2227 1859.645 -49.501 -2.593
2026-07-10 2093 1979.476 119.831 6.444
2026-07-11 2089 1984.747 5.271 0.266
2026-07-12 2089 1984.747 0 0
2026-07-13 2099 1969.388 -15.359 -0.774
2026-07-14 2269 1810.753 -158.635 -8.055
2026-07-15 2101 1965.545 154.792 8.548
2026-07-16 2141 1928.689 -36.856 -1.875
2026-07-17 2124 1935.92 7.231 0.375
2026-07-18 2124 1935.727 -0.193 -0.01
2026-07-19 2123 1935.727 0 0
2026-07-20 2225 1838.336 -97.391 -5.031
2026-07-21 2204 1860.513 22.177 1.206
2026-07-22 2229 1835.573 -24.94 -1.34
2026-07-23 2183 1877.67 42.097 2.293
2026-07-24 2229 1827.792 -49.878 -2.656
2026-07-25 2229 1828.665 0.873 0.048
2026-07-26 2228 1828.665 0 0
2026-07-27 2245 1824.731 -3.934 -0.215
2026-07-28 2411 1674.547 -150.184 -8.23
2026-07-29 2481 1601.12 -73.427 -4.385
2026-07-30 2482 1603.091 1.971 0.123
2026-07-31 2262 1813.017 209.926 13.095
2026-08-01 2255 1828.086 15.069 0.831
2026-08-02 2256 1828.086 0 0
2026-08-03 2345 1750.415 -77.671 -4.249
2026-08-04 2318 1790.824 40.409 2.309
2026-08-05 2269 1844.518 53.694 2.998
2026-08-06 2301 1809.7 -34.818 -1.888
2026-08-07 2452 1681.06 -128.64 -7.108
2026-08-08 2445 1688.414 7.354 0.437
2026-08-09 2445 1688.414 0 0
2026-08-10 2391 1736.434 48.02 2.844
2026-08-11 2352 1770.618 34.184 1.969
2026-08-12 2335 1791.352 20.734 1.171
2026-08-13 2343 1785.026 -6.326 -0.353
2026-08-15 2308 1818.46 33.434 1.873
2026-08-16 2307 1818.46 0 0
2026-08-17 2315 1818.46 0 0
2026-08-18 2424 1721.208 -97.252 -5.348
2026-08-19 2468 1655.014 -66.194 -3.846
2026-08-20 2432 1701.822 46.808 2.828
2026-08-21 2452 1689.249 -12.573 -0.739
2026-08-23 2452 1697.048 7.799 0.462
2026-08-24 2452 1687.062 -9.986 -0.588
2026-08-25 2372 1761.33 74.268 4.402
2026-08-26 2383 1753.304 -8.026 -0.456
2026-08-27 2385 1756.426 3.122 0.178
2026-08-28 2375 1760.807 4.381 0.249
2026-08-29 2363 1771.328 10.521 0.598
2026-08-30 2363 1771.328 0 0
2026-08-31 2366 1778.892 7.564 0.427
2026-09-01 2383 1762.923 0 0
