2026-03-10 1881 2227.212 0 0
2026-03-11 2004 2090.535 -136.677 -6.137
2026-03-12 2164 1904.978 -185.557 -8.876
2026-03-13 2236 1817.043 -87.935 -4.616
2026-03-14 2227 1817.043 0 0
2026-03-15 2227 1817.043 0 0
2026-03-16 1986 2074.172 257.129 14.151
2026-03-17 1941 2130.06 55.888 2.694
2026-03-18 1621 2544.762 414.702 19.469
2026-03-19 1825 2256.71 -288.052 -11.319
2026-03-20 1889 2159.94 -96.77 -4.288
2026-03-21 1887 2160.106 0.166 0.008
2026-03-22 1887 2160.106 0 0
2026-03-23 1989 2021.352 -138.754 -6.423
2026-03-24 1808 2243.327 221.975 10.982
2026-03-25 1570 2605.172 361.845 16.13
2026-03-27 1766 2289.809 -315.363 -12.105
2026-03-28 1762 2288.698 -1.111 -0.049
2026-03-29 1761 2288.698 0 0
2026-03-30 1605 2513.114 224.416 9.805
2026-03-31 1691 2374.914 -138.2 -5.499
2026-04-01 1318 3131.85 756.936 31.872
2026-04-02 1535 2667.405 -464.445 -14.83
2026-04-03 1533 2667.337 -0.068 -0.003
2026-04-04 1533 2667.337 0 0
2026-04-05 1533 2667.337 0 0
2026-04-06 1539 2667.337 0 0
2026-04-07 1534 2667.473 0.136 0.005
2026-04-08 1397 2973.942 306.469 11.489
2026-04-09 1315 3185.218 211.276 7.104
2026-04-10 1300 3206.141 20.923 0.657
2026-04-11 1300 3207.082 0.941 0.029
2026-04-12 1300 3207.082 0 0
2026-04-13 1280 3280.749 73.667 2.297
2026-04-14 1298 3247.66 -33.089 -1.009
2026-04-15 1419 2970.359 -277.301 -8.538
2026-04-16 1399 3024.365 54.006 1.818
2026-04-17 1399 3055.314 30.949 1.023
2026-04-18 1401 3053.675 -1.639 -0.054
2026-04-19 1401 3053.675 0 0
2026-04-20 1287 3341.564 287.889 9.428
2026-04-21 1316 3255.426 -86.138 -2.578
2026-04-22 1272 3379.264 123.838 3.804
2026-04-23 1215 3521.859 142.595 4.22
2026-04-24 1326 3203.492 -318.367 -9.04
2026-04-25 1326 3202.756 -0.736 -0.023
2026-04-26 1326 3202.756 0 0
2026-04-27 1366 3132.535 -70.221 -2.193
2026-04-28 1532 2738.998 -393.537 -12.563
2026-04-29 1492 2796.167 57.169 2.087
2026-04-30 1412 2972.23 176.063 6.297
2026-05-01 1415 2973.444 1.214 0.041
2026-05-02 1416 2972.837 -0.607 -0.02
2026-05-04 1362 3149.22 176.383 5.933
2026-05-05 1361 3151.818 2.598 0.082
2026-05-06 1348 3180.938 29.12 0.924
2026-05-07 1295 3339.304 158.366 4.979
2026-05-08 1370 3162.984 -176.32 -5.28
2026-05-09 1370 3163.832 0.848 0.027
2026-05-10 1370 3163.832 0 0
2026-05-11 1401 3081.566 -82.266 -2.6
2026-05-12 1479 2879.401 -202.165 -6.56
2026-05-13 1099 3942.087 1062.686 36.906
2026-05-14 1153 3735.363 -206.724 -5.244
2026-05-15 1206 3563.243 -172.12 -4.608
2026-05-16 1202 3564.335 1.092 0.031
2026-05-17 1202 3564.335 0 0
2026-05-18 1100 3896.778 332.443 9.327
2026-05-19 1208 3529.567 -367.211 -9.423
2026-05-20 1189 3624.59 95.023 2.692
2026-05-21 1190 3624.59 0 0
2026-05-22 970 4391.99 767.4 21.172
2026-05-23 974 4390.756 -1.234 -0.028
2026-05-24 974 4390.756 0 0
2026-05-26 923 4606.527 215.771 4.914
2026-05-27 881 4879.774 273.247 5.932
2026-05-28 752 5542.593 662.819 13.583
2026-05-29 776 5462.898 -79.695 -1.438
2026-05-31 777 5461.295 -1.603 -0.029
2026-06-01 849 5019.598 -441.697 -8.088
2026-06-02 880 4834.639 -184.959 -3.685
2026-06-03 846 5006.157 171.518 3.548
2026-06-04 867 4882.699 -123.458 -2.466
2026-06-05 949 4442.3 -440.399 -9.02
2026-06-06 948 4442.357 0.057 0.001
2026-06-07 948 4442.357 0 0
2026-06-08 930 4500.584 58.227 1.311
2026-06-09 1086 3890.072 -610.512 -13.565
2026-06-10 1179 3588.453 -301.619 -7.754
2026-06-11 1167 3633.013 44.56 1.242
2026-06-12 1127 3756.378 123.365 3.396
2026-06-13 1127 3756.809 0.431 0.011
2026-06-15 852 4989.673 1232.864 32.817
2026-06-16 836 5048.6 58.927 1.181
2026-06-17 736 5686.467 637.867 12.635
2026-06-18 552 7171.797 1485.33 26.12
2026-06-19 550 7169.601 -2.196 -0.031
2026-06-20 550 7169.601 0 0
2026-06-21 550 7169.601 0 0
2026-06-23 527 7427.257 257.656 3.594
2026-06-24 522 7440.473 13.216 0.178
2026-06-25 448 8043.548 603.075 8.105
2026-06-26 565 7002.574 -1040.974 -12.942
2026-06-27 566 7001.592 -0.982 -0.014
2026-06-28 566 7001.592 0 0
2026-06-29 590 6710.715 -290.877 -4.154
2026-06-30 548 7198.972 488.257 7.276
2026-07-01 553 7199.798 0.826 0.011
2026-07-02 690 6000.812 -1198.986 -16.653
2026-07-03 674 6134.943 134.131 2.235
2026-07-04 674 6134.943 0 0
2026-07-05 674 6134.943 0 0
2026-07-06 804 5235.06 -899.883 -14.668
2026-07-07 747 5508.859 273.799 5.23
2026-07-08 656 6244.753 735.894 13.358
2026-07-09 577 6955.546 710.793 11.382
2026-07-10 737 5615.662 -1339.884 -19.264
2026-07-11 737 5613.441 -2.221 -0.04
2026-07-12 737 5613.441 0 0
2026-07-13 733 5630.555 17.114 0.305
2026-07-14 756 5477.995 -152.56 -2.71
2026-07-15 707 5844.336 366.341 6.688
2026-07-16 791 5299.284 -545.052 -9.326
2026-07-17 1118 3789.363 -1509.921 -28.493
2026-07-18 1118 3788.928 -0.435 -0.011
2026-07-19 1118 3788.928 0 0
2026-07-20 1371 3047.914 -741.014 -19.557
2026-07-21 1005 4172.111 1124.197 36.884
2026-07-22 1041 4021.107 -151.004 -3.619
2026-07-23 1049 4008.032 -13.075 -0.325
2026-07-24 988 4233.447 225.415 5.624
2026-07-25 988 4233.015 -0.432 -0.01
2026-07-26 988 4233.015 0 0
2026-07-27 952 4383.583 150.568 3.557
2026-07-28 1190 3565.634 -817.949 -18.659
2026-07-29 1206 3535.152 -30.482 -0.855
2026-07-30 1406 2949.426 -585.726 -16.569
2026-07-31 1264 3378.45 429.024 14.546
2026-08-01 1261 3379.398 0.948 0.028
2026-08-02 1261 3379.398 0 0
2026-08-03 1312 3216.845 -162.553 -4.81
2026-08-04 1245 3456.133 239.288 7.439
2026-08-05 1216 3561.667 105.534 3.054
2026-08-06 1160 3718.766 157.099 4.411
2026-08-07 1004 4262.237 543.471 14.614
2026-08-08 1004 4261.802 -0.435 -0.01
2026-08-09 1004 4261.802 0 0
2026-08-10 1001 4282.324 20.522 0.482
2026-08-11 1052 4077.101 -205.223 -4.792
2026-08-12 1042 4131.406 54.305 1.332
2026-08-13 942 4503.789 372.383 9.013
2026-08-15 988 4342.895 -160.894 -3.572
2026-08-16 987 4342.895 0 0
2026-08-17 1049 4113.782 -229.113 -5.276
2026-08-18 1210 3567.691 -546.091 -13.275
2026-08-19 1251 3462.226 -105.465 -2.956
2026-08-20 1239 3501.287 39.061 1.128
2026-08-21 1120 3862.897 361.61 10.328
2026-08-23 1119 3864.277 1.38 0.036
2026-08-24 1262 3446.702 -417.575 -10.806
2026-08-25 1198 3626.396 179.694 5.214
2026-08-26 1239 3526.1 -100.296 -2.766
2026-08-27 1092 3971.192 445.092 12.623
2026-08-28 1157 3731.218 -239.974 -6.043
2026-08-29 1155 3730.98 -0.238 -0.006
2026-08-30 1155 3730.98 0 0
2026-08-31 1056 4090.386 359.406 9.633
2026-09-01 1018 4210.188 0 0
2026-09-02 1112 3875.039 0 0
2026-09-03 1132 3809.173 0 0
2026-09-04 1138 3788.203 0 0
