2026-03-10 3073 1197.63 0 0
2026-03-11 3017 1231.236 33.606 2.806
2026-03-12 3001 1229.194 -2.042 -0.166
2026-03-13 3024 1215.763 -13.431 -1.093
2026-03-14 3025 1209.224 -6.539 -0.538
2026-03-15 3025 1209.224 0 0
2026-03-16 3023 1209.224 0 0
2026-03-17 2969 1240.567 31.343 2.592
2026-03-18 2977 1240.567 0 0
2026-03-19 2944 1247.108 6.541 0.527
2026-03-20 2948 1233.75 -13.358 -1.071
2026-03-21 2946 1231.812 -1.938 -0.157
2026-03-22 2946 1231.812 0 0
2026-03-23 2908 1251.313 19.501 1.583
2026-03-24 2894 1266.783 15.47 1.236
2026-03-25 2890 1275.682 8.899 0.702
2026-03-27 2867 1285.47 9.788 0.767
2026-03-28 2884 1271.456 -14.014 -1.09
2026-03-29 2884 1271.456 0 0
2026-03-30 2816 1310.18 38.724 3.046
2026-03-31 2866 1285.2 -24.98 -1.907
2026-04-01 2873 1289.638 4.438 0.345
2026-04-02 2837 1305.302 15.664 1.215
2026-04-03 2829 1304.021 -1.281 -0.098
2026-04-04 2829 1304.021 0 0
2026-04-05 2829 1304.021 0 0
2026-04-06 2833 1304.021 0 0
2026-04-07 2823 1307.576 3.555 0.273
2026-04-08 2859 1307.576 0 0
2026-04-09 2819 1334.538 26.962 2.062
2026-04-10 2815 1336.761 2.223 0.167
2026-04-11 2806 1345.901 9.14 0.684
2026-04-12 2806 1345.901 0 0
2026-04-13 2814 1345.901 0 0
2026-04-14 2801 1360.878 14.977 1.113
2026-04-15 2803 1370.792 9.914 0.729
2026-04-16 2870 1327.825 -42.967 -3.134
2026-04-17 2848 1345.87 18.045 1.359
2026-04-18 2838 1353.953 8.083 0.601
2026-04-19 2839 1353.953 0 0
2026-04-20 2830 1364.107 10.154 0.75
2026-04-21 2848 1351.547 -12.56 -0.921
2026-04-22 2858 1342.934 -8.613 -0.637
2026-04-23 2839 1343.624 0.69 0.051
2026-04-24 2839 1339.53 -4.094 -0.305
2026-04-25 2841 1335.03 -4.5 -0.336
2026-04-26 2841 1335.03 0 0
2026-04-27 2865 1325.912 -9.118 -0.683
2026-04-28 2850 1329.5 3.588 0.271
2026-04-29 2927 1285.71 -43.79 -3.294
2026-04-30 2934 1281.883 -3.827 -0.298
2026-05-01 2945 1278.809 -3.074 -0.24
2026-05-02 2938 1286.966 8.157 0.638
2026-05-04 2872 1327.079 40.113 3.117
2026-05-05 2914 1303.016 -24.063 -1.813
2026-05-06 2890 1323.011 19.995 1.535
2026-05-07 2873 1339.9 16.889 1.277
2026-05-08 2837 1372.305 32.405 2.418
2026-05-09 2837 1372.465 0.16 0.012
2026-05-10 2838 1372.465 0 0
2026-05-11 2842 1372.465 0 0
2026-05-12 2811 1385.021 12.556 0.915
2026-05-13 2809 1388.35 3.329 0.24
2026-05-14 2836 1362.403 -25.947 -1.869
2026-05-15 2831 1359.861 -2.542 -0.187
2026-05-16 2838 1349.045 -10.816 -0.795
2026-05-17 2838 1349.045 0 0
2026-05-18 2829 1351.056 2.011 0.149
2026-05-19 2818 1359.375 8.319 0.616
2026-05-20 2826 1357.046 -2.329 -0.171
2026-05-21 2824 1365.718 8.672 0.639
2026-05-22 2826 1357.645 -8.073 -0.591
2026-05-23 2831 1353.544 -4.101 -0.302
2026-05-24 2831 1353.544 0 0
2026-05-26 2849 1341.47 -12.074 -0.892
2026-05-27 2898 1312.34 -29.13 -2.171
2026-05-28 2831 1346.875 34.535 2.632
2026-05-29 2830 1350.261 3.386 0.251
2026-05-31 2830 1350.798 0.537 0.04
2026-06-01 2828 1350.798 0 0
2026-06-02 2828 1344.747 -6.051 -0.448
2026-06-03 2815 1352.881 8.134 0.605
2026-06-04 2817 1349.764 -3.117 -0.23
2026-06-05 2806 1351.598 1.834 0.136
2026-06-06 2814 1341.929 -9.669 -0.715
2026-06-07 2814 1341.929 0 0
2026-06-08 2833 1315.879 -26.05 -1.941
2026-06-09 2850 1314.784 -1.095 -0.083
2026-06-10 2832 1316.71 1.926 0.146
2026-06-11 2827 1318.604 1.894 0.144
2026-06-12 2842 1317.278 -1.326 -0.101
2026-06-13 2820 1333.364 16.086 1.221
2026-06-15 2875 1313.06 -20.304 -1.523
2026-06-16 2879 1312.044 -1.016 -0.077
2026-06-17 2876 1311.999 -0.045 -0.003
2026-06-18 2872 1312.884 0.885 0.067
2026-06-19 2924 1280.662 -32.222 -2.454
2026-06-20 2924 1280.662 0 0
2026-06-21 2924 1280.662 0 0
2026-06-23 2905 1283.317 2.655 0.207
2026-06-24 2962 1247.811 -35.506 -2.767
2026-06-25 2972 1238.799 -9.012 -0.722
2026-06-26 2960 1245.182 6.383 0.515
2026-06-27 2945 1252.269 7.087 0.569
2026-06-28 2945 1252.269 0 0
2026-06-29 2950 1252.269 0 0
2026-06-30 2995 1219.934 -32.335 -2.582
2026-07-01 3000 1223.69 3.756 0.308
2026-07-02 3010 1219.795 -3.895 -0.318
2026-07-03 3013 1224.23 4.435 0.364
2026-07-04 3013 1224.23 0 0
2026-07-05 3013 1224.23 0 0
2026-07-06 3015 1224.23 0 0
2026-07-07 3000 1224.917 0.687 0.056
2026-07-08 3061 1191.25 -33.667 -2.749
2026-07-09 3076 1182.376 -8.874 -0.745
2026-07-10 3073 1187.195 4.819 0.408
2026-07-11 3074 1188.958 1.763 0.149
2026-07-12 3074 1188.958 0 0
2026-07-13 3060 1188.958 0 0
2026-07-14 3059 1190.215 1.257 0.106
2026-07-15 3120 1161.494 -28.721 -2.413
2026-07-16 3111 1162.616 1.122 0.097
2026-07-17 3096 1163.953 1.337 0.115
2026-07-18 3102 1158.063 -5.89 -0.506
2026-07-19 3101 1158.063 0 0
2026-07-20 3142 1127.204 -30.859 -2.665
2026-07-21 3142 1131.509 4.305 0.382
2026-07-22 3137 1135.574 4.065 0.359
2026-07-23 3135 1135.606 0.032 0.003
2026-07-24 3135 1127.951 -7.655 -0.674
2026-07-25 3129 1131.607 3.656 0.324
2026-07-26 3129 1131.607 0 0
2026-07-27 3140 1131.607 0 0
2026-07-28 3139 1131.704 0.097 0.009
2026-07-29 3138 1133.034 1.33 0.118
2026-07-30 3145 1127.506 -5.528 -0.488
2026-07-31 3145 1138.42 10.914 0.968
2026-08-01 3149 1138.853 0.433 0.038
2026-08-02 3149 1138.853 0 0
2026-08-03 3255 1079.514 -59.339 -5.21
2026-08-04 3262 1081.596 2.082 0.193
2026-08-05 3260 1084.979 3.383 0.313
2026-08-06 3259 1088.599 3.62 0.334
2026-08-07 3274 1077.543 -11.056 -1.016
2026-08-08 3271 1081.327 3.784 0.351
2026-08-09 3271 1081.327 0 0
2026-08-10 3276 1081.327 0 0
2026-08-11 3304 1059.952 -21.375 -1.977
2026-08-12 3302 1061.859 1.907 0.18
2026-08-13 3296 1065.252 3.393 0.32
2026-08-15 3287 1068.886 3.634 0.341
2026-08-16 3287 1068.886 0 0
2026-08-17 3328 1037.067 -31.819 -2.977
2026-08-18 3330 1038.283 1.216 0.117
2026-08-19 3325 1037.272 -1.011 -0.097
2026-08-20 3323 1042.937 5.665 0.546
2026-08-21 3329 1043.091 0.154 0.015
2026-08-23 3332 1045.527 2.436 0.234
2026-08-24 3326 1045.527 0 0
2026-08-25 3333 1042.451 -3.076 -0.294
2026-08-26 3333 1043.239 0.788 0.076
2026-08-27 3340 1041.954 -1.285 -0.123
2026-08-28 3335 1041.985 0.031 0.003
2026-08-29 3338 1038.991 -2.994 -0.287
2026-08-30 3338 1038.991 0 0
2026-08-31 3341 1038.991 0 0
2026-09-01 3340 1038.991 0 0
2026-09-02 3348 1027.989 0 0
