2026-03-10 3183 1128.365 0 0
2026-03-11 3205 1116.499 -11.866 -1.052
2026-03-12 3230 1095.263 -21.236 -1.902
2026-03-13 3287 1051.106 -44.157 -4.032
2026-03-14 3282 1048.052 -3.054 -0.291
2026-03-15 3282 1048.052 0 0
2026-03-16 3265 1063.922 15.87 1.514
2026-03-17 3239 1083.731 19.809 1.862
2026-03-18 3208 1104.331 20.6 1.901
2026-03-19 3229 1080.832 -23.499 -2.128
2026-03-20 3239 1063.815 -17.017 -1.574
2026-03-21 3259 1051.514 -12.301 -1.156
2026-03-22 3258 1051.514 0 0
2026-03-23 3281 1028.577 -22.937 -2.181
2026-03-24 3289 1026.062 -2.515 -0.245
2026-03-25 3254 1052.928 26.866 2.618
2026-03-26 3255 1052.928 0 0
2026-03-27 3276 1032.717 -20.211 -1.92
2026-03-28 3293 1022.546 -10.171 -0.985
2026-03-29 3293 1022.546 0 0
2026-03-30 3323 1004.189 -18.357 -1.795
2026-03-31 3321 1003.686 -0.503 -0.05
2026-04-01 3324 1006.708 3.022 0.301
2026-04-02 3334 1008.867 2.159 0.214
2026-04-03 3299 1027.733 18.866 1.87
2026-04-04 3299 1027.733 0 0
2026-04-05 3299 1027.733 0 0
2026-04-06 3300 1027.807 0.074 0.007
2026-04-07 3261 1048.438 20.631 2.007
2026-04-08 3231 1084.299 35.861 3.42
2026-04-09 3233 1087.637 3.338 0.308
2026-04-10 3240 1087.758 0.121 0.011
2026-04-11 3244 1086.996 -0.762 -0.07
2026-04-12 3244 1086.996 0 0
2026-04-13 3267 1078.164 -8.832 -0.813
2026-04-14 3286 1070.573 -7.591 -0.704
2026-04-15 3280 1083.069 12.496 1.167
2026-04-16 3288 1081.696 -1.373 -0.127
2026-04-17 3239 1108.269 26.573 2.457
2026-04-18 3238 1111.609 3.34 0.301
2026-04-19 3238 1111.609 0 0
2026-04-20 3244 1105.807 -5.802 -0.522
2026-04-21 3239 1108.08 2.273 0.206
2026-04-22 3248 1104.699 -3.381 -0.305
2026-04-23 3309 1061.006 -43.693 -3.955
2026-04-24 3307 1054.449 -6.557 -0.618
2026-04-25 3308 1052.883 -1.566 -0.149
2026-04-26 3308 1052.883 0 0
2026-04-27 3265 1085.25 32.367 3.074
2026-04-28 3296 1069.59 -15.66 -1.443
2026-04-29 3281 1068.656 -0.934 -0.087
2026-04-30 3287 1066.226 -2.43 -0.227
2026-05-01 3292 1065.553 -0.673 -0.063
2026-05-02 3292 1065.553 0 0
2026-05-04 3266 1082.45 16.897 1.586
2026-05-05 3254 1094.897 12.447 1.15
2026-05-06 3220 1113.773 18.876 1.724
2026-05-07 3207 1128.784 15.011 1.348
2026-05-08 3194 1147.622 18.838 1.669
2026-05-09 3195 1144.813 -2.809 -0.245
2026-05-10 3195 1144.813 0 0
2026-05-11 3035 1234.522 89.709 7.836
2026-05-12 3106 1182.387 -52.135 -4.223
2026-05-13 3047 1215.459 33.072 2.797
2026-05-14 3054 1212.566 -2.893 -0.238
2026-05-15 3085 1192.249 -20.317 -1.676
2026-05-16 3083 1189.81 -2.439 -0.205
2026-05-17 3083 1189.81 0 0
2026-05-18 3189 1126.872 -62.938 -5.29
2026-05-19 3138 1155.838 28.966 2.57
2026-05-20 3109 1174.079 18.241 1.578
2026-05-21 3116 1170.441 -3.638 -0.31
2026-05-22 3096 1182.634 12.193 1.042
2026-05-23 3077 1196.333 13.699 1.158
2026-05-24 3077 1196.333 0 0
2026-05-26 3070 1201.609 5.276 0.441
2026-05-27 3020 1226.195 24.586 2.046
2026-05-28 3024 1226.115 -0.08 -0.007
2026-05-29 3097 1188.531 -37.584 -3.065
2026-05-31 3079 1197.195 8.664 0.729
2026-06-01 3088 1190.371 -6.824 -0.57
2026-06-02 3098 1180.257 -10.114 -0.85
2026-06-03 3121 1162.099 -18.158 -1.538
2026-06-04 3062 1197.307 35.208 3.03
2026-06-05 2975 1231.975 34.668 2.895
2026-06-06 2964 1243.07 11.095 0.901
2026-06-07 2964 1243.07 0 0
2026-06-08 2931 1258.741 15.671 1.261
2026-06-09 2993 1219.331 -39.41 -3.131
2026-06-10 3018 1200.952 -18.379 -1.507
2026-06-11 3015 1203.369 2.417 0.201
2026-06-12 2973 1228.704 25.335 2.105
2026-06-13 2972 1237.069 8.365 0.681
2026-06-15 3026 1214.466 -22.603 -1.827
2026-06-16 2994 1229.281 14.815 1.22
2026-06-17 2965 1257.559 28.278 2.3
2026-06-18 2977 1250.635 -6.924 -0.551
2026-06-19 2934 1272.658 22.023 1.761
2026-06-20 2934 1272.658 0 0
2026-06-21 2934 1272.658 0 0
2026-06-23 2923 1271.485 -1.173 -0.092
2026-06-24 2938 1257.689 -13.796 -1.085
2026-06-25 2940 1255.12 -2.569 -0.204
2026-06-26 2932 1258.601 3.481 0.277
2026-06-27 2935 1258.601 0 0
2026-06-28 2935 1258.601 0 0
2026-06-29 2915 1273.06 14.459 1.149
2026-06-30 2908 1283.359 10.299 0.809
2026-07-01 2882 1305.906 22.547 1.757
2026-07-02 2879 1305.094 -0.812 -0.062
2026-07-03 2856 1324.476 19.382 1.485
2026-07-04 2856 1324.476 0 0
2026-07-05 2856 1324.476 0 0
2026-07-06 2927 1285.63 -38.846 -2.933
2026-07-07 2942 1259.594 -26.036 -2.025
2026-07-08 2922 1266.304 6.71 0.533
2026-07-09 2917 1271.329 5.025 0.397
2026-07-10 2923 1274.035 2.706 0.213
2026-07-11 2926 1274.853 0.818 0.064
2026-07-12 2926 1274.853 0 0
2026-07-13 2942 1253.877 -20.976 -1.645
2026-07-14 2934 1258.012 4.135 0.33
2026-07-15 2957 1252.814 -5.198 -0.413
2026-07-16 2960 1244.998 -7.816 -0.624
2026-07-17 2944 1242.828 -2.17 -0.174
2026-07-18 2944 1243.748 0.92 0.074
2026-07-19 2943 1243.748 0 0
2026-07-20 2980 1224.044 -19.704 -1.584
2026-07-21 2988 1224.811 0.767 0.063
2026-07-22 2995 1218.408 -6.403 -0.523
2026-07-23 3011 1210.898 -7.51 -0.616
2026-07-24 2969 1232.68 21.782 1.799
2026-07-25 2967 1232.743 0.063 0.005
2026-07-26 2967 1232.743 0 0
2026-07-27 2980 1236.56 3.817 0.31
2026-07-28 2960 1241.417 4.857 0.393
2026-07-29 2966 1241.447 0.03 0.002
2026-07-30 2926 1258.909 17.462 1.407
2026-07-31 2947 1254.537 -4.372 -0.347
2026-08-01 2944 1258.005 3.468 0.276
2026-08-02 2944 1258.005 0 0
2026-08-03 2923 1280.606 22.601 1.797
2026-08-04 2991 1243.397 -37.209 -2.906
2026-08-05 2968 1261.245 17.848 1.435
2026-08-06 2964 1266.597 5.352 0.424
2026-08-07 2963 1269.831 3.234 0.255
2026-08-08 2967 1270.031 0.2 0.016
2026-08-09 2967 1270.031 0 0
2026-08-10 2955 1282.001 11.97 0.942
2026-08-11 2965 1272.898 -9.103 -0.71
2026-08-12 2984 1257.483 -15.415 -1.211
2026-08-13 2980 1262.442 4.959 0.394
2026-08-15 2975 1264.353 1.911 0.151
2026-08-16 2975 1264.353 0 0
2026-08-17 3001 1252.124 -12.229 -0.967
2026-08-18 2998 1255.566 3.442 0.275
2026-08-19 3021 1231.822 -23.744 -1.891
2026-08-20 3015 1232.805 0.983 0.08
2026-08-21 3046 1221.787 -11.018 -0.894
2026-08-23 3047 1221.795 0.008 0.001
2026-08-24 3085 1202.115 -19.68 -1.611
2026-08-25 3074 1207.464 5.349 0.445
2026-08-26 3114 1188.738 -18.726 -1.551
2026-08-27 3080 1208.407 19.669 1.655
2026-08-28 3080 1206.708 -1.699 -0.141
2026-08-29 3077 1208.715 2.007 0.166
2026-08-30 3077 1208.715 0 0
2026-08-31 3124 1186.68 -22.035 -1.823
2026-09-01 3117 1193.333 0 0
2026-09-02 3102 1195.847 0 0
2026-09-03 3110 1190.725 0 0
