2026-03-10 2997 1233.71 0 0
2026-03-11 3028 1229.184 -4.526 -0.367
2026-03-12 3066 1201.378 -27.806 -2.262
2026-03-13 3142 1146.198 -55.18 -4.593
2026-03-14 3139 1142.867 -3.331 -0.291
2026-03-15 3139 1142.867 0 0
2026-03-16 3145 1144.458 1.591 0.139
2026-03-17 3227 1088.359 -56.099 -4.902
2026-03-18 3219 1098.153 9.794 0.9
2026-03-19 3241 1069.768 -28.385 -2.585
2026-03-20 3253 1054.865 -14.903 -1.393
2026-03-21 3264 1042.668 -12.197 -1.156
2026-03-22 3263 1042.668 0 0
2026-03-23  988.818 -53.85 -5.165
2026-03-25 3266 1045.503 56.685 5.733
2026-03-27 3298 1017.897 -27.606 -2.64
2026-03-28 3327 1007.872 -10.025 -0.985
2026-03-29 3325 1007.872 0 0
2026-03-30 3288 1026.254 18.382 1.824
2026-03-31 3291 1025.74 -0.514 -0.05
2026-04-01 3236 1065.348 39.608 3.861
2026-04-02 3229 1071.791 6.443 0.605
2026-04-03 3197 1091.834 20.043 1.87
2026-04-04 3197 1091.834 0 0
2026-04-05 3197 1091.834 0 0
2026-04-06 3188 1098.883 7.049 0.646
2026-04-07 3212 1083.043 -15.84 -1.441
2026-04-08 3078 1172.782 89.739 8.286
2026-04-09 3043 1202.821 30.039 2.561
2026-04-10 2860 1310.419 107.598 8.945
2026-04-11 2863 1309.5 -0.919 -0.07
2026-04-12 2863 1309.5 0 0
2026-04-13 2918 1282.409 -27.091 -2.069
2026-04-14 2943 1273.38 -9.029 -0.704
2026-04-15 2886 1314.094 40.714 3.197
2026-04-16 2813 1369.611 55.517 4.225
2026-04-17 2704 1453.88 84.269 6.153
2026-04-18 2699 1458.261 4.381 0.301
2026-04-19 2699 1458.261 0 0
2026-04-20 2704 1458.87 0.609 0.042
2026-04-21 2729 1433.513 -25.357 -1.738
2026-04-22 2780 1399.187 -34.326 -2.395
2026-04-23 2737 1414.524 15.337 1.096
2026-04-24 2753 1400.921 -13.603 -0.962
2026-04-25 2761 1398.84 -2.081 -0.149
2026-04-26 2761 1398.84 0 0
2026-04-27 2781 1389.956 -8.884 -0.635
2026-04-28 2801 1372.408 -17.548 -1.262
2026-04-29 2786 1384.091 11.683 0.851
2026-04-30 2856 1330.847 -53.244 -3.847
2026-05-01 2861 1330.007 -0.84 -0.063
2026-05-02 2862 1330.007 0 0
2026-05-04 2844 1350.156 20.149 1.515
2026-05-05 2847 1345.903 -4.253 -0.315
2026-05-06 2840 1354.709 8.806 0.654
2026-05-07 2764 1426.416 71.707 5.293
2026-05-08 2708 1481.267 54.851 3.845
2026-05-09 2709 1477.64 -3.627 -0.245
2026-05-10 2709 1477.64 0 0
2026-05-11 2721 1469.017 -8.623 -0.584
2026-05-12 2784 1406.48 -62.537 -4.257
2026-05-13 2810 1386.538 -19.942 -1.418
2026-05-14 2835 1363.249 -23.289 -1.68
2026-05-15 2816 1372.64 9.391 0.689
2026-05-16 2817 1369.832 -2.808 -0.205
2026-05-17 2816 1369.832 0 0
2026-05-18 2899 1304.387 -65.445 -4.778
2026-05-19 2901 1306.807 2.42 0.186
2026-05-20 2895 1306.482 -0.325 -0.025
2026-05-21 2907 1302.434 -4.048 -0.31
2026-05-22 2893 1313.302 10.868 0.834
2026-05-23 2865 1328.514 15.212 1.158
2026-05-24 2865 1328.514 0 0
2026-05-26 2842 1346.011 17.497 1.317
2026-05-27 2844 1335.351 -10.66 -0.792
2026-05-28 2844 1335.265 -0.086 -0.006
2026-05-29 2785 1386.231 50.966 3.817
2026-05-31 2777 1396.336 10.105 0.729
2026-06-01 2810 1372.156 -24.18 -1.732
2026-06-02 2818 1359.547 -12.609 -0.919
2026-06-03 2732 1416.765 57.218 4.209
2026-06-04 2728 1411.205 -5.56 -0.392
2026-06-05 2702 1429.691 18.486 1.31
2026-06-06 2685 1442.567 12.876 0.901
2026-06-07 2685 1442.567 0 0
2026-06-08 2706 1412.768 -29.799 -2.066
2026-06-09 2681 1437.881 25.113 1.778
2026-06-10 2706 1414.378 -23.503 -1.635
2026-06-11 2600 1505.058 90.68 6.411
2026-06-12 2511 1583.464 78.406 5.21
2026-06-13 2502 1594.244 10.78 0.681
2026-06-15 2574 1553.197 -41.047 -2.575
2026-06-16 2557 1565.944 12.747 0.821
2026-06-17 2553 1566.918 0.974 0.062
2026-06-18 2544 1575.994 9.076 0.579
2026-06-19 2543 1573.316 -2.678 -0.17
2026-06-20 2543 1573.316 0 0
2026-06-21 2543 1573.316 0 0
2026-06-23 2568 1545.032 -28.284 -1.798
2026-06-24 2539 1559.668 14.636 0.947
2026-06-25 2557 1547.742 -11.926 -0.765
2026-06-26 2544 1552.035 4.293 0.277
2026-06-27 2542 1552.035 0 0
2026-06-28 2542 1552.035 0 0
2026-06-29 2457 1643.622 91.587 5.901
2026-06-30 2445 1658.524 14.902 0.907
2026-07-01 2452 1657.671 -0.853 -0.051
2026-07-02 2454 1659.015 1.344 0.081
2026-07-03 2497 1615.976 -43.039 -2.594
2026-07-04 2497 1615.976 0 0
2026-07-05 2497 1615.976 0 0
2026-07-06 2389 1728.075 112.099 6.937
2026-07-07 2425 1686.706 -41.369 -2.394
2026-07-08 2438 1666.937 -19.769 -1.172
2026-07-09 2475 1638.776 -28.161 -1.689
2026-07-10 2518 1598.622 -40.154 -2.45
2026-07-11 2517 1599.648 1.026 0.064
2026-07-12 2517 1599.648 0 0
2026-07-13 2574 1545.281 -54.367 -3.399
2026-07-14 2591 1534.608 -10.673 -0.691
2026-07-15 2604 1520.268 -14.34 -0.934
2026-07-16 2579 1539.048 18.78 1.235
2026-07-17 2602 1508.466 -30.582 -1.987
2026-07-18 2600 1509.583 1.117 0.074
2026-07-19 2599 1509.583 0 0
2026-07-20 2566 1530.973 21.39 1.417
2026-07-21 2593 1512.113 -18.86 -1.232
2026-07-22 2596 1508.682 -3.431 -0.227
2026-07-23 2647 1471.069 -37.613 -2.493
2026-07-24 2578 1511.396 40.327 2.741
2026-07-25 2577 1511.475 0.079 0.005
2026-07-26 2577 1511.475 0 0
2026-07-27 2585 1522.841 11.366 0.752
2026-07-28 2568 1526.536 3.695 0.243
2026-07-29 2500 1580.986 54.45 3.567
2026-07-30 2487 1592.933 11.947 0.756
2026-07-31 2591 1527.408 -65.525 -4.113
2026-08-01 2587 1531.629 4.221 0.276
2026-08-02 2587 1531.629 0 0
2026-08-03 2601 1529.02 -2.609 -0.17
2026-08-04 2600 1535.929 6.909 0.452
2026-08-05 2627 1517.024 -18.905 -1.231
2026-08-06 2649 1499.363 -17.661 -1.164
2026-08-07 2683 1481.21 -18.153 -1.211
2026-08-08 2684 1481.444 0.234 0.016
2026-08-09 2684 1481.444 0 0
2026-08-10 2611 1544.078 62.634 4.228
2026-08-11 2620 1532.669 -11.409 -0.739
2026-08-12 2634 1516.586 -16.083 -1.049
2026-08-13 2589 1551.452 34.866 2.299
2026-08-15 2690 1482.496 -68.956 -4.445
2026-08-16 2690 1482.496 0 0
2026-08-17 2650 1506.922 24.426 1.648
2026-08-18 2643 1511.562 4.64 0.308
2026-08-19 2694 1474.975 -36.587 -2.42
2026-08-20 2702 1470.454 -4.521 -0.307
2026-08-21 2711 1466.209 -4.245 -0.289
2026-08-23 2714 1466.218 0.009 0.001
2026-08-24 2653 1502.041 35.823 2.443
2026-08-25 2592 1556.466 54.425 3.623
2026-08-26 2650 1516.29 -40.176 -2.581
2026-08-27 2665 1502.652 -13.638 -0.899
2026-08-28 2664 1502.405 -0.247 -0.016
2026-08-29 2661 1504.904 2.499 0.166
2026-08-30 2661 1504.904 0 0
2026-08-31 2643 1525.546 20.642 1.372
2026-09-01 2642 1526.139 0 0
2026-09-02 2628 1526.116 0 0
2026-09-03 2660 1500.297 0 0
