2026-03-10 2581 1526.946 0 0
2026-03-11 2531 1568.657 41.711 2.732
2026-03-12 2500 1583.203 14.546 0.927
2026-03-13 2472 1597.836 14.633 0.924
2026-03-14 2471 1591.447 -6.389 -0.4
2026-03-15 2471 1591.447 0 0
2026-03-16 2489 1575.312 -16.135 -1.014
2026-03-17 2561 1525.739 -49.573 -3.147
2026-03-18 2682 1428.896 -96.843 -6.347
2026-03-19 2831 1313.462 -115.434 -8.079
2026-03-20 2783 1338.857 25.395 1.933
2026-03-21 2779 1342.573 3.716 0.278
2026-03-22 2779 1342.573 0 0
2026-03-23 2622 1430.05 87.477 6.516
2026-03-24 2470 1567.173 137.123 9.589
2026-03-25 2385 1651.653 84.48 5.391
2026-03-27 2177 1858.79 207.137 12.541
2026-03-28 2178 1852.711 -6.079 -0.327
2026-03-29 2178 1852.711 0 0
2026-03-30 2180 1850.969 -1.742 -0.094
2026-03-31 2340 1696.648 -154.321 -8.337
2026-04-01 2340 1705.621 8.973 0.529
2026-04-02 2304 1742.055 36.434 2.136
2026-04-03 2289 1751.612 9.557 0.549
2026-04-04 2289 1751.612 0 0
2026-04-05 2289 1751.612 0 0
2026-04-06 2292 1751.612 0 0
2026-04-07 2316 1732.4 -19.212 -1.097
2026-04-08 2303 1767.768 35.368 2.042
2026-04-09 2314 1761.517 -6.251 -0.354
2026-04-10 2265 1809.468 47.951 2.722
2026-04-11 2264 1811.48 2.012 0.111
2026-04-12 2264 1811.48 0 0
2026-04-13 2096 1992.076 180.596 9.97
2026-04-14 2073 2006.523 14.447 0.725
2026-04-15 2168 1924.184 -82.339 -4.104
2026-04-16 2025 2067.18 142.996 7.432
2026-04-17 2093 2008.024 -59.156 -2.862
2026-04-18 2103 2005.994 -2.03 -0.101
2026-04-19 2103 2005.994 0 0
2026-04-20 2137 1979.539 -26.455 -1.319
2026-04-21 2164 1946.232 -33.307 -1.683
2026-04-22 2153 1949.91 3.678 0.189
2026-04-23 2278 1811.913 -137.997 -7.077
2026-04-24 2154 1938.309 126.396 6.976
2026-04-25 2154 1938.111 -0.198 -0.01
2026-04-26 2154 1938.111 0 0
2026-04-27 2052 2023.994 85.883 4.431
2026-04-28 2049 2027.99 3.996 0.197
2026-04-29 1920 2176.593 148.603 7.328
2026-04-30 1837 2271.878 95.285 4.378
2026-05-01 1844 2271.745 -0.133 -0.006
2026-05-02 1841 2271.745 0 0
2026-05-04 1848 2271.745 0 0
2026-05-05 1880 2241.353 -30.392 -1.338
2026-05-06 1886 2241.353 0 0
2026-05-07 1991 2125.693 -115.66 -5.16
2026-05-08 2083 2017.823 -107.87 -5.075
2026-05-09 2084 2017.734 -0.089 -0.004
2026-05-10 2084 2017.734 0 0
<<<<<<< HEAD
2026-05-11 2170 1953.124 -64.61 -3.202
2026-05-12 2222 1889.85 -63.274 -3.24
2026-05-13 2268 1832.537 -57.313 -3.033
2026-05-14 2252 1848.661 16.124 0.88
2026-05-15 2305 1795.666 -52.995 -2.867
2026-05-16 2304 1790.785 -4.881 -0.272
2026-05-17 2304 1790.785 0 0
2026-05-18 2257 1839.441 48.656 2.717
2026-05-19 2321 1775.751 -63.69 -3.462
2026-05-20 2178 1916.716 140.965 7.938
2026-05-21 2180 1916.068 -0.648 -0.034
2026-05-22 2171 1928.009 11.941 0.623
2026-05-23 2171 1931.243 3.234 0.168
2026-05-24 2171 1931.243 0 0
2026-05-26 2065 2026.044 94.801 4.909
2026-05-27 2211 1896.097 -129.947 -6.414
2026-05-28 2270 1832.889 -63.208 -3.334
2026-05-29 2219 1876.801 43.912 2.396
2026-05-31 2219 1879.99 3.189 0.17
2026-06-01 2346 1752.361 -127.629 -6.789
2026-06-02 2380 1726.991 -25.37 -1.448
2026-06-03 2331 1759.361 32.37 1.874
2026-06-04 2393 1701.918 -57.443 -3.265
2026-06-05 2348 1739.239 37.321 2.193
2026-06-06 2339 1740.652 1.413 0.081
2026-06-07 2339 1740.652 0 0
2026-06-08 2361 1717.535 -23.117 -1.328
2026-06-09 2209 1871.98 154.445 8.992
2026-06-10 2243 1835.948 -36.032 -1.925
2026-06-11 2031 2016.914 180.966 9.857
2026-06-12 1985 2087.588 70.674 3.504
2026-06-13 1986 2092.559 4.971 0.238
2026-06-15 2049 2034.241 -58.318 -2.787
2026-06-16 2240 1864.898 -169.343 -8.325
2026-06-17 2279 1821.609 -43.289 -2.321
2026-06-18 2413 1690.802 -130.807 -7.181
2026-06-19 2407 1689.527 -1.275 -0.075
2026-06-20 2407 1689.527 0 0
2026-06-21 2408 1689.527 0 0
2026-06-23 2573 1542.065 -147.462 -8.728
2026-06-24 2488 1599.997 57.932 3.757
2026-06-25 2629 1494.534 -105.463 -6.591
2026-06-26 2696 1432.35 -62.184 -4.161
2026-06-27 2698 1432.098 -0.252 -0.018
2026-06-28 2698 1432.098 0 0
2026-06-29 2640 1483.441 51.343 3.585
2026-06-30 2596 1520.948 37.507 2.528
2026-07-01 2482 1630.025 109.077 7.172
2026-07-02 2495 1618.729 -11.296 -0.693
2026-07-03 2524 1592.457 -26.272 -1.623
2026-07-04 2524 1592.457 0 0
2026-07-05 2524 1592.457 0 0
2026-07-06 2525 1597.336 4.879 0.306
2026-07-07 2598 1536.99 -60.346 -3.778
2026-07-08 2662 1468.543 -68.447 -4.453
2026-07-09 2686 1444.261 -24.282 -1.653
2026-07-10 2787 1380.807 -63.454 -4.394
2026-07-11 2784 1383.883 3.076 0.223
2026-07-12 2784 1383.883 0 0
2026-07-13 2844 1320.829 -63.054 -4.556
2026-07-14 2834 1337.111 16.282 1.233
2026-07-15 2912 1284.125 -52.986 -3.963
2026-07-16 2955 1248.943 -35.182 -2.74
2026-07-17 3036 1198.388 -50.555 -4.048
2026-07-18 3035 1196.761 -1.627 -0.136
2026-07-19 3034 1196.761 0 0
2026-07-20 3109 1151.459 -45.302 -3.785
2026-07-21 3080 1176.856 25.397 2.206
2026-07-22 3054 1186.608 9.752 0.829
2026-07-23 2860 1303.488 116.88 9.85
2026-07-24 2961 1237.477 -66.011 -5.064
2026-07-25 2961 1236.819 -0.658 -0.053
2026-07-26 2961 1236.819 0 0
2026-07-27 2931 1262.59 25.771 2.084
2026-07-28 2965 1237.599 -24.991 -1.979
2026-07-29 2897 1291.01 53.411 4.316
2026-07-30 2977 1231.663 -59.347 -4.597
2026-07-31 2962 1247.169 15.506 1.259
2026-08-01 2963 1248.832 1.663 0.133
2026-08-02 2963 1248.832 0 0
2026-08-03 2934 1272.029 23.197 1.857
2026-08-04 2907 1301.051 29.022 2.282
2026-08-05 2850 1347.657 46.606 3.582
2026-08-06 2810 1379.126 31.469 2.335
2026-08-07 2779 1401.621 22.495 1.631
2026-08-08 2780 1401.953 0.332 0.024
2026-08-09 2780 1401.953 0 0
2026-08-10 2736 1438.523 36.57 2.609
2026-08-11 2771 1410.872 -27.651 -1.922
2026-08-12 2714 1452.634 41.762 2.96
2026-08-13 2733 1431.344 -21.29 -1.466
=======
2026-05-11 2155 1974.366 0 0
2026-05-12 2201 1914.624 0 0
2026-05-13 2280 1821.194 0 0
2026-05-14 2264 1831.208 0 0
2026-05-15 2257 1848.217 0 0
2026-05-16 2305 1795.666 0 0
2026-05-17 2304 1790.785 0 0
2026-05-18 2264 1827.498 0 0
2026-05-19 2380 1720.012 0 0
2026-05-20 2228 1865.633 0 0
2026-05-21 2119 1975.997 0 0
2026-05-22 2235 1874.054 0 0
2026-05-23 2171 1928.009 0 0
2026-05-24 2171 1931.243 0 0
2026-05-25 2250 1867.01 0 0
2026-05-26 2115 1986.618 0 0
2026-05-27 2179 1916.625 0 0
2026-05-28 2271 1831.35 0 0
2026-05-29 2264 1840.434 0 0
2026-05-30 2219 1876.801 0 0
2026-05-31 2219 1879.99 0 0
2026-06-01 2319 1788.826 0 0
2026-06-02 2388 1714.561 0 0
2026-06-03 2346 1751.907 0 0
2026-06-04 2374 1721.08 0 0
2026-06-05 2311 1783.691 0 0
2026-06-06 2348 1739.239 0 0
2026-06-07 2339 1740.652 0 0
2026-06-09 2307 1772.659 0 0
2026-06-10 2270 1800.996 0 0
2026-06-11 2122 1934.647 0 0
2026-06-12 1911 2171.906 0 0
2026-06-13 1985 2087.588 0 0
2026-06-14 1986 2092.559 0 0
2026-06-16 2183 1914.044 0 0
2026-06-17 2270 1835.053 0 0
2026-06-18 2386 1719.605 0 0
2026-06-19 2414 1690.802 0 0
2026-06-20 2407 1689.527 0 0
2026-06-21 2407 1689.527 0 0
2026-06-22 2408 1690.417 0 0
2026-06-23 2571 1549.309 0 0
2026-06-24 2565 1544.73 0 0
2026-06-25 2607 1505.972 0 0
2026-06-26 2674 1447.202 0 0
2026-06-27 2696 1432.35 0 0
2026-06-28 2698 1432.098 0 0
2026-06-29 2707 1427.229 0 0
2026-06-30 2626 1495.392 0 0
2026-07-01 2472 1633.051 0 0
2026-07-02 2440 1669.062 0 0
2026-07-03 2517 1597.905 0 0
2026-07-04 2524 1592.457 0 0
2026-07-05 2524 1592.457 0 0
2026-07-06 2494 1625.721 0 0
2026-07-07 2572 1558.307 0 0
2026-07-08 2602 1525.912 0 0
2026-07-09 2747 1397.232 0 0
2026-07-10 2749 1406.19 0 0
2026-07-11 2787 1380.807 0 0
2026-07-12 2784 1383.883 0 0
2026-07-13 2818 1345.251 0 0
2026-07-14 2833 1329.71 0 0
2026-07-15 2872 1306.929 0 0
2026-07-16 2939 1262.364 0 0
2026-07-17 2984 1222.271 0 0
2026-07-18 3036 1198.388 0 0
2026-07-19 3035 1196.761 0 0
2026-07-20 3017 1207.865 0 0
2026-07-21 3156 1117.704 0 0
2026-07-22 3077 1177.746 0 0
2026-07-23 2865 1304.933 0 0
2026-07-24 2942 1248.39 0 0
2026-07-25 2961 1237.477 0 0
2026-07-26 2961 1236.819 0 0
2026-07-27 2908 1271.921 0 0
2026-07-28 2926 1263.923 0 0
2026-07-29 2849 1315.879 0 0
2026-07-30 2939 1253.648 0 0
2026-07-31 2946 1254.352 0 0
2026-08-01 2962 1247.169 0 0
2026-08-02 2963 1248.832 0 0
2026-08-03 2931 1271.136 0 0
2026-08-04 2895 1308.161 0 0
2026-08-05 2858 1335.365 0 0
2026-08-06 2810 1377.074 0 0
2026-08-07 2808 1380.464 0 0
2026-08-08 2779 1401.621 0 0
2026-08-09 2780 1401.953 0 0
2026-08-10 2746 1426.482 0 0
2026-08-11 2747 1430.495 0 0
2026-08-12 2722 1449.673 0 0
2026-08-13 2751 1420.061 0 0
2026-08-14 2715 1452.763 0 0
>>>>>>> 2b550085baac25c543016ca743053a87bf115d5d
2026-08-15 2752 1414.387 0 0
2026-08-16 2756 1415.037 0 0
2026-08-17 2756 1415.037 0 0
2026-08-18 2735 1438.699 0 0
2026-08-19 2730 1440.871 0 0
2026-08-20 2812 1386.787 0 0
2026-08-21 2820 1378.414 0 0
