2026-03-10 2471 1613.659 0 0
2026-03-11 2448 1640.923 27.264 1.69
2026-03-12 2410 1666.993 26.07 1.589
2026-03-13 2450 1617.638 -49.355 -2.961
2026-03-14 2449 1612.915 -4.723 -0.292
2026-03-15 2449 1612.915 0 0
2026-03-16 2506 1568.148 -44.767 -2.776
2026-03-17 2481 1582.554 14.406 0.919
2026-03-18 2456 1604.983 22.429 1.417
2026-03-19 2599 1486.921 -118.062 -7.356
2026-03-20 2597 1478.239 -8.682 -0.584
2026-03-21 2595 1478.239 0 0
2026-03-22 2595 1478.239 0 0
2026-03-23 2581 1478.239 0 0
2026-03-24 2576 1489.428 11.189 0.757
2026-03-25 2532 1538.732 49.304 3.31
2026-03-27 2535 1527.592 -11.14 -0.724
2026-03-28 2545 1506.084 -21.508 -1.408
2026-03-29 2545 1506.084 0 0
2026-03-30 2701 1385.261 -120.823 -8.022
2026-03-31 2638 1423.875 38.614 2.787
2026-04-01 2585 1492.694 68.819 4.833
2026-04-02 2600 1478.957 -13.737 -0.92
2026-04-03 2646 1430.91 -48.047 -3.249
2026-04-04 2646 1430.91 0 0
2026-04-05 2646 1430.91 0 0
2026-04-06 2713 1387.257 -43.653 -3.051
2026-04-07 2708 1391.218 3.961 0.286
2026-04-08 2673 1434.996 43.778 3.147
2026-04-09 2734 1398.152 -36.844 -2.568
2026-04-10 2731 1406.762 8.61 0.616
2026-04-11 2719 1413.148 6.386 0.454
2026-04-12 2719 1413.148 0 0
2026-04-13 2744 1402.031 -11.117 -0.787
2026-04-14 2706 1431.771 29.74 2.121
2026-04-15 2716 1429.312 -2.459 -0.172
2026-04-16 2685 1461.301 31.989 2.238
2026-04-17 2688 1461.671 0.37 0.025
2026-04-18 2692 1462.225 0.554 0.038
2026-04-19 2692 1462.225 0 0
2026-04-20 2738 1428.769 -33.456 -2.288
2026-04-21 2724 1439.739 10.97 0.768
2026-04-22 2733 1429.312 -10.427 -0.724
2026-04-23 2682 1462.225 32.913 2.303
2026-04-24 2695 1446.499 -15.726 -1.075
2026-04-25 2694 1446.499 0 0
2026-04-26 2694 1446.499 0 0
2026-04-27 2702 1446.499 0 0
2026-04-28 2708 1439.921 -6.578 -0.455
2026-04-29 2661 1484.717 44.796 3.111
2026-04-30 2703 1440.286 -44.431 -2.993
2026-05-01 2718 1433.033 -7.253 -0.504
2026-05-02 2718 1433.033 0 0
2026-05-04 2753 1410.835 -22.198 -1.549
2026-05-05 2737 1428.589 17.754 1.258
2026-05-06 2744 1428.589 0 0
2026-05-07 2763 1427.55 -1.039 -0.073
2026-05-08 2733 1455.573 28.023 1.963
2026-05-09 2735 1451.489 -4.084 -0.281
2026-05-10 2735 1451.489 0 0
2026-05-11 2797 1406.523 -44.966 -3.098
2026-05-12 2785 1405.985 -0.538 -0.038
2026-05-13 2803 1390.67 -15.315 -1.089
2026-05-14 2780 1403.123 12.453 0.895
2026-05-15 2744 1413.978 10.855 0.774
2026-05-16 2753 1406.999 -6.979 -0.494
2026-05-17 2753 1406.999 0 0
2026-05-18 2775 1395.843 -11.156 -0.793
2026-05-19 2766 1397.801 1.958 0.14
2026-05-20 2789 1386.543 -11.258 -0.805
2026-05-21 2781 1389.163 2.62 0.189
2026-05-22 2723 1433.574 44.411 3.197
2026-05-23 2726 1434.297 0.723 0.05
2026-05-24 2726 1434.297 0 0
2026-05-26 2798 1378.754 -55.543 -3.872
2026-05-27 2795 1379.797 1.043 0.076
2026-05-28 2788 1390.914 11.117 0.806
2026-05-29 2802 1375.288 -15.626 -1.123
2026-05-31 2795 1379.797 4.509 0.328
2026-06-01 2796 1379.797 0 0
2026-06-02 2795 1379.797 0 0
2026-06-03 2788 1379.797 0 0
2026-06-04 2808 1357.893 -21.904 -1.587
2026-06-05 2817 1341.326 -16.567 -1.22
2026-06-06 2820 1336.331 -4.995 -0.372
2026-06-07 2820 1336.331 0 0
2026-06-08 2805 1336.331 0 0
2026-06-09 2794 1353.867 17.536 1.312
2026-06-10 2781 1358.034 4.167 0.308
2026-06-11 2771 1366.197 8.163 0.601
2026-06-12 2796 1356.03 -10.167 -0.744
2026-06-13 2800 1359.205 3.175 0.234
2026-06-15 2788 1380.932 21.727 1.599
2026-06-16 2778 1394.201 13.269 0.961
2026-06-17 2778 1388.203 -5.998 -0.43
2026-06-18 2691 1453.216 65.013 4.683
2026-06-19 2719 1425.04 -28.176 -1.939
2026-06-20 2719 1425.04 0 0
2026-06-21 2719 1425.04 0 0
2026-06-23 2740 1403.597 -21.443 -1.505
2026-06-24 2695 1438.416 34.819 2.481
2026-06-25 2695 1439.285 0.869 0.06
2026-06-26 2720 1414.335 -24.95 -1.733
2026-06-27 2706 1424.715 10.38 0.734
2026-06-28 2706 1424.715 0 0
2026-06-29 2728 1413.932 -10.783 -0.757
2026-06-30 2695 1441.317 27.385 1.937
2026-07-01 2653 1482.26 40.943 2.841
2026-07-02 2579 1551.653 69.393 4.682
2026-07-03 2579 1556.977 5.324 0.343
2026-07-04 2579 1556.977 0 0
2026-07-05 2579 1556.977 0 0
2026-07-06 2576 1556.977 0 0
2026-07-07 2496 1619.813 62.836 4.036
2026-07-08 2482 1625.783 5.97 0.369
2026-07-09 2505 1601.368 -24.415 -1.502
2026-07-10 2486 1633.803 32.435 2.025
2026-07-11 2482 1636.613 2.81 0.172
2026-07-12 2482 1636.613 0 0
2026-07-13 2451 1647.443 10.83 0.662
2026-07-14 2478 1636.211 -11.232 -0.682
2026-07-15 2503 1611.785 -24.426 -1.493
2026-07-16 2494 1611.785 0 0
2026-07-17 2459 1624.785 13 0.807
2026-07-18 2466 1615.857 -8.928 -0.549
2026-07-19 2465 1615.857 0 0
2026-07-20 2448 1637.385 21.528 1.332
2026-07-21 2463 1627.615 -9.77 -0.597
2026-07-22 2472 1618.228 -9.387 -0.577
2026-07-23 2456 1629.805 11.577 0.715
2026-07-24 2459 1618.228 -11.577 -0.71
2026-07-25 2460 1617.437 -0.791 -0.049
2026-07-26 2460 1617.437 0 0
2026-07-27 2485 1595.888 -21.549 -1.332
2026-07-28 2486 1598.037 2.149 0.135
2026-07-29 2512 1573.955 -24.082 -1.507
2026-07-30 2477 1607.252 33.297 2.115
2026-07-31 2494 1596.279 -10.973 -0.683
2026-08-01 2493 1597.646 1.367 0.086
2026-08-02 2493 1597.646 0 0
2026-08-03 2477 1630.005 32.359 2.025
2026-08-04 2525 1594.135 -35.87 -2.201
2026-08-05 2513 1615.266 21.131 1.326
2026-08-06 2521 1605.878 -9.388 -0.581
2026-08-07 2519 1618.031 12.153 0.757
2026-08-08 2519 1617.437 -0.594 -0.037
2026-08-09 2519 1617.437 0 0
2026-08-10 2522 1617.437 0 0
2026-08-11 2493 1638.986 21.549 1.332
2026-08-12 2496 1638.386 -0.6 -0.037
2026-08-13 2494 1630.404 -7.982 -0.487
2026-08-15 2518 1619.417 -10.987 -0.674
2026-08-16 2517 1619.417 0 0
2026-08-17 2506 1630.204 10.787 0.666
2026-08-18 2582 1564.454 -65.75 -4.033
2026-08-19 2567 1565.032 0.578 0.037
2026-08-20 2587 1554.479 -10.553 -0.674
2026-08-21 2545 1592.637 38.158 2.455
2026-08-23 2544 1594.806 2.169 0.136
2026-08-24 2526 1605.72 10.914 0.684
2026-08-25 2533 1604.131 -1.589 -0.099
2026-08-26 2538 1604.131 0 0
2026-08-27 2545 1599.757 -4.374 -0.273
2026-08-28 2547 1596.98 -2.777 -0.174
2026-08-29 2546 1599.757 2.777 0.174
2026-08-30 2546 1599.757 0 0
2026-08-31 2549 1599.757 0 0
2026-09-01 2547 1599.757 0 0
