2026-03-10 1095 3889.562 0 0
2026-03-11 1124 3807.967 -81.595 -2.098
2026-03-12 1138 3715.406 -92.561 -2.431
2026-03-13 1165 3621.598 -93.808 -2.525
2026-03-14 1164 3611.073 -10.525 -0.291
2026-03-15 1164 3611.073 0 0
2026-03-16 1146 3675.884 64.811 1.795
2026-03-17 1150 3681.161 5.277 0.144
2026-03-18 1133 3735.448 54.287 1.475
2026-03-19 1169 3593.142 -142.306 -3.81
2026-03-20 1163 3597.682 4.54 0.126
2026-03-21 1173 3556.082 -41.6 -1.156
2026-03-22 1173 3556.082 0 0
2026-03-23 1198 3457.991 -98.091 -2.758
2026-03-24 1184 3512.642 54.651 1.58
2026-03-25 1168 3593.046 80.404 2.289
2026-03-26 1166 3593.046 0 0
2026-03-27 1192 3485.482 -107.564 -2.994
2026-03-28 1196 3451.154 -34.328 -0.985
2026-03-29 1196 3451.154 0 0
2026-03-30 1230 3339.875 -111.279 -3.224
2026-03-31 1231 3338.202 -1.673 -0.05
2026-04-01 1229 3387.209 49.007 1.468
2026-04-02 1229 3381.604 -5.605 -0.165
2026-04-03 1207 3444.844 63.24 1.87
2026-04-04 1207 3444.844 0 0
2026-04-05 1207 3444.844 0 0
2026-04-06 1190 3509.983 65.139 1.891
2026-04-07 1175 3543.653 33.67 0.959
2026-04-08 1129 3741.485 197.832 5.583
2026-04-09 1133 3755.049 13.564 0.363
2026-04-10 1115 3828.709 73.66 1.962
2026-04-11 1116 3826.025 -2.684 -0.07
2026-04-12 1116 3826.025 0 0
2026-04-13 1128 3792.768 -33.257 -0.869
2026-04-14 1137 3766.064 -26.704 -0.704
2026-04-15 1130 3821.676 55.612 1.477
2026-04-16 1127 3837.495 15.819 0.414
2026-04-17 1128 3862.602 25.107 0.654
2026-04-18 1125 3874.241 11.639 0.301
2026-04-19 1125 3874.241 0 0
2026-04-20 1121 3875.123 0.882 0.023
2026-04-21 1116 3884.926 9.803 0.253
2026-04-22 1126 3847.307 -37.619 -0.968
2026-04-23 1135 3792.21 -55.097 -1.432
2026-04-24 1143 3757.748 -34.462 -0.909
2026-04-25 1144 3752.166 -5.582 -0.149
2026-04-26 1144 3752.166 0 0
2026-04-27 1144 3770.207 18.041 0.481
2026-04-28 1146 3753.061 -17.146 -0.455
2026-04-29 1148 3739.495 -13.566 -0.361
2026-04-30 1142 3762.769 23.274 0.622
2026-05-01 1144 3760.395 -2.374 -0.063
2026-05-02 1145 3760.395 0 0
2026-05-04 1133 3813.289 52.894 1.407
2026-05-05 1124 3855.515 42.226 1.107
2026-05-06 1110 3895.13 39.615 1.027
2026-05-07 1106 3931.619 36.489 0.937
2026-05-08 1097 3948.934 17.315 0.44
2026-05-09 1101 3939.267 -9.667 -0.245
2026-05-10 1101 3939.267 0 0
<<<<<<< HEAD
2026-05-11 1116 3886.862 -52.405 -1.33
2026-05-12 1150 3750.211 -136.651 -3.516
2026-05-13 1162 3702.869 -47.342 -1.262
2026-05-14 1144 3770.435 67.566 1.825
2026-05-15 1145 3745.823 -24.612 -0.653
2026-05-16 1144 3738.16 -7.663 -0.205
2026-05-17 1144 3738.16 0 0
2026-05-18 1144 3742.915 4.755 0.127
2026-05-19 1152 3718.198 -24.717 -0.66
2026-05-20 1133 3766.88 48.682 1.309
2026-05-21 1139 3755.209 -11.671 -0.31
2026-05-22 1143 3758.627 3.418 0.091
2026-05-23 1129 3802.163 43.536 1.158
2026-05-24 1129 3802.163 0 0
2026-05-26 1124 3852.702 50.539 1.329
2026-05-27 1118 3869.06 16.358 0.425
2026-05-28 1112 3868.809 -0.251 -0.006
2026-05-29 1133 3786.468 -82.341 -2.128
2026-05-31 1130 3814.069 27.601 0.729
2026-06-01 1137 3774.886 -39.183 -1.027
2026-06-02 1137 3748.054 -26.832 -0.711
2026-06-03 1141 3723.473 -24.581 -0.656
2026-06-04 1154 3693.984 -29.489 -0.792
2026-06-05 1147 3698.942 4.958 0.134
2026-06-06 1134 3732.255 33.313 0.901
2026-06-07 1134 3732.255 0 0
2026-06-08 1153 3656.265 -75.99 -2.036
2026-06-09 1147 3684.454 28.189 0.771
2026-06-10 1160 3650.033 -34.421 -0.934
2026-06-11 1176 3615.427 -34.606 -0.948
2026-06-12 1154 3668.568 53.141 1.47
2026-06-13 1153 3693.544 24.976 0.681
2026-06-15 1142 3741.525 47.981 1.299
2026-06-16 1134 3802.309 60.784 1.625
2026-06-17 1131 3810.05 7.741 0.204
2026-06-18 1116 3839.685 29.635 0.778
2026-06-19 1114 3845.068 5.383 0.14
2026-06-20 1114 3845.068 0 0
2026-06-21 1114 3845.068 0 0
2026-06-23 1117 3818.279 -26.789 -0.697
2026-06-24 1126 3804.66 -13.619 -0.357
2026-06-25 1130 3804.12 -0.54 -0.014
2026-06-26 1127 3814.671 10.551 0.277
2026-06-27 1127 3814.671 0 0
2026-06-28 1127 3814.671 0 0
2026-06-29 1129 3788.148 -26.523 -0.695
2026-06-30 1125 3815.923 27.775 0.733
2026-07-01 1123 3848.049 32.126 0.842
2026-07-02 1098 3881.084 33.035 0.858
2026-07-03 1094 3916.5 35.416 0.913
2026-07-04 1094 3916.5 0 0
2026-07-05 1094 3916.5 0 0
2026-07-06 1100 3900.376 -16.124 -0.412
2026-07-07 1093 3913.481 13.105 0.336
2026-07-08 1105 3866.841 -46.64 -1.192
2026-07-09 1101 3883.487 16.646 0.43
2026-07-10 1090 3921.359 37.872 0.975
2026-07-11 1090 3923.876 2.517 0.064
2026-07-12 1090 3923.876 0 0
2026-07-13 1074 3953.37 29.494 0.752
2026-07-14 1109 3859.174 -94.196 -2.383
2026-07-15 1116 3851.771 -7.403 -0.192
2026-07-16 1118 3837.666 -14.105 -0.366
2026-07-17 1101 3860.725 23.059 0.601
2026-07-18 1098 3863.584 2.859 0.074
2026-07-19 1098 3863.584 0 0
2026-07-20 1093 3868.223 4.639 0.12
2026-07-21 1090 3890.387 22.164 0.573
2026-07-22 1069 3938.099 47.712 1.226
2026-07-23 1064 3972.877 34.778 0.883
2026-07-24 1066 3944.571 -28.306 -0.712
2026-07-25 1066 3944.775 0.204 0.005
2026-07-26 1066 3944.775 0 0
2026-07-27 1057 3999.454 54.679 1.386
2026-07-28 1046 4054.235 54.781 1.37
2026-07-29 1041 4067.296 13.061 0.322
2026-07-30 1030 4078.822 11.526 0.283
2026-07-31 1001 4229.364 150.542 3.691
2026-08-01 998 4241.053 11.689 0.276
2026-08-02 998 4241.053 0 0
2026-08-03 995 4270.493 29.44 0.694
2026-08-04 989 4290.481 19.988 0.468
2026-08-05 991 4309.139 18.658 0.435
2026-08-06 990 4318.874 9.735 0.226
2026-08-07 1016 4227.429 -91.445 -2.117
2026-08-08 1017 4228.095 0.666 0.016
2026-08-09 1017 4228.095 0 0
2026-08-10 1007 4268.032 39.937 0.945
2026-08-11 1006 4253.407 -14.625 -0.343
2026-08-12 1014 4241.589 -11.818 -0.278
2026-08-13 1003 4273.043 31.454 0.742
=======
2026-05-11 1100 3939.267 0 0
2026-05-12 1112 3886.862 0 0
2026-05-13 1149 3750.211 0 0
2026-05-14 1161 3702.869 0 0
2026-05-15 1144 3770.435 0 0
2026-05-16 1145 3745.823 0 0
2026-05-17 1144 3738.16 0 0
2026-05-18 1150 3721.554 0 0
2026-05-19 1140 3742.915 0 0
2026-05-20 1149 3718.198 0 0
2026-05-21 1127 3805.161 0 0
2026-05-22 1134 3772.726 0 0
2026-05-23 1143 3758.627 0 0
2026-05-24 1129 3802.163 0 0
2026-05-25 1119 3862.098 0 0
2026-05-26 1125 3844.957 0 0
2026-05-27 1117 3866.268 0 0
2026-05-28 1117 3869.06 0 0
2026-05-29 1117 3853.167 0 0
2026-05-30 1133 3786.468 0 0
2026-05-31 1130 3814.069 0 0
2026-06-01 1131 3836.374 0 0
2026-06-02 1145 3729.815 0 0
2026-06-03 1144 3726.159 0 0
2026-06-04 1150 3702.862 0 0
2026-06-05 1150 3700.046 0 0
2026-06-06 1147 3698.942 0 0
2026-06-07 1134 3732.255 0 0
2026-06-09 1155 3656.265 0 0
2026-06-10 1145 3693.665 0 0
2026-06-11 1164 3634.457 0 0
2026-06-12 1162 3662.124 0 0
2026-06-13 1154 3668.568 0 0
2026-06-14 1153 3693.544 0 0
2026-06-16 1133 3789.264 0 0
2026-06-17 1132 3811.763 0 0
2026-06-18 1124 3812.672 0 0
2026-06-19 1114 3851.592 0 0
2026-06-20 1114 3845.068 0 0
2026-06-21 1114 3845.068 0 0
2026-06-22 1103 3881.19 0 0
2026-06-23 1097 3893.996 0 0
2026-06-24 1119 3818.279 0 0
2026-06-25 1128 3804.66 0 0
2026-06-26 1124 3804.12 0 0
2026-06-27 1127 3814.671 0 0
2026-06-28 1127 3814.671 0 0
2026-06-29 1121 3827.611 0 0
2026-06-30 1133 3795.092 0 0
2026-07-01 1129 3811.239 0 0
2026-07-02 1122 3848.049 0 0
2026-07-03 1104 3881.084 0 0
2026-07-04 1094 3916.5 0 0
2026-07-05 1094 3916.5 0 0
2026-07-06 1095 3916.5 0 0
2026-07-07 1100 3900.376 0 0
2026-07-08 1091 3913.481 0 0
2026-07-09 1104 3866.841 0 0
2026-07-10 1099 3883.487 0 0
2026-07-11 1090 3921.359 0 0
2026-07-12 1090 3923.876 0 0
2026-07-13 1086 3923.876 0 0
2026-07-14 1074 3953.37 0 0
2026-07-15 1110 3859.174 0 0
2026-07-16 1114 3851.771 0 0
2026-07-17 1112 3837.666 0 0
2026-07-18 1101 3860.725 0 0
2026-07-19 1098 3863.584 0 0
2026-07-20 1097 3863.584 0 0
2026-07-21 1091 3868.223 0 0
2026-07-22 1090 3890.387 0 0
2026-07-23 1072 3938.099 0 0
2026-07-24 1061 3972.877 0 0
2026-07-25 1066 3944.571 0 0
2026-07-26 1066 3944.775 0 0
2026-07-27 1065 3944.775 0 0
2026-07-28 1056 3999.454 0 0
2026-07-29 1045 4054.235 0 0
2026-07-30 1037 4067.296 0 0
2026-07-31 1037 4078.822 0 0
2026-08-01 1001 4229.364 0 0
2026-08-02 998 4241.053 0 0
2026-08-03 997 4241.053 0 0
2026-08-04 998 4270.493 0 0
2026-08-05 992 4290.481 0 0
2026-08-06 991 4309.139 0 0
2026-08-07 989 4318.874 0 0
2026-08-08 1016 4227.429 0 0
2026-08-09 1017 4228.095 0 0
2026-08-10 1018 4228.095 0 0
2026-08-11 1003 4268.032 0 0
2026-08-12 1009 4253.407 0 0
2026-08-13 1011 4241.589 0 0
2026-08-14 1003 4273.043 0 0
>>>>>>> 2b550085baac25c543016ca743053a87bf115d5d
2026-08-15 1011 4249.585 0 0
2026-08-16 1013 4250.253 0 0
2026-08-17 1012 4250.253 0 0
2026-08-18 1016 4232.7 0 0
2026-08-19 1013 4208.501 0 0
2026-08-20 1009 4213.021 0 0
2026-08-21 1007 4228.141 0 0
2026-08-22 1005 4245.934 0 0
2026-08-23 1006 4245.96 0 0
2026-08-24 1007 4245.96 0 0
2026-08-25 1017 4189.826 0 0
2026-08-26 1015 4220.724 0 0
2026-08-27 1008 4243.879 0 0
