<<<<<<< HEAD
2026-06-16 1947 2155.839 0 0
2026-06-17 1715 2440.536 284.697 13.206
2026-06-18 1560 2714.731 274.195 11.235
2026-06-19 1560 2714.731 0 0
2026-06-20 1560 2714.731 0 0
2026-06-21 1560 2714.731 0 0
2026-06-23 1402 3012.652 297.921 10.974
2026-06-24 1514 2765.292 -247.36 -8.211
2026-06-25 1494 2787.85 22.558 0.816
2026-06-26 1428 2939.144 151.294 5.427
2026-06-27 1430 2939.144 0 0
2026-06-28 1430 2939.144 0 0
2026-06-29 1478 2832.966 -106.178 -3.613
2026-06-30 1334 3179.114 346.148 12.219
2026-07-01 1393 3049.6 -129.514 -4.074
2026-07-02 1447 2899.862 -149.738 -4.91
2026-07-03 1446 2899.862 0 0
2026-07-04 1446 2899.862 0 0
2026-07-05 1446 2899.862 0 0
2026-07-06 1317 3234.731 334.869 11.548
2026-07-07 1392 3018.097 -216.634 -6.697
2026-07-08 1417 2940.7 -77.397 -2.564
2026-07-09 1452 2859.024 -81.676 -2.777
2026-07-10 1526 2740.012 -119.012 -4.163
2026-07-11 1527 2740.012 0 0
2026-07-12 1527 2740.012 0 0
2026-07-13 1660 2492.652 -247.36 -9.028
2026-07-14 1595 2591.441 98.789 3.963
2026-07-15 1760 2353.415 -238.026 -9.185
2026-07-16 1884 2198.232 -155.183 -6.594
2026-07-17 1882 2180.731 -17.501 -0.796
2026-07-18 1884 2180.731 0 0
2026-07-19 1883 2180.731 0 0
2026-07-20 1843 2230.514 49.783 2.283
2026-07-21 1805 2278.352 47.838 2.145
2026-07-22 1928 2134.448 -143.904 -6.316
2026-07-23 1874 2195.899 61.451 2.879
2026-07-24 2004 2033.715 -162.184 -7.386
2026-07-25 2006 2033.715 0 0
2026-07-26 2006 2033.715 0 0
2026-07-27 2002 2054.717 21.002 1.033
2026-07-28 2128 1936.094 -118.623 -5.773
2026-07-29 2231 1841.195 -94.899 -4.902
2026-07-30 2047 2004.934 163.739 8.893
2026-07-31 2071 1999.489 -5.445 -0.272
2026-08-01 2071 1999.489 0 0
2026-08-02 2071 1999.489 0 0
2026-08-03 1921 2164.395 164.906 8.247
2026-08-04 1844 2261.239 96.844 4.474
2026-08-05 1894 2213.401 -47.838 -2.116
2026-08-06 1822 2290.02 76.619 3.462
2026-08-07 1836 2283.408 -6.612 -0.289
2026-08-08 1841 2283.408 0 0
2026-08-09 1841 2283.408 0 0
2026-08-10 1903 2200.955 -82.453 -3.611
2026-08-11 1931 2180.342 -20.613 -0.937
2026-08-12 1521 2790.184 609.842 27.97
2026-08-13 1591 2664.171 -126.013 -4.516
=======
2026-06-17 1944 2155.839 0 0
2026-06-18 1721 2440.536 0 0
2026-06-19 1558 2714.731 0 0
2026-06-20 1560 2714.731 0 0
2026-06-21 1560 2714.731 0 0
2026-06-22 1553 2714.731 0 0
2026-06-23 1579 2655.225 0 0
2026-06-24 1404 3012.652 0 0
2026-06-25 1514 2765.292 0 0
2026-06-26 1489 2787.85 0 0
2026-06-27 1428 2939.144 0 0
2026-06-28 1430 2939.144 0 0
2026-06-29 1434 2939.144 0 0
2026-06-30 1474 2832.966 0 0
2026-07-01 1331 3179.114 0 0
2026-07-02 1391 3049.6 0 0
2026-07-03 1449 2899.862 0 0
2026-07-04 1446 2899.862 0 0
2026-07-05 1446 2899.862 0 0
2026-07-06 1451 2899.862 0 0
2026-07-07 1314 3234.731 0 0
2026-07-08 1389 3018.097 0 0
2026-07-09 1418 2940.7 0 0
2026-07-10 1453 2859.024 0 0
2026-07-11 1526 2740.012 0 0
2026-07-12 1527 2740.012 0 0
2026-07-13 1521 2740.012 0 0
2026-07-14 1661 2492.652 0 0
2026-07-15 1599 2591.441 0 0
2026-07-16 1760 2353.415 0 0
2026-07-17 1875 2198.232 0 0
2026-07-18 1882 2180.731 0 0
2026-07-19 1884 2180.731 0 0
2026-07-20 1884 2180.731 0 0
2026-07-21 1847 2230.514 0 0
2026-07-22 1803 2278.352 0 0
2026-07-23 1930 2134.448 0 0
2026-07-24 1870 2195.899 0 0
2026-07-25 2004 2033.715 0 0
2026-07-26 2006 2033.715 0 0
2026-07-27 2011 2033.715 0 0
2026-07-28 1995 2054.717 0 0
2026-07-29 2131 1936.094 0 0
2026-07-30 2232 1841.195 0 0
2026-07-31 2054 2004.934 0 0
2026-08-01 2071 1999.489 0 0
2026-08-02 2071 1999.489 0 0
2026-08-03 2072 1999.489 0 0
2026-08-04 1921 2164.395 0 0
2026-08-05 1849 2261.239 0 0
2026-08-06 1894 2213.401 0 0
2026-08-07 1819 2290.02 0 0
2026-08-08 1836 2283.408 0 0
2026-08-09 1841 2283.408 0 0
2026-08-10 1839 2283.408 0 0
2026-08-11 1901 2200.955 0 0
2026-08-12 1933 2180.342 0 0
2026-08-13 1521 2790.184 0 0
2026-08-14 1590 2664.171 0 0
>>>>>>> 2b550085baac25c543016ca743053a87bf115d5d
2026-08-15 1697 2473.011 0 0
2026-08-16 1701 2473.011 0 0
2026-08-17 1702 2473.011 0 0
2026-08-18 1640 2567.327 0 0
2026-08-19 1811 2314.134 0 0
2026-08-20 1927 2178.008 0 0
2026-08-21 1958 2135.226 0 0
