2026-03-10 2826 1340 0 0
2026-03-11 2831 1340 0 0
2026-03-12 2824 1340 0 0
2026-03-13 2815 1340 0 0
2026-03-14 2809 1340 0 0
2026-03-15 2809 1340 0 0
2026-03-16 2809 1340 0 0
2026-03-17 2804 1340 0 0
2026-03-18 2808 1340 0 0
2026-06-26 2818 1340 0 0
2026-06-27 2819 1340 0 0
2026-06-28 2819 1340 0 0
2026-06-29 2822 1340 0 0
2026-06-30 2822 1340 0 0
2026-07-01 2830 1340 0 0
2026-07-02 2831 1340 0 0
2026-07-03 2836 1340 0 0
2026-07-04 2836 1340 0 0
2026-07-05 2836 1340 0 0
2026-07-06 2839 1340 0 0
2026-07-07 2834 1340 0 0
2026-07-08 2822 1340 0 0
2026-07-09 2822 1340 0 0
2026-07-10 2823 1340 0 0
2026-07-11 2824 1340 0 0
2026-07-12 2824 1340 0 0
2026-07-13 2821 1340 0 0
2026-07-14 2827 1340 0 0
2026-07-15 2829 1340 0 0
2026-07-16 2825 1340 0 0
2026-07-17 2812 1340 0 0
2026-07-18 2812 1340 0 0
2026-07-19 2811 1340 0 0
2026-07-20 2808 1340 0 0
2026-07-21 2817 1340 0 0
2026-07-22 2812 1340 0 0
2026-07-23 2813 1340 0 0
2026-07-24 2802 1340 0 0
2026-07-25 2801 1340 0 0
2026-07-26 2801 1340 0 0
2026-07-27 2814 1340 0 0
2026-07-28 2815 1340 0 0
2026-07-29 2819 1340 0 0
2026-07-30 2817 1340 0 0
2026-07-31 2830 1340 0 0
2026-08-01 2832 1340 0 0
2026-08-02 2832 1340 0 0
2026-08-03 2837 1340 0 0
2026-08-04 2847 1340 0 0
2026-08-05 2854 1340 0 0
2026-08-06 2852 1340 0 0
2026-08-07 2857 1340 0 0
2026-08-08 2856 1340 0 0
2026-08-09 2856 1340 0 0
2026-08-10 2867 1340 0 0
2026-08-11 2862 1340 0 0
2026-08-12 2862 1340 0 0
2026-08-13 2860 1340 0 0
2026-08-15 2869 1340 0 0
2026-08-16 2869 1340 0 0
2026-08-17 2871 1340 0 0
2026-08-18 2864 1340 0 0
2026-08-19 2860 1340 0 0
2026-08-20 2876 1340 0 0
2026-08-21 2877 1340 0 0
2026-08-23 2878 1340 0 0
2026-08-24 2874 1340 0 0
2026-08-25 2881 1340 0 0
2026-08-26 2888 1340 0 0
2026-08-27 2890 1340 0 0
2026-08-28 2884 1340 0 0
2026-08-29 2884 1340 0 0
2026-08-30 2884 1340 0 0
2026-08-31 2880 1340 0 0
