2026-03-10 1780 2347.116 0 0
2026-03-11 1763 2366.089 18.973 0.808
2026-03-12 1800 2305.767 -60.322 -2.549
2026-03-13 1799 2293.023 -12.744 -0.553
2026-03-14 1811 2277.541 -15.482 -0.675
2026-03-15 1811 2277.541 0 0
2026-03-16 1812 2274.908 -2.633 -0.116
2026-03-17 1775 2316.034 41.126 1.808
2026-03-18 1727 2384.729 68.695 2.966
2026-03-19 2060 1990.569 -394.16 -16.529
2026-03-20 2055 1992.122 1.553 0.078
2026-03-21 2048 1997.412 5.29 0.266
2026-03-22 2048 1997.412 0 0
2026-03-23 1948 2079.743 82.331 4.122
2026-03-24 1937 2101.873 22.13 1.064
2026-03-25 1825 2236.254 134.381 6.393
2026-03-27 1918 2116.394 -119.86 -5.36
2026-03-28 1920 2105.91 -10.484 -0.495
2026-03-29 1920 2105.91 0 0
2026-03-30 1898 2132.413 26.503 1.259
2026-03-31 1916 2107.638 -24.775 -1.162
2026-04-01 1813 2245.312 137.674 6.532
2026-04-02 1814 2249.103 3.791 0.169
2026-04-03 1820 2235.073 -14.03 -0.624
2026-04-04 1820 2235.073 0 0
2026-04-05 1820 2235.073 0 0
2026-04-06 1821 2235.073 0 0
2026-04-07 1828 2229.285 -5.788 -0.259
2026-04-08 1680 2444.359 215.074 9.648
2026-04-09 1729 2393.261 -51.098 -2.09
2026-04-10 1696 2441.034 47.773 1.996
2026-04-11 1695 2450.195 9.161 0.375
2026-04-12 1695 2450.195 0 0
2026-04-13 1709 2432.657 -17.538 -0.716
2026-04-14 1689 2461.283 28.626 1.177
2026-04-15 1662 2510.445 49.162 1.997
2026-04-16 1655 2532.503 22.058 0.879
2026-04-17 1555 2735.36 202.857 8.01
2026-04-18 1557 2745.054 9.694 0.354
2026-04-19 1557 2745.054 0 0
2026-04-20 1584 2668.959 -76.095 -2.772
2026-04-21 1599 2631.099 -37.86 -1.419
2026-04-22 1597 2634.881 3.782 0.144
2026-04-23 1561 2691.859 56.978 2.162
2026-04-24 1585 2636.4 -55.459 -2.06
2026-04-25 1586 2635.166 -1.234 -0.047
2026-04-26 1586 2635.166 0 0
2026-04-27 1614 2601.505 -33.661 -1.277
2026-04-28 1622 2569.075 -32.43 -1.247
2026-04-29 1616 2572.327 3.252 0.127
2026-04-30 1543 2709.297 136.97 5.325
2026-05-01 1546 2716.289 6.992 0.258
2026-05-02 1545 2724.919 8.63 0.318
2026-05-04 1540 2735.748 10.829 0.397
2026-05-05 1479 2868.769 133.021 4.862
2026-05-06 1487 2857.995 -10.774 -0.376
2026-05-07 1503 2849.471 -8.524 -0.298
2026-05-08 1454 2939.849 90.378 3.172
2026-05-09 1453 2939.157 -0.692 -0.024
2026-05-10 1453 2939.157 0 0
<<<<<<< HEAD
2026-05-11 1461 2925.613 -13.544 -0.461
2026-05-12 1507 2824.012 -101.601 -3.473
2026-05-13 1524 2793.159 -30.853 -1.093
2026-05-14 1480 2883.583 90.424 3.237
2026-05-15 1151 3732.281 848.698 29.432
2026-05-16 1152 3716.654 -15.627 -0.419
2026-05-17 1152 3716.654 0 0
2026-05-18 1061 4035.053 318.399 8.567
2026-05-19 1073 3979.893 -55.16 -1.367
2026-05-20 1019 4146.077 166.184 4.176
2026-05-21 1020 4154.267 8.19 0.198
2026-05-22 940 4504.448 350.181 8.429
2026-05-23 941 4496.089 -8.359 -0.186
2026-05-24 941 4496.089 0 0
2026-05-26 938 4514.766 18.677 0.415
2026-05-27 954 4463.234 -51.532 -1.141
2026-05-28 894 4774.536 311.302 6.975
2026-05-29 937 4533.696 -240.84 -5.044
2026-05-31 938 4542.691 8.995 0.198
2026-06-01 920 4644.709 102.018 2.246
2026-06-02 874 4861.519 216.81 4.668
2026-06-03 893 4736.225 -125.294 -2.577
2026-06-04 933 4536.037 -200.188 -4.227
2026-06-05 962 4356.129 -179.908 -3.966
2026-06-06 972 4329.441 -26.688 -0.613
2026-06-07 972 4329.441 0 0
2026-06-08 973 4324.123 -5.318 -0.123
2026-06-09 975 4288.427 -35.696 -0.826
2026-06-10 993 4226.708 -61.719 -1.439
2026-06-11 951 4406.671 179.963 4.258
2026-06-12 909 4626.652 219.981 4.992
2026-06-13 910 4649.142 22.49 0.486
2026-06-15 857 4973.982 324.84 6.987
2026-06-16 841 5031.141 57.159 1.149
2026-06-17 804 5212.725 181.584 3.609
2026-06-18 797 5260.254 47.529 0.912
2026-06-19 807 5179.378 -80.876 -1.537
2026-06-20 807 5179.378 0 0
2026-06-21 807 5179.378 0 0
2026-06-23 841 4981.953 -197.425 -3.812
2026-06-24 874 4870.935 -111.018 -2.228
2026-06-25 892 4761.396 -109.539 -2.249
2026-06-26 926 4546.251 -215.145 -4.519
2026-06-27 926 4553.503 7.252 0.16
2026-06-28 926 4553.503 0 0
2026-06-29 911 4650.493 96.99 2.13
2026-06-30 892 4808.796 158.303 3.404
2026-07-01 897 4768.484 -40.312 -0.838
2026-07-02 936 4555.605 -212.879 -4.464
2026-07-03 921 4628.064 72.459 1.591
2026-07-04 921 4628.064 0 0
2026-07-05 921 4628.064 0 0
2026-07-06 927 4614.901 -13.163 -0.284
2026-07-07 975 4342.215 -272.686 -5.909
2026-07-08 991 4269.262 -72.953 -1.68
2026-07-09 959 4400.735 131.473 3.08
2026-07-10 958 4418.687 17.952 0.408
2026-07-11 957 4415.154 -3.533 -0.08
2026-07-12 957 4415.154 0 0
2026-07-13 958 4378.363 -36.791 -0.833
2026-07-14 934 4513.054 134.691 3.076
2026-07-15 960 4362.685 -150.369 -3.332
2026-07-16 991 4262.346 -100.339 -2.3
2026-07-17 1024 4112.102 -150.244 -3.525
2026-07-18 1024 4111.161 -0.941 -0.023
2026-07-19 1024 4111.161 0 0
2026-07-20 1021 4116.425 5.264 0.128
2026-07-21 974 4316.765 200.34 4.867
2026-07-22 960 4355.629 38.864 0.9
2026-07-23 978 4297.243 -58.386 -1.34
2026-07-24 1020 4112.544 -184.699 -4.298
2026-07-25 1023 4115.352 2.808 0.068
2026-07-26 1023 4115.352 0 0
2026-07-27 1096 3869.281 -246.071 -5.979
2026-07-28 1139 3714.913 -154.368 -3.99
2026-07-29 1179 3604.318 -110.595 -2.977
2026-07-30 1116 3825.649 221.331 6.141
2026-07-31 1093 3890.394 64.745 1.692
2026-08-01 1093 3891.29 0.896 0.023
2026-08-02 1093 3891.29 0 0
2026-08-03 1113 3835.703 -55.587 -1.428
2026-08-04 1056 4037.014 201.311 5.248
2026-08-05 1062 4027.016 -9.998 -0.248
2026-08-06 995 4292.39 265.374 6.59
2026-08-07 1007 4251.455 -40.935 -0.954
2026-08-08 1006 4258.332 6.877 0.162
2026-08-09 1006 4258.332 0 0
2026-08-10 1060 4061.64 -196.692 -4.619
2026-08-11 1048 4090.878 29.238 0.72
2026-08-12 998 4299.048 208.17 5.089
2026-08-13 989 4317.634 18.586 0.432
=======
2026-05-11 1455 2939.157 0 0
2026-05-12 1460 2925.613 0 0
2026-05-13 1504 2824.012 0 0
2026-05-14 1524 2793.159 0 0
2026-05-15 1477 2883.583 0 0
2026-05-16 1151 3732.281 0 0
2026-05-17 1152 3716.654 0 0
2026-05-18 1152 3716.654 0 0
2026-05-19 1058 4035.053 0 0
2026-05-20 1071 3979.893 0 0
2026-05-21 1018 4146.077 0 0
2026-05-22 1004 4231.788 0 0
2026-05-23 940 4504.448 0 0
2026-05-24 941 4496.089 0 0
2026-05-25 939 4496.089 0 0
2026-05-26 925 4584.139 0 0
2026-05-27 938 4514.766 0 0
2026-05-28 926 4583.567 0 0
2026-05-29 894 4774.536 0 0
2026-05-30 937 4533.696 0 0
2026-05-31 938 4542.691 0 0
2026-06-01 940 4542.691 0 0
2026-06-02 920 4644.709 0 0
2026-06-03 878 4861.519 0 0
2026-06-04 895 4736.225 0 0
2026-06-05 935 4536.037 0 0
2026-06-06 962 4356.129 0 0
2026-06-07 972 4329.441 0 0
2026-06-09 973 4324.123 0 0
2026-06-10 975 4288.427 0 0
2026-06-11 990 4226.708 0 0
2026-06-12 952 4406.671 0 0
2026-06-13 909 4626.652 0 0
2026-06-14 910 4649.142 0 0
2026-06-16 855 4973.982 0 0
2026-06-17 839 5031.141 0 0
2026-06-18 803 5212.725 0 0
2026-06-19 796 5260.254 0 0
2026-06-20 807 5179.378 0 0
2026-06-21 807 5179.378 0 0
2026-06-22 808 5179.378 0 0
2026-06-23 794 5258.651 0 0
2026-06-24 842 4981.953 0 0
2026-06-25 875 4870.935 0 0
2026-06-26 886 4761.396 0 0
2026-06-27 926 4546.251 0 0
2026-06-28 926 4553.503 0 0
2026-06-29 923 4553.503 0 0
2026-06-30 909 4650.493 0 0
2026-07-01 892 4808.796 0 0
2026-07-02 899 4768.484 0 0
2026-07-03 937 4555.605 0 0
2026-07-04 921 4628.064 0 0
2026-07-05 921 4628.064 0 0
2026-07-06 921 4628.064 0 0
2026-07-07 929 4614.901 0 0
2026-07-08 974 4342.215 0 0
2026-07-09 988 4269.262 0 0
2026-07-10 958 4400.735 0 0
2026-07-11 958 4418.687 0 0
2026-07-12 957 4415.154 0 0
2026-07-13 955 4415.154 0 0
2026-07-14 957 4378.363 0 0
2026-07-15 935 4513.054 0 0
2026-07-16 963 4362.685 0 0
2026-07-17 989 4262.346 0 0
2026-07-18 1024 4112.102 0 0
2026-07-19 1024 4111.161 0 0
2026-07-20 1026 4111.161 0 0
2026-07-21 1022 4116.425 0 0
2026-07-22 972 4316.765 0 0
2026-07-23 958 4355.629 0 0
2026-07-24 977 4297.243 0 0
2026-07-25 1020 4112.544 0 0
2026-07-26 1023 4115.352 0 0
2026-07-27 1025 4115.352 0 0
2026-07-28 1093 3869.281 0 0
2026-07-29 1137 3714.913 0 0
2026-07-30 1181 3604.318 0 0
2026-07-31 1118 3825.649 0 0
2026-08-01 1093 3890.394 0 0
2026-08-02 1093 3891.29 0 0
2026-08-03 1093 3891.29 0 0
2026-08-04 1117 3835.703 0 0
2026-08-05 1056 4037.014 0 0
2026-08-06 1066 4027.016 0 0
2026-08-07 995 4292.39 0 0
2026-08-08 1007 4251.455 0 0
2026-08-09 1006 4258.332 0 0
2026-08-10 1006 4258.332 0 0
2026-08-11 1059 4061.64 0 0
2026-08-12 1050 4090.878 0 0
2026-08-13 994 4299.048 0 0
2026-08-14 990 4317.634 0 0
>>>>>>> 2b550085baac25c543016ca743053a87bf115d5d
2026-08-15 970 4400.963 0 0
2026-08-16 968 4414.724 0 0
2026-08-17 967 4414.724 0 0
2026-08-18 971 4409.395 0 0
2026-08-19 1043 4105.394 0 0
