2026-06-29 3007 1211 0 0
2026-06-30 3008 1211 0 0
2026-07-01 3023 1211 0 0
2026-07-02 3025 1211 0 0
2026-07-03 3034 1211 0 0
2026-07-04 3034 1211 0 0
2026-07-05 3034 1211 0 0
2026-07-06 3037 1211 0 0
2026-07-07 3018 1211 0 0
2026-07-08 3010 1211 0 0
2026-07-09 3013 1211 0 0
2026-07-10 3021 1211 0 0
2026-07-11 3026 1211 0 0
2026-07-12 3026 1211 0 0
2026-07-13 3003 1211 0 0
2026-07-14 3015 1211 0 0
2026-07-15 3015 1211 0 0
2026-07-16 3017 1211 0 0
2026-07-17 3005 1211 0 0
2026-07-18 3004 1211 0 0
2026-07-19 3003 1211 0 0
2026-07-20 3004 1211 0 0
2026-07-21 3013 1211 0 0
2026-07-22 3008 1211 0 0
2026-07-23 3009 1211 0 0
2026-07-24 3006 1211 0 0
2026-07-25 3005 1211 0 0
2026-07-26 3005 1211 0 0
2026-07-27 3016 1211 0 0
2026-07-28 3008 1211 0 0
2026-07-29 3012 1211 0 0
2026-07-30 3010 1211 0 0
2026-07-31 3026 1211 0 0
2026-08-01 3025 1211 0 0
2026-08-02 3025 1211 0 0
2026-08-03 3032 1211 0 0
2026-08-04 3039 1211 0 0
2026-08-05 3047 1211 0 0
2026-08-06 3052 1211 0 0
2026-08-07 3060 1211 0 0
2026-08-08 3064 1211 0 0
2026-08-09 3064 1211 0 0
2026-08-10 3068 1211 0 0
2026-08-11 3068 1211 0 0
2026-08-12 3066 1211 0 0
2026-08-13 3062 1211 0 0
2026-08-15 3064 1211 0 0
2026-08-16 3064 1211 0 0
2026-08-17 3071 1211 0 0
2026-08-18 3063 1211 0 0
2026-08-19 3055 1211 0 0
2026-08-20 3062 1211 0 0
2026-08-21 3065 1211 0 0
2026-08-23 3065 1211 0 0
2026-08-24 3060 1211 0 0
2026-08-25 3065 1211 0 0
2026-08-26 3070 1211 0 0
2026-08-27 3075 1211 0 0
2026-08-28 3072 1211 0 0
2026-08-29 3073 1211 0 0
2026-08-30 3073 1211 0 0
2026-08-31 3078 1211 0 0
2026-09-01 3076 1211.0 0 0
2026-09-02 3066 1211.0 0 0
2026-09-03 3063 1211.0 0 0
