2026-03-10 2910 1291.71 0 0
2026-03-11 2935 1278.374 -13.336 -1.032
2026-03-12 2975 1245.727 -32.647 -2.554
2026-03-13 2924 1268.531 22.804 1.831
2026-03-14 2922 1263.458 -5.073 -0.4
2026-03-15 2922 1263.458 0 0
2026-03-16 2788 1356.098 92.64 7.332
2026-03-17 2907 1275.883 -80.215 -5.915
2026-03-18 2867 1300.072 24.189 1.896
2026-03-19 2904 1267.724 -32.348 -2.488
2026-03-20 2870 1288.829 21.105 1.665
2026-03-21 2866 1292.406 3.577 0.278
2026-03-22 2866 1292.406 0 0
2026-03-23 3018 1181.078 -111.328 -8.614
2026-03-24 3020 1183.67 2.592 0.219
2026-03-25 2951 1231.998 48.328 4.083
2026-03-27 3042 1179.156 -52.842 -4.289
2026-03-28 3040 1175.3 -3.856 -0.327
2026-03-29 3040 1175.3 0 0
2026-03-30 3076 1151.73 -23.57 -2.005
2026-03-31 3174 1098.113 -53.617 -4.655
2026-04-01 3054 1173.071 74.958 6.826
2026-04-02 3072 1161.89 -11.181 -0.953
2026-04-03 2899 1266.293 104.403 8.986
2026-04-04 2899 1266.293 0 0
2026-04-05 2899 1266.293 0 0
2026-04-06 2898 1266.293 0 0
2026-04-07 2932 1240.623 -25.67 -2.027
2026-04-08 2823 1323.759 83.136 6.701
2026-04-09 2783 1361.316 37.557 2.837
2026-04-10 2729 1407.383 46.067 3.384
2026-04-11 2730 1408.949 1.566 0.111
2026-04-12 2730 1408.949 0 0
2026-04-13 2738 1407.183 -1.766 -0.125
2026-04-14 2704 1432.427 25.244 1.794
2026-04-15 2766 1398.597 -33.83 -2.362
2026-04-16 2724 1427.741 29.144 2.084
2026-04-17 2709 1448.363 20.622 1.444
2026-04-18 2711 1446.899 -1.464 -0.101
2026-04-19 2711 1446.899 0 0
2026-04-20 2753 1416.853 -30.046 -2.077
2026-04-21 2712 1454.849 37.996 2.682
2026-04-22 2649 1496.33 41.481 2.851
2026-04-23 2775 1393.658 -102.672 -6.862
2026-04-24 2791 1378.619 -15.039 -1.079
2026-04-25 2790 1378.478 -0.141 -0.01
2026-04-26 2790 1378.478 0 0
2026-04-27 2791 1382.303 3.825 0.277
2026-04-28 2813 1359.676 -22.627 -1.637
2026-04-29 2687 1459.237 99.561 7.322
2026-04-30 2346 1750.963 291.726 19.992
2026-05-01 2354 1750.861 -0.102 -0.006
2026-05-02 2357 1750.861 0 0
2026-05-04 2359 1750.861 0 0
2026-05-05 2267 1835.314 84.453 4.824
2026-05-06 2267 1835.314 0 0
2026-05-07 2149 1973.218 137.904 7.514
2026-05-08 2157 1972.879 -0.339 -0.017
2026-05-09 2154 1972.792 -0.087 -0.004
2026-05-10 2154 1972.792 0 0
2026-05-11 2153 1969.836 -2.956 -0.15
2026-05-12 2172 1939.141 -30.695 -1.558
2026-05-13 2133 1975.829 36.688 1.892
2026-05-14 2186 1924.549 -51.28 -2.595
2026-05-15 2218 1877.413 -47.136 -2.449
2026-05-16 2222 1872.309 -5.104 -0.272
2026-05-17 2222 1872.309 0 0
2026-05-18 2029 2041.337 169.028 9.028
2026-05-19 2081 2007.883 -33.454 -1.639
2026-05-20 2070 2010.043 2.16 0.108
2026-05-21 2075 2009.364 -0.679 -0.034
2026-05-22 2139 1961.796 -47.568 -2.367
2026-05-23 2135 1965.088 3.292 0.168
2026-05-24 2135 1965.088 0 0
2026-05-26 2055 2035.523 70.435 3.584
2026-05-27 2179 1929.9 -105.623 -5.189
2026-05-28 2176 1930.633 0.733 0.038
2026-05-29 2272 1827.255 -103.378 -5.355
2026-05-31 2271 1830.36 3.105 0.17
2026-06-01 2451 1658.049 -172.311 -9.414
2026-06-02 2465 1634.211 -23.838 -1.438
2026-06-03 2447 1652.481 18.27 1.118
2026-06-04 2460 1638.885 -13.596 -0.823
2026-06-05 2375 1708.664 69.779 4.258
2026-06-06 2376 1710.052 1.388 0.081
2026-06-07 2376 1710.052 0 0
2026-06-08 2256 1809.246 99.194 5.801
2026-06-09 2255 1823.942 14.696 0.812
2026-06-10 2362 1720.005 -103.937 -5.698
2026-06-11 2402 1681.635 -38.37 -2.231
2026-06-12 2404 1687.618 5.983 0.356
2026-06-13 2408 1691.637 4.019 0.238
2026-06-15 2345 1763.014 71.377 4.219
2026-06-16 2321 1791.488 28.474 1.615
2026-06-17 2295 1807.18 15.692 0.876
2026-06-18 2017 2061.493 254.313 14.072
2026-06-19 2015 2059.938 -1.555 -0.075
2026-06-20 2016 2059.938 0 0
2026-06-21 2016 2059.938 0 0
2026-06-23 2128 1944.338 -115.6 -5.612
2026-06-24 2097 1969.182 24.844 1.278
2026-06-25 2136 1926.232 -42.95 -2.181
2026-06-26 2105 1953.703 27.471 1.426
2026-06-27 2107 1953.358 -0.345 -0.018
2026-06-28 2107 1953.358 0 0
2026-06-29 2287 1794.274 -159.084 -8.144
2026-06-30 2106 1964.958 170.684 9.513
2026-07-01 2088 1995.638 30.68 1.561
2026-07-02 2136 1944.066 -51.572 -2.584
2026-07-03 1975 2121.182 177.116 9.111
2026-07-04 1975 2121.182 0 0
2026-07-05 1975 2121.182 0 0
2026-07-06 2265 1833.478 -287.704 -13.563
2026-07-07 2364 1736.832 -96.646 -5.271
2026-07-08 2496 1612.082 -124.75 -7.183
2026-07-09 2444 1660.421 48.339 2.999
2026-07-10 2498 1620.844 -39.577 -2.384
2026-07-11 2495 1624.455 3.611 0.223
2026-07-12 2495 1624.455 0 0
2026-07-13 2642 1489.479 -134.976 -8.309
2026-07-14 2572 1544.269 54.79 3.678
2026-07-15 2618 1507.753 -36.516 -2.365
2026-07-16 2730 1418.072 -89.681 -5.948
2026-07-17 2704 1423.794 5.722 0.404
2026-07-18 2709 1421.861 -1.933 -0.136
2026-07-19 2708 1421.861 0 0
2026-07-20 2871 1297.24 -124.621 -8.765
2026-07-21 2744 1402.712 105.472 8.13
2026-07-22 2827 1331.943 -70.769 -5.045
2026-07-23 2861 1303.455 -28.488 -2.139
2026-07-24 2929 1250.075 -53.38 -4.095
2026-07-25 2932 1249.41 -0.665 -0.053
2026-07-26 2932 1249.41 0 0
2026-07-27 2870 1302.545 53.135 4.253
2026-07-28 2950 1246.487 -56.058 -4.304
2026-07-29 2996 1220.376 -26.111 -2.095
2026-07-30 3088 1165.942 -54.434 -4.46
2026-07-31 2921 1276.474 110.532 9.48
2026-08-01 2920 1278.177 1.703 0.133
2026-08-02 2920 1278.177 0 0
2026-08-03 2901 1297.25 19.073 1.492
2026-08-04 2835 1350.425 53.175 4.099
2026-08-05 2775 1400.115 49.69 3.68
2026-08-06 2771 1402.032 1.917 0.137
2026-08-07 2697 1466.719 64.687 4.614
2026-08-08 2696 1467.067 0.348 0.024
2026-08-09 2696 1467.067 0 0
2026-08-10 2773 1411.65 -55.417 -3.777
2026-08-11 2741 1435.783 24.133 1.71
2026-08-12 2700 1468.104 32.321 2.251
2026-08-13 2714 1448.261 -19.843 -1.352
2026-08-15 2714 1458.173 9.912 0.684
2026-08-16 2714 1458.173 0 0
2026-08-17 2661 1501.42 43.247 2.966
2026-08-18 2633 1522.881 21.461 1.429
2026-08-19 2823 1377.223 -145.658 -9.565
2026-08-20 2766 1411.352 34.129 2.478
2026-08-21 2760 1418.735 7.383 0.523
2026-08-23 2763 1419.452 0.717 0.051
2026-08-24 2830 1378.76 -40.692 -2.867
2026-08-25 2819 1386.199 7.439 0.54
2026-08-26 2859 1365.746 -20.453 -1.475
2026-08-27 2767 1419.153 53.407 3.91
2026-08-28 2737 1444.736 25.583 1.803
2026-08-29 2736 1444.629 -0.107 -0.007
2026-08-30 2736 1444.629 0 0
2026-08-31 2734 1455.7 11.071 0.766
2026-09-01 2824 1386.88 0 0
