2026-06-02 560 7056.878 0 0
2026-06-03 546 7210.664 153.786 2.179
2026-06-04 481 7912.746 702.082 9.737
2026-06-05 533 7328.613 -584.133 -7.382
2026-06-06 532 7334.566 5.953 0.081
2026-06-07 532 7334.566 0 0
2026-06-08 571 6845.71 -488.856 -6.665
2026-06-09 537 7264.878 419.168 6.123
2026-06-10 531 7305.813 40.935 0.563
2026-06-11 531 7348.516 42.703 0.585
2026-06-12 546 7176.878 -171.638 -2.336
2026-06-13 545 7193.967 17.089 0.238
2026-06-15 523 7476.032 282.065 3.921
2026-06-16 506 7640.11 164.078 2.195
2026-06-17 440 8263.144 623.034 8.155
2026-06-18 433 8291.375 28.231 0.342
2026-06-19 433 8285.122 -6.253 -0.075
2026-06-20 433 8285.122 0 0
2026-06-21 433 8285.122 0 0
2026-06-23 409 8763.261 478.139 5.771
2026-06-24 368 9382.242 618.981 7.063
2026-06-25 335 10287.139 904.897 9.645
2026-06-26 296 10983.743 696.604 6.772
2026-06-27 298 10981.805 -1.938 -0.018
2026-06-28 298 10981.805 0 0
2026-06-29 287 11199.915 218.11 1.986
2026-06-30 304 10900.683 -299.232 -2.672
2026-07-01 337 10341.485 -559.198 -5.13
2026-07-02 371 9384.066 -957.419 -9.258
2026-07-03 343 10209.408 825.342 8.795
2026-07-04 343 10209.408 0 0
2026-07-05 343 10209.408 0 0
2026-07-06 307 10820.091 610.683 5.982
2026-07-07 355 9845.152 -974.939 -9.01
2026-07-08 366 9542.13 -303.022 -3.078
2026-07-09 348 9944.148 402.018 4.213
2026-07-10 379 9257.435 -686.713 -6.906
2026-07-11 378 9278.057 20.622 0.223
2026-07-12 378 9278.057 0 0
2026-07-13 428 8356.734 -921.323 -9.93
2026-07-14 421 8537.451 180.717 2.163
2026-07-15 500 7694.52 -842.931 -9.873
2026-07-16 578 6938.433 -756.087 -9.826
2026-07-17 650 6254.013 -684.42 -9.864
2026-07-18 651 6245.523 -8.49 -0.136
2026-07-19 651 6245.523 0 0
2026-07-20 730 5627.524 -617.999 -9.895
2026-07-21 695 5926.124 298.6 5.306
2026-07-22 775 5339.872 -586.252 -9.893
2026-07-23 817 5078.123 -261.749 -4.902
2026-07-24 887 4675.924 -402.199 -7.92
2026-07-25 889 4673.439 -2.485 -0.053
2026-07-26 889 4673.439 0 0
2026-07-27 895 4693.145 19.706 0.422
2026-07-28 986 4234.529 -458.616 -9.772
2026-07-29 1019 4155.519 -79.01 -1.866
2026-07-30 913 4565.522 410.003 9.866
2026-07-31 923 4523.972 -41.55 -0.91
2026-08-01 924 4530.006 6.034 0.133
2026-08-02 924 4530.006 0 0
2026-08-03 1034 4103.094 -426.912 -9.424
2026-08-04 998 4274.41 171.316 4.175
2026-08-05 935 4530.247 255.837 5.985
2026-08-06 925 4555.844 25.597 0.565
2026-08-07 899 4739.017 183.173 4.021
2026-08-08 899 4740.14 1.123 0.024
2026-08-09 899 4740.14 0 0
2026-08-10 904 4701.276 -38.864 -0.82
2026-08-11 904 4703.474 2.198 0.047
2026-08-12 893 4782.107 78.633 1.672
2026-08-13 917 4654.645 -127.462 -2.665
2026-08-15 897 4768.637 113.992 2.449
2026-08-16 896 4768.637 0 0
2026-08-17 827 5106.856 338.219 7.093
2026-08-18 819 5132.172 25.316 0.496
2026-08-19 915 4624.763 -507.409 -9.887
2026-08-20 911 4677.947 53.184 1.15
2026-08-21 880 4885.151 207.204 4.429
2026-08-23 881 4887.623 2.472 0.051
2026-08-24 899 4716.172 -171.451 -3.508
2026-08-25 911 4675.334 -40.838 -0.866
2026-08-26 923 4602.339 -72.995 -1.561
2026-08-27 842 5057.68 455.341 9.894
2026-08-28 847 5049.726 -7.954 -0.157
2026-08-29 847 5049.351 -0.375 -0.007
2026-08-30 847 5049.351 0 0
2026-08-31 826 5136.124 86.773 1.718
2026-09-01 865 4966.527 0 0
2026-09-02 875 4894.638 0 0
2026-09-03 885 4827.171 0 0
2026-09-04 915 4710.963 0 0
