2026-03-10 1944 2156.918 0 0
2026-03-11 2005 2090.433 -66.485 -3.082
2026-03-12 1921 2168.433 78 3.731
2026-03-13 2001 2070.63 -97.803 -4.51
2026-03-14 2003 2053.022 -17.608 -0.85
2026-03-15 2003 2053.022 0 0
2026-03-16 2028 2026.488 -26.534 -1.292
2026-03-17 2080 1985.989 -40.499 -1.998
2026-03-18 1959 2102.438 116.449 5.864
2026-03-19 1926 2131.403 28.965 1.378
2026-03-20 2018 2011.55 -119.853 -5.623
2026-03-21 2014 2011.752 0.202 0.01
2026-03-22 2014 2011.752 0 0
2026-03-23 2123 1913.154 -98.598 -4.901
2026-03-24 2121 1912.99 -0.164 -0.009
2026-03-25 2102 1944.672 31.682 1.656
2026-03-27 2148 1898.733 -45.939 -2.362
2026-03-28 2153 1881.555 -17.178 -0.905
2026-03-29 2152 1881.555 0 0
2026-03-30 2254 1767.745 -113.81 -6.049
2026-03-31 2349 1689.923 -77.822 -4.402
2026-04-01 2193 1848.311 158.388 9.372
2026-04-02 2256 1788.655 -59.656 -3.228
2026-04-03 2070 1963.412 174.757 9.77
2026-04-04 2070 1963.412 0 0
2026-04-05 2070 1963.412 0 0
2026-04-06 2158 1878.243 -85.169 -4.338
2026-04-07 2065 1969.058 90.815 4.835
2026-04-08 1968 2093.593 124.535 6.325
2026-04-09 1988 2076.888 -16.705 -0.798
2026-04-10 2028 2037.548 -39.34 -1.894
2026-04-11 2031 2037.548 0 0
2026-04-12 2031 2037.548 0 0
2026-04-13 2005 2066.055 28.507 1.399
2026-04-14 2052 2024.903 -41.152 -1.992
2026-04-15 2026 2057.446 32.543 1.607
2026-04-16 1990 2106.924 49.478 2.405
2026-04-17 1989 2112.015 5.091 0.242
2026-04-18 2009 2100.261 -11.754 -0.557
2026-04-19 2009 2100.261 0 0
2026-04-20 1988 2123.427 23.166 1.103
2026-04-21 1952 2164.952 41.525 1.956
2026-04-22 1911 2207.157 42.205 1.949
2026-04-23 1862 2252.392 45.235 2.049
2026-04-24 1848 2264.943 12.551 0.557
2026-04-25 1850 2259.755 -5.188 -0.229
2026-04-26 1850 2259.755 0 0
2026-04-27 2092 1999.891 -259.864 -11.5
2026-04-28 2030 2044.763 44.872 2.244
2026-04-29 2022 2055.648 10.885 0.532
2026-04-30 1921 2177.563 121.915 5.931
2026-05-01 1929 2170.516 -7.047 -0.324
2026-05-02 1931 2170.516 0 0
2026-05-04 1918 2197.233 26.717 1.231
2026-05-05 1960 2151.11 -46.123 -2.099
2026-05-06 1964 2151.11 0 0
2026-05-07 2006 2107.42 -43.69 -2.031
2026-05-08 2023 2092.516 -14.904 -0.707
2026-05-09 2036 2068.824 -23.692 -1.132
2026-05-10 2036 2068.824 0 0
2026-05-11 1992 2126.311 57.487 2.779
2026-05-12 2116 1989.921 -136.39 -6.414
2026-05-13 2053 2037.798 47.877 2.406
2026-05-14 2034 2069.214 31.416 1.542
2026-05-15 2264 1834.978 -234.236 -11.32
2026-05-16 2268 1822.024 -12.954 -0.706
2026-05-17 2268 1822.024 0 0
2026-05-18 2266 1822.024 0 0
2026-05-19 2360 1738.303 -83.721 -4.595
2026-05-20 2364 1739.305 1.002 0.058
2026-05-21 2361 1740.228 0.923 0.053
2026-05-22 2184 1912.041 171.813 9.873
2026-05-23 2205 1899.624 -12.417 -0.649
2026-05-24 2205 1899.624 0 0
2026-05-26 2127 1974.521 74.897 3.943
2026-05-27 2262 1844.606 -129.915 -6.58
2026-05-28 2311 1789.37 -55.236 -2.994
2026-05-29 2346 1757.223 -32.147 -1.797
2026-05-31 2354 1752.326 -4.897 -0.279
2026-06-01 2348 1750.573 -1.753 -0.1
2026-06-02 2430 1674.743 -75.83 -4.332
2026-06-03 2439 1661.489 -13.254 -0.791
2026-06-04 2312 1779.967 118.478 7.131
2026-06-05 2425 1668.731 -111.236 -6.249
2026-06-06 2436 1657.305 -11.426 -0.685
2026-06-07 2435 1657.305 0 0
2026-06-08 2602 1502.994 -154.311 -9.311
2026-06-09 2335 1748.297 245.303 16.321
2026-06-10 2412 1669.157 -79.14 -4.527
2026-06-11 2309 1773.509 104.352 6.252
2026-06-12 2242 1849.061 75.552 4.26
2026-06-13 2236 1861.045 11.984 0.648
2026-06-15 2376 1727.195 -133.85 -7.192
2026-06-16 2416 1699.806 -27.389 -1.586
2026-06-17 2408 1699.525 -0.281 -0.017
2026-06-18 2448 1656.327 -43.198 -2.542
2026-06-19 2452 1646.17 -10.157 -0.613
2026-06-20 2453 1646.17 0 0
2026-06-21 2453 1646.17 0 0
2026-06-23 2620 1503.077 -143.093 -8.692
2026-06-24 2611 1505.197 2.12 0.141
2026-06-25 2530 1563.248 58.051 3.857
2026-06-26 2630 1487.251 -75.997 -4.861
2026-06-27 2618 1495.295 8.044 0.541
2026-06-28 2618 1495.295 0 0
2026-06-29 2595 1512.51 17.215 1.151
2026-06-30 2653 1480.243 -32.267 -2.133
2026-07-01 2704 1436.773 -43.47 -2.937
2026-07-02 2855 1318.955 -117.818 -8.2
2026-07-03 2793 1378.22 59.265 4.493
2026-07-04 2793 1378.22 0 0
2026-07-05 2794 1378.22 0 0
2026-07-06 2870 1315.389 -62.831 -4.559
2026-07-07 2911 1284.131 -31.258 -2.376
2026-07-08 2972 1240.442 -43.689 -3.402
2026-07-09 2909 1277.296 36.854 2.971
2026-07-10 2826 1339.458 62.162 4.867
2026-07-11 2823 1343.025 3.567 0.266
2026-07-12 2823 1343.025 0 0
2026-07-13 2852 1316.643 -26.382 -1.964
2026-07-14 2840 1329.828 13.185 1.001
2026-07-15 2729 1423.475 93.647 7.042
2026-07-16 2839 1330.953 -92.522 -6.5
2026-07-17 2819 1335.943 4.99 0.375
2026-07-18 2818 1335.81 -0.133 -0.01
2026-07-19 2817 1335.81 0 0
2026-07-20 2893 1278.709 -57.101 -4.275
2026-07-21 2881 1296.65 17.941 1.403
2026-07-22 2823 1333.37 36.72 2.832
2026-07-23 2780 1364.635 31.265 2.345
2026-07-24 2889 1281.514 -83.121 -6.091
2026-07-25 2886 1282.126 0.612 0.048
2026-07-26 2886 1282.126 0 0
2026-07-27 2868 1303.747 21.621 1.686
2026-07-28 3109 1154.429 -149.318 -11.453
2026-07-29 3199 1097.852 -56.577 -4.901
2026-07-30 3270 1054.282 -43.57 -3.969
2026-07-31 2994 1225.026 170.744 16.195
2026-08-01 2986 1235.208 10.182 0.831
2026-08-02 2986 1235.208 0 0
2026-08-03 3078 1185.177 -50.031 -4.05
2026-08-04 2999 1237.382 52.205 4.405
2026-08-05 2943 1281.644 44.262 3.577
2026-08-06 2935 1288.402 6.758 0.527
2026-08-07 2970 1266.855 -21.547 -1.672
2026-08-08 2963 1272.397 5.542 0.437
2026-08-09 2963 1272.397 0 0
2026-08-10 2834 1365.599 93.202 7.325
2026-08-11 2821 1380.511 14.912 1.092
2026-08-12 2818 1379.572 -0.939 -0.068
2026-08-13 2819 1377.852 -1.72 -0.125
2026-08-15 2835 1367.329 -10.523 -0.764
2026-08-16 2835 1367.329 0 0
2026-08-17 2842 1367.329 0 0
2026-08-18 2914 1314.209 -53.12 -3.885
2026-08-19 2896 1318.569 4.36 0.332
2026-08-20 2849 1361.775 43.206 3.277
2026-08-21 2941 1294.873 -66.902 -4.913
2026-08-23 2933 1300.851 5.978 0.462
2026-08-24 2955 1279.888 -20.963 -1.611
2026-08-25 2888 1337.832 57.944 4.527
2026-08-26 2923 1314.57 -23.262 -1.739
2026-08-27 2911 1321.386 6.816 0.518
2026-08-28 2897 1327.223 5.837 0.442
2026-08-29 2888 1335.153 7.93 0.597
2026-08-30 2888 1335.153 0 0
2026-08-31 2890 1331.303 -3.85 -0.288
