2019-11-07 1686 1437.973 0 0
2026-06-23 3321 1023.365 -414.608 -28.833
2026-06-24  997.341 -26.024 -2.543
2026-08-12 3160 1156.169 158.828 15.925
2026-08-13 3194 1132.896 -23.273 -2.013
2026-08-15 3163 1153.049 20.153 1.779
2026-08-16 3163 1153.049 0 0
2026-08-17 3225 1106.698 -46.351 -4.02
2026-08-18 3255 1091.463 -15.235 -1.377
2026-08-19 2641 1508.675 417.212 38.225
2026-08-20 2615 1532.895 24.22 1.605
2026-08-21 2625 1533.199 0.304 0.02
2026-08-23 2625 1533.974 0.775 0.051
2026-08-24 2643 1514.091 -19.883 -1.296
2026-08-25 2591 1556.626 42.535 2.809
2026-08-26 2577 1571.197 14.571 0.936
2026-08-27 2510 1641.321 70.124 4.463
2026-08-28 2427 1721.911 80.59 4.91
2026-08-29 2427 1721.783 -0.128 -0.007
2026-08-30 2427 1721.783 0 0
2026-08-31 2490 1656.55 -65.233 -3.789
2026-09-01 2507 1646.233 0 0
2026-09-02 2509 1631.831 0 0
2026-09-03 2518 1625.213 0 0
2026-09-04 2522 1630.941 0 0
2026-09-05 2534 1609.798 0 0
