<<<<<<< HEAD
2026-05-21 3334 1038.8 0 0
2026-05-22 3150 1157.52 118.72 11.429
2026-05-23 3147 1159.462 1.942 0.168
2026-05-24 3147 1159.462 0 0
2026-05-26 3120 1175.503 16.041 1.383
2026-05-27 3122 1168.841 -6.662 -0.567
2026-05-28 3005 1232.873 64.032 5.478
2026-05-29 3176 1138.752 -94.121 -7.634
2026-05-31 3177 1140.687 1.935 0.17
2026-06-01 3277 1080.216 -60.471 -5.301
2026-06-02 2997 1234.19 153.974 14.254
2026-06-03 2841 1330.33 96.14 7.79
2026-06-04 2740 1405.105 74.775 5.621
2026-06-05 2719 1420.947 15.842 1.127
2026-06-06 2715 1422.101 1.154 0.081
2026-06-07 2715 1422.101 0 0
2026-06-08 2584 1521.549 99.448 6.993
2026-06-09 2589 1521.206 -0.343 -0.023
2026-06-10 2679 1437.477 -83.729 -5.504
2026-06-11 2659 1458.427 20.95 1.457
2026-06-12 2770 1377.002 -81.425 -5.583
2026-06-13 2772 1380.281 3.279 0.238
2026-06-15 2689 1451.187 70.906 5.137
2026-06-16 2711 1442.257 -8.93 -0.615
2026-06-17 2587 1538.516 96.259 6.674
2026-06-18 2541 1576.521 38.005 2.47
2026-06-19 2537 1575.332 -1.189 -0.075
2026-06-20 2537 1575.332 0 0
2026-06-21 2537 1575.332 0 0
2026-06-23 2534 1563.419 -11.913 -0.756
2026-06-24 2366 1710.506 147.087 9.408
2026-06-25 2297 1781.244 70.738 4.136
2026-06-26 2584 1518.495 -262.749 -14.751
2026-06-27 2584 1518.227 -0.268 -0.018
2026-06-28 2584 1518.227 0 0
2026-06-29 2557 1551.232 33.005 2.174
2026-06-30 2579 1534.637 -16.595 -1.07
2026-07-01 2651 1485.219 -49.418 -3.22
2026-07-02 2751 1407.417 -77.802 -5.238
2026-07-03 2629 1501.471 94.054 6.683
2026-07-04 2629 1501.471 0 0
2026-07-05 2629 1501.471 0 0
2026-07-06 2684 1470.383 -31.088 -2.071
2026-07-07 2691 1453.884 -16.499 -1.122
2026-07-08 2729 1408.978 -44.906 -3.089
2026-07-09 2643 1487.817 78.839 5.595
2026-07-10 2789 1377.657 -110.16 -7.404
2026-07-11 2789 1380.725 3.068 0.223
2026-07-12 2789 1380.725 0 0
2026-07-13 2903 1281.411 -99.314 -7.193
2026-07-14 2765 1392.903 111.492 8.701
2026-07-15 2800 1369.007 -23.896 -1.716
2026-07-16 2866 1314.659 -54.348 -3.97
2026-07-17 3278 1052.238 -262.421 -19.961
2026-07-18 3278 1050.809 -1.429 -0.136
2026-07-19 3277 1050.809 0 0
2026-07-20 3138 1130.016 79.207 7.538
2026-07-21 2843 1322.24 192.224 17.011
2026-07-22 2934 1252.563 -69.677 -5.27
2026-07-23 2890 1284.257 31.694 2.53
2026-07-24 2862 1296.192 11.935 0.929
2026-07-25 2862 1295.503 -0.689 -0.053
2026-07-26 2862 1295.503 0 0
2026-07-27 2707 1425.57 130.067 10.04
2026-07-28 2977 1227.137 -198.433 -13.92
2026-07-29 3059 1186.139 -40.998 -3.341
2026-07-30 3319 1019.096 -167.043 -14.083
2026-07-31 3227 1089.595 70.499 6.918
2026-08-01 3227 1091.049 1.454 0.133
2026-08-02 3227 1091.049 0 0
2026-08-03 3254 1080.404 -10.645 -0.976
2026-08-04 2916 1295.18 214.776 19.879
2026-08-05 2801 1381.977 86.797 6.702
2026-08-06 2792 1393.342 11.365 0.822
2026-08-07 2688 1476.207 82.865 5.947
2026-08-08 2688 1476.557 0.35 0.024
2026-08-09 2688 1476.557 0 0
2026-08-10 2752 1422.683 -53.874 -3.649
2026-08-11 2831 1371.489 -51.194 -3.598
2026-08-12 2676 1495.934 124.445 9.074
2026-08-13 2693 1472.109 -23.825 -1.593
=======
2026-05-22 3319 1050.138 0 0
2026-05-23 3150 1157.52 0 0
2026-05-24 3147 1159.462 0 0
2026-05-25 3160 1142.285 0 0
2026-05-26 3124 1170.363 0 0
2026-05-27 3140 1162.871 0 0
2026-05-28 3008 1231.838 0 0
2026-05-29 3159 1146.477 0 0
2026-05-30 3176 1138.752 0 0
2026-05-31 3177 1140.687 0 0
2026-06-01 3260 1092.306 0 0
2026-06-02 3146 1156.876 0 0
2026-06-03 2805 1374.197 0 0
2026-06-04 2811 1349.979 0 0
2026-06-05 2669 1469.064 0 0
2026-06-06 2719 1420.947 0 0
2026-06-07 2715 1422.101 0 0
2026-06-09 2651 1470.499 0 0
2026-06-10 2683 1429.133 0 0
2026-06-11 2642 1472.154 0 0
2026-06-12 2792 1357.754 0 0
2026-06-13 2770 1377.002 0 0
2026-06-14 2772 1380.281 0 0
2026-06-16 2730 1420.833 0 0
2026-06-17 2605 1527.284 0 0
2026-06-18 2512 1602.953 0 0
2026-06-19 2541 1576.521 0 0
2026-06-20 2537 1575.332 0 0
2026-06-21 2537 1575.332 0 0
2026-06-22 2430 1669.6 0 0
2026-06-23 2516 1585.297 0 0
2026-06-24 2420 1672.726 0 0
2026-06-25 2292 1785.89 0 0
2026-06-26 2489 1591.212 0 0
2026-06-27 2584 1518.495 0 0
2026-06-28 2584 1518.227 0 0
2026-06-29 2574 1531.435 0 0
2026-06-30 2510 1594.197 0 0
2026-07-01 2665 1476.247 0 0
2026-07-02 2695 1444.222 0 0
2026-07-03 2669 1472.832 0 0
2026-07-04 2629 1501.471 0 0
2026-07-05 2629 1501.471 0 0
2026-07-06 2617 1514.693 0 0
2026-07-07 2696 1450.54 0 0
2026-07-08 2655 1485.605 0 0
2026-07-09 2711 1420.214 0 0
2026-07-10 2640 1495.673 0 0
2026-07-11 2789 1377.657 0 0
2026-07-12 2789 1380.725 0 0
2026-07-13 2807 1356.256 0 0
2026-07-14 2812 1344.329 0 0
2026-07-15 2737 1407.81 0 0
2026-07-16 2804 1364.986 0 0
2026-07-17 2912 1271.692 0 0
2026-07-18 3278 1052.238 0 0
2026-07-19 3278 1050.809 0 0
2026-07-20 3073 1177.045 0 0
2026-07-21 3056 1184.331 0 0
2026-07-22 2841 1322.764 0 0
2026-07-23 2907 1274.402 0 0
2026-07-24 2821 1325.342 0 0
2026-07-25 2862 1296.192 0 0
2026-07-26 2862 1295.503 0 0
2026-07-27 2897 1280.931 0 0
2026-07-28 2894 1290.864 0 0
2026-07-29 3102 1160.739 0 0
2026-07-30 3270 1053.18 0 0
2026-07-31 3131 1139.849 0 0
2026-08-01 3227 1089.595 0 0
2026-08-02 3227 1091.049 0 0
2026-08-03 3248 1082.393 0 0
2026-08-04 2994 1236.744 0 0
2026-08-05 2979 1254.719 0 0
2026-08-06 2818 1372.658 0 0
2026-08-07 2629 1516.374 0 0
2026-08-08 2688 1476.207 0 0
2026-08-09 2688 1476.557 0 0
2026-08-10 2697 1463.361 0 0
2026-08-11 2812 1383.887 0 0
2026-08-12 2743 1432.66 0 0
2026-08-13 2639 1515.898 0 0
2026-08-14 2684 1486.084 0 0
>>>>>>> 2b550085baac25c543016ca743053a87bf115d5d
2026-08-15 2692 1478.085 0 0
2026-08-16 2696 1478.765 0 0
2026-08-17 2696 1478.765 0 0
2026-08-18 2660 1501.416 0 0
2026-08-19 2558 1580.23 0 0
2026-08-20 2691 1478.66 0 0
2026-08-21 2604 1541.689 0 0
2026-08-22 2598 1550.334 0 0
2026-08-24 2598 1551.118 0 0
