2026-03-10 2826 1340 0 0
2026-03-11 2831 1340 0 0
2026-03-12 2824 1340 0 0
2026-03-13 2815 1340 0 0
2026-03-14 2809 1340 0 0
2026-03-15 2809 1340 0 0
2026-03-16 2809 1340 0 0
2026-03-17 2804 1340 0 0
2026-03-18 2808 1340 0 0
2026-03-19 2794 1340 0 0
2026-03-20 2781 1340 0 0
2026-03-21 2782 1340 0 0
2026-03-22 2782 1340 0 0
2026-03-23 2767 1340 0 0
2026-03-24 2766 1340 0 0
2026-03-25 2782 1340 0 0
2026-03-27 2769 1340 0 0
2026-03-28 2768 1340 0 0
2026-03-29 2768 1340 0 0
2026-03-30 2758 1340 0 0
2026-03-31 2759 1340 0 0
2026-04-01 2778 1340 0 0
2026-04-02 2779 1340 0 0
2026-04-03 2776 1340 0 0
2026-04-04 2776 1340 0 0
2026-04-05 2776 1340 0 0
2026-04-06 2776 1340 0 0
2026-04-07 2777 1340 0 0
2026-04-08 2803 1340 0 0
2026-04-09 2806 1340 0 0
2026-04-10 2809 1340 0 0
2026-04-11 2812 1340 0 0
2026-04-12 2812 1340 0 0
2026-04-13 2821 1340 0 0
2026-04-14 2828 1340 0 0
2026-04-15 2840 1340 0 0
2026-04-16 2849 1340 0 0
2026-04-17 2855 1340 0 0
2026-04-18 2857 1340 0 0
2026-04-19 2857 1340 0 0
2026-04-20 2864 1340 0 0
2026-04-21 2864 1340 0 0
2026-04-22 2863 1340 0 0
2026-04-23 2845 1340 0 0
2026-04-24 2837 1340 0 0
2026-04-25 2834 1340 0 0
2026-04-26 2834 1340 0 0
2026-04-27 2841 1340 0 0
2026-04-28 2839 1340 0 0
2026-04-29 2836 1340 0 0
2026-04-30 2844 1340 0 0
2026-05-01 2849 1340 0 0
2026-05-02 2851 1340 0 0
2026-05-04 2855 1340 0 0
2026-05-05 2860 1340 0 0
2026-05-06 2861 1340 0 0
2026-05-07 2871 1340 0 0
2026-05-08 2867 1340 0 0
2026-05-09 2869 1340 0 0
2026-05-10 2869 1340 0 0
2026-05-11 2873 1340 0 0
2026-05-12 2862 1340 0 0
2026-05-13 2865 1340 0 0
2026-05-14 2860 1340 0 0
2026-05-15 2846 1340 0 0
2026-05-16 2842 1340 0 0
2026-05-17 2842 1340 0 0
2026-05-18 2846 1340 0 0
2026-05-19 2846 1340 0 0
2026-05-20 2848 1340 0 0
2026-05-21 2850 1340 0 0
2026-05-22 2850 1340 0 0
2026-05-23 2853 1340 0 0
2026-05-24 2853 1340 0 0
2026-05-26 2852 1340 0 0
2026-05-27 2836 1340 0 0
2026-05-28 2835 1340 0 0
2026-05-29 2840 1340 0 0
2026-05-31 2842 1340 0 0
2026-06-01 2838 1340 0 0
2026-06-02 2831 1340 0 0
2026-06-03 2827 1340 0 0
2026-06-04 2826 1340 0 0
2026-06-05 2818 1340 0 0
2026-06-06 2816 1340 0 0
2026-06-07 2816 1340 0 0
2026-06-08 2796 1340 0 0
2026-06-09 2810 1340 0 0
2026-06-10 2797 1340 0 0
2026-06-11 2797 1340 0 0
2026-06-12 2807 1340 0 0
2026-06-13 2810 1340 0 0
2026-06-15 2832 1340 0 0
2026-06-16 2836 1340 0 0
2026-06-17 2834 1340 0 0
2026-06-18 2834 1340 0 0
2026-06-19 2831 1340 0 0
2026-06-20 2831 1340 0 0
2026-06-21 2831 1340 0 0
2026-06-23 2817 1340 0 0
2026-06-24 2817 1340 0 0
2026-06-25 2813 1340 0 0
2026-06-26 2818 1340 0 0
2026-06-27 2819 1340 0 0
2026-06-28 2819 1340 0 0
2026-06-29 2822 1340 0 0
2026-06-30 2822 1340 0 0
2026-07-01 2830 1340 0 0
2026-07-02 2831 1340 0 0
2026-07-03 2836 1340 0 0
2026-07-04 2836 1340 0 0
2026-07-05 2836 1340 0 0
2026-07-06 2839 1340 0 0
2026-07-07 2834 1340 0 0
2026-07-08 2822 1340 0 0
2026-07-09 2822 1340 0 0
2026-07-10 2823 1340 0 0
2026-07-11 2824 1340 0 0
2026-07-12 2824 1340 0 0
2026-07-13 2821 1340 0 0
2026-07-14 2827 1340 0 0
2026-07-15 2829 1340 0 0
2026-07-16 2825 1340 0 0
2026-07-17 2812 1340 0 0
2026-07-18 2812 1340 0 0
2026-07-19 2811 1340 0 0
2026-07-20 2808 1340 0 0
2026-07-21 2817 1340 0 0
2026-07-22 2812 1340 0 0
2026-07-23 2813 1340 0 0
2026-07-24 2802 1340 0 0
2026-07-25 2801 1340 0 0
2026-07-26 2801 1340 0 0
2026-07-27 2814 1340 0 0
2026-07-28 2815 1340 0 0
2026-07-29 2819 1340 0 0
2026-07-30 2817 1340 0 0
2026-07-31 2830 1340 0 0
2026-08-01 2832 1340 0 0
2026-08-02 2832 1340 0 0
2026-08-03 2837 1340 0 0
2026-08-04 2847 1340 0 0
2026-08-05 2854 1340 0 0
2026-08-06 2852 1340 0 0
2026-08-07 2857 1340 0 0
2026-08-08 2856 1340 0 0
2026-08-09 2856 1340 0 0
2026-08-10 2867 1340 0 0
2026-08-11 2862 1340 0 0
2026-08-12 2862 1340 0 0
2026-08-13 2860 1340 0 0
2026-08-15 2869 1340 0 0
2026-08-16 2869 1340 0 0
2026-08-17 2871 1340 0 0
2026-08-18 2864 1340 0 0
2026-08-19 2860 1340 0 0
2026-08-20 2876 1340 0 0
2026-08-21 2877 1340 0 0
2026-08-23 2878 1340 0 0
2026-08-24 2874 1340 0 0
2026-08-25 2881 1340 0 0
2026-08-26 2888 1340 0 0
2026-08-27 2890 1340 0 0
2026-08-28 2884 1340 0 0
2026-08-29 2884 1340 0 0
2026-08-30 2884 1340 0 0
2026-08-31 2880 1340 0 0
2026-09-01 2879 1340.0 0 0
2026-09-02 2870 1340.0 0 0
