2026-03-10 2226 1850 0 0
2026-03-11 2231 1850 0 0
2026-03-12 2221 1850 0 0
2026-03-13 2209 1850 0 0
2026-03-14 2204 1850 0 0
2026-03-15 2204 1850 0 0
2026-03-16 2204 1850 0 0
2026-03-17 2203 1850 0 0
2026-03-18 2208 1850 0 0
2026-03-19 2201 1850 0 0
2026-03-20 2191 1850 0 0
2026-03-21 2192 1850 0 0
2026-03-22 2192 1850 0 0
2026-03-23 2183 1850 0 0
2026-03-24 2184 1850 0 0
2026-03-25 2189 1850 0 0
2026-03-27 2184 1850 0 0
2026-03-28 2181 1850 0 0
2026-03-29 2181 1850 0 0
2026-03-30 2181 1850 0 0
2026-03-31 2180 1850 0 0
2026-04-01 2189 1850 0 0
2026-04-02 2185 1850 0 0
2026-04-03 2182 1850 0 0
2026-04-04 2182 1850 0 0
2026-04-05 2182 1850 0 0
2026-04-06 2185 1850 0 0
2026-04-07 2182 1850 0 0
2026-04-08 2211 1850 0 0
2026-04-09 2225 1850 0 0
2026-04-10 2228 1850 0 0
2026-04-11 2230 1850 0 0
2026-04-12 2230 1850 0 0
2026-04-13 2226 1850 0 0
2026-04-14 2237 1850 0 0
2026-04-15 2248 1850 0 0
2026-04-16 2253 1850 0 0
2026-04-17 2261 1850 0 0
2026-04-18 2266 1850 0 0
2026-04-19 2266 1850 0 0
2026-04-20 2263 1850 0 0
2026-04-21 2255 1850 0 0
2026-04-22 2260 1850 0 0
2026-04-23 2244 1850 0 0
2026-04-24 2241 1850 0 0
2026-04-25 2241 1850 0 0
2026-04-26 2241 1850 0 0
2026-04-27 2240 1850 0 0
2026-04-28 2237 1850 0 0
2026-04-29 2238 1850 0 0
2026-04-30 2239 1850 0 0
2026-05-01 2242 1850 0 0
2026-05-02 2243 1850 0 0
2026-05-04 2245 1850 0 0
2026-05-05 2251 1850 0 0
2026-05-06 2254 1850 0 0
2026-05-07 2266 1850 0 0
2026-05-08 2270 1850 0 0
2026-05-09 2270 1850 0 0
2026-05-10 2270 1850 0 0
2026-05-11 2266 1850 0 0
2026-05-12 2254 1850 0 0
2026-05-13 2253 1850 0 0
2026-05-14 2251 1850 0 0
2026-05-15 2250 1850 0 0
2026-05-16 2247 1850 0 0
2026-05-17 2247 1850 0 0
2026-05-18 2240 1850 0 0
2026-05-19 2245 1850 0 0
2026-05-20 2252 1850 0 0
2026-05-21 2253 1850 0 0
2026-05-22 2264 1850 0 0
2026-05-23 2265 1850 0 0
2026-05-24 2265 1850 0 0
2026-05-26 2266 1850 0 0
2026-05-27 2256 1850 0 0
2026-05-28 2254 1850 0 0
2026-05-29 2249 1850 0 0
2026-05-31 2250 1850 0 0
2026-06-01 2248 1850 0 0
2026-06-02 2243 1850 0 0
2026-06-03 2243 1850 0 0
2026-06-04 2238 1850 0 0
2026-06-05 2236 1850 0 0
2026-06-06 2235 1850 0 0
2026-06-07 2235 1850 0 0
2026-06-08 2221 1850 0 0
2026-06-09 2232 1850 0 0
2026-06-10 2221 1850 0 0
2026-06-11 2227 1850 0 0
2026-06-12 2241 1850 0 0
2026-06-13 2245 1850 0 0
2026-06-15 2252 1850 0 0
2026-06-16 2253 1850 0 0
2026-06-17 2254 1850 0 0
2026-06-18 2250 1850 0 0
2026-06-19 2247 1850 0 0
2026-06-20 2247 1850 0 0
2026-06-21 2247 1850 0 0
2026-06-23 2229 1850 0 0
2026-06-24 2227 1850 0 0
2026-06-25 2230 1850 0 0
2026-06-26 2226 1850 0 0
2026-06-27 2224 1850 0 0
2026-06-28 2223 1850 0 0
2026-06-29 2231 1850 0 0
2026-06-30 2240 1850 0 0
2026-07-01 2239 1850 0 0
2026-07-02 2242 1850 0 0
2026-07-03 2243 1850 0 0
2026-07-04 2243 1850 0 0
2026-07-05 2242 1850 0 0
2026-07-06 2250 1850 0 0
2026-07-07 2245 1850 0 0
2026-07-08 2235 1850 0 0
2026-07-09 2239 1850 0 0
2026-07-10 2245 1850 0 0
2026-07-11 2245 1850 0 0
2026-07-12 2245 1850 0 0
2026-07-13 2224 1850 0 0
2026-07-14 2231 1850 0 0
2026-07-15 2235 1850 0 0
2026-07-16 2231 1850 0 0
2026-07-17 2220 1850 0 0
2026-07-18 2219 1850 0 0
2026-07-19 2218 1850 0 0
2026-07-20 2212 1850 0 0
2026-07-21 2217 1850 0 0
2026-07-22 2214 1850 0 0
2026-07-23 2216 1850 0 0
2026-07-24 2211 1850 0 0
2026-07-25 2209 1850 0 0
2026-07-26 2209 1850 0 0
2026-07-27 2224 1850 0 0
2026-07-28 2220 1850 0 0
2026-07-29 2221 1850 0 0
2026-07-30 2224 1850 0 0
2026-07-31 2231 1850 0 0
2026-08-01 2231 1850 0 0
2026-08-02 2231 1850 0 0
2026-08-03 2236 1850 0 0
2026-08-04 2247 1850 0 0
2026-08-05 2260 1850 0 0
2026-08-06 2254 1850 0 0
2026-08-07 2266 1850 0 0
2026-08-08 2268 1850 0 0
2026-08-09 2268 1850 0 0
2026-08-10 2270 1850 0 0
2026-08-11 2263 1850 0 0
2026-08-12 2262 1850 0 0
2026-08-13 2261 1850 0 0
2026-08-15 2275 1850 0 0
2026-08-16 2274 1850 0 0
2026-08-17 2280 1850 0 0
2026-08-18 2283 1850 0 0
2026-08-19 2277 1850 0 0
2026-08-20 2273 1850 0 0
2026-08-21 2281 1850 0 0
2026-08-23 2281 1850 0 0
2026-08-24 2271 1850 0 0
2026-08-25 2276 1850 0 0
2026-08-26 2279 1850 0 0
2026-08-27 2278 1850 0 0
2026-08-28 2282 1850 0 0
2026-08-29 2282 1850 0 0
2026-08-30 2281 1850 0 0
2026-08-31 2287 1850 0 0
2026-09-01 2285 1850.0 0 0
