2026-03-10 3197 1120.969 0 0
2026-03-11 3208 1112.181 -8.788 -0.784
2026-03-12 3185 1123.79 11.609 1.044
2026-03-13 3265 1064.627 -59.163 -5.265
2026-03-14 3265 1060.37 -4.257 -0.4
2026-03-15 3265 1060.37 0 0
2026-03-16 3283 1051.835 -8.535 -0.805
2026-03-17 3332 1013.954 -37.881 -3.601
2026-03-18 3320 1027.793 13.839 1.365
2026-03-19  986.589 -41.204 -4.009
2026-04-02  981.69 -4.899 -0.497
2026-04-09 3361 1003.907 22.217 2.263
2026-04-10 3306 1044.363 40.456 4.03
2026-04-11 3307 1045.525 1.162 0.111
2026-04-12 3307 1045.525 0 0
2026-04-13 3324 1028.876 -16.649 -1.592
2026-04-14 3301 1057.073 28.197 2.741
2026-04-15 3323 1043.96 -13.113 -1.241
2026-04-16 3318 1055.022 11.062 1.06
2026-04-17 3332 1048.832 -6.19 -0.587
2026-04-18 3332 1047.772 -1.06 -0.101
2026-04-19 3332 1047.772 0 0
2026-04-20 3336 1041.969 -5.803 -0.554
2026-04-21 3319 1057.918 15.949 1.531
2026-04-22 3322 1059.371 1.453 0.137
2026-04-23 3360 1014.991 -44.38 -4.189
2026-04-24  994.374 -20.617 -2.031
2026-05-08 3156 1165.443 171.069 17.204
2026-05-09 3154 1165.391 -0.052 -0.004
2026-05-10 3154 1165.391 0 0
2026-05-11 3127 1180.475 15.084 1.294
2026-05-12 3088 1192.947 12.472 1.057
2026-05-13 3051 1214.951 22.004 1.845
2026-05-14 3170 1149.08 -65.871 -5.422
2026-05-15 2977 1261.737 112.657 9.804
2026-05-16 2977 1258.306 -3.431 -0.272
2026-05-17 2977 1258.306 0 0
2026-05-18 2960 1266.815 8.509 0.676
2026-05-19 2982 1251.347 -15.468 -1.221
2026-05-20 3076 1192.37 -58.977 -4.713
2026-05-21 3080 1191.968 -0.402 -0.034
2026-05-22 2890 1313.903 121.935 10.23
2026-05-23 2892 1316.108 2.205 0.168
2026-05-24 2892 1316.108 0 0
2026-05-26 2933 1294.431 -21.677 -1.647
2026-05-27 3129 1166.085 -128.346 -9.915
2026-05-28 3214 1117.485 -48.6 -4.168
2026-05-29 3286 1073.086 -44.399 -3.973
2026-05-31 3286 1074.909 1.823 0.17
2026-06-01 3352 1023.433 -51.476 -4.789
2026-06-02 3334 1034.458 11.025 1.077
2026-06-03 3304 1053.544 19.086 1.845
2026-06-04 3267 1075.427 21.883 2.077
2026-06-05 3190 1112.347 36.92 3.433
2026-06-06 3187 1113.25 0.903 0.081
2026-06-07 3187 1113.25 0 0
2026-06-08 3167 1117.001 3.751 0.337
2026-06-09 3208 1092.121 -24.88 -2.227
2026-06-10 3343 1004.422 -87.699 -8.03
2026-06-11  970.503 -33.919 -3.377
2026-06-16  995.846 25.343 2.611
2026-06-19 3336 1015.419 19.573 1.965
2026-06-20 3336 1015.419 0 0
2026-06-21 3336 1015.419 0 0
2026-07-02 3291 1047.314 31.895 3.141
2026-07-03 3164 1137.75 90.436 8.635
2026-07-04 3164 1137.75 0 0
2026-07-05 3164 1137.75 0 0
2026-07-06 3329 1023.847 -113.903 -10.011
2026-07-07  948.62 -75.227 -7.347
