2026-03-10 741 5581.8 0 0
2026-03-11 753 5488.009 -93.791 -1.68
2026-03-12 752 5462.735 -25.274 -0.461
2026-03-13 767 5378.355 -84.38 -1.545
2026-03-14 766 5368.978 -9.377 -0.174
2026-03-15 766 5368.978 0 0
2026-03-16 767 5368.978 0 0
2026-03-17 765 5397.072 28.094 0.523
2026-03-18 762 5397.072 0 0
2026-03-19 794 5205.172 -191.9 -3.556
2026-03-20 779 5257.871 52.699 1.012
2026-03-21 780 5259.988 2.117 0.04
2026-03-22 780 5259.988 0 0
2026-03-23 777 5259.988 0 0
2026-03-24 773 5269.023 9.035 0.172
2026-03-25 775 5280.586 11.563 0.219
2026-03-27 770 5280.586 0 0
2026-03-28 787 5192.606 -87.98 -1.666
2026-03-29 788 5192.606 0 0
2026-03-30 785 5192.606 0 0
2026-03-31 779 5247.115 54.509 1.05
2026-04-01 784 5244.754 -2.361 -0.045
2026-04-02 797 5201.476 -43.278 -0.825
2026-04-03 795 5200.76 -0.716 -0.014
2026-04-04 795 5200.76 0 0
2026-04-05 795 5200.76 0 0
2026-04-06 796 5200.76 0 0
2026-04-07 800 5194.117 -6.643 -0.128
2026-04-08 803 5194.117 0 0
2026-04-09 793 5254.471 60.354 1.162
2026-04-10 794 5287.141 32.67 0.622
2026-04-11 798 5237.573 -49.568 -0.938
2026-04-12 798 5237.573 0 0
2026-04-13 800 5237.573 0 0
2026-04-14 801 5271.623 34.05 0.65
2026-04-15 812 5256.938 -14.685 -0.279
2026-04-16 808 5287.381 30.443 0.579
2026-04-17 786 5426.755 139.374 2.636
2026-04-18 780 5454.852 28.097 0.518
2026-04-19 780 5454.852 0 0
2026-04-20 782 5454.852 0 0
2026-04-21 778 5484.93 30.078 0.551
2026-04-22 788 5409.357 -75.573 -1.378
2026-04-23 780 5443.495 34.138 0.631
2026-04-24 751 5583.996 140.501 2.581
2026-04-25 835 5089.822 -494.174 -8.85
2026-04-26 835 5089.822 0 0
2026-04-27 841 5089.822 0 0
2026-04-28 842 5051.193 -38.629 -0.759
2026-04-29 844 5060.491 9.298 0.184
2026-04-30 858 4953.878 -106.613 -2.107
2026-05-01 854 4993.16 39.282 0.793
2026-05-02 847 5038.459 45.299 0.907
2026-05-04 850 5038.459 0 0
2026-05-05 853 5012.498 -25.961 -0.515
2026-05-06 857 5012.498 0 0
2026-05-07 870 4945.003 -67.495 -1.347
2026-05-08 872 4931.5 -13.503 -0.273
2026-05-09 888 4860.059 -71.441 -1.449
2026-05-10 888 4860.059 0 0
<<<<<<< HEAD
2026-05-11 889 4860.059 0 0
2026-05-12 894 4813.946 -46.113 -0.949
2026-05-13 894 4793.158 -20.788 -0.432
2026-05-14 894 4781.328 -11.83 -0.247
2026-05-15 888 4809.317 27.989 0.585
2026-05-16 900 4738.66 -70.657 -1.469
2026-05-17 900 4738.66 0 0
2026-05-18 897 4738.66 0 0
2026-05-19 892 4757.136 18.476 0.39
2026-05-20 898 4752.009 -5.127 -0.108
2026-05-21 891 4786.147 34.138 0.718
2026-05-22 895 4786.147 0 0
2026-05-23 893 4803.009 16.862 0.352
2026-05-24 893 4803.009 0 0
2026-05-26 893 4803.009 0 0
2026-05-27 893 4792.073 -10.936 -0.228
2026-05-28 889 4822.592 30.519 0.637
2026-05-29 890 4817.104 -5.488 -0.114
2026-05-31 897 4778.12 -38.984 -0.809
2026-06-01 892 4778.12 0 0
2026-06-02 888 4809.007 30.887 0.646
2026-06-03 885 4775.068 -33.939 -0.706
2026-06-04 917 4617.522 -157.546 -3.299
2026-06-05 910 4608.309 -9.213 -0.2
2026-06-06 912 4601.708 -6.601 -0.143
2026-06-07 912 4601.708 0 0
2026-06-08 910 4601.708 0 0
2026-06-09 910 4617.641 15.933 0.346
2026-06-10 908 4632.235 14.594 0.316
2026-06-11 907 4628.402 -3.833 -0.083
2026-06-12 900 4672.66 44.258 0.956
2026-06-13 885 4740.398 67.738 1.45
2026-06-15 897 4740.398 0 0
2026-06-16 913 4680.111 -60.287 -1.272
2026-06-17 921 4632.461 -47.65 -1.018
2026-06-18 946 4500.316 -132.145 -2.853
2026-06-19 952 4461.229 -39.087 -0.869
2026-06-20 952 4461.229 0 0
2026-06-21 952 4461.229 0 0
2026-06-23 939 4491.862 30.633 0.687
2026-06-24 927 4536.867 45.005 1.002
2026-06-25 926 4542.926 6.059 0.134
2026-06-26 932 4514.327 -28.599 -0.63
2026-06-27 923 4557.368 43.041 0.953
2026-06-28 923 4557.368 0 0
2026-06-29 925 4557.368 0 0
2026-06-30 906 4698.792 141.424 3.103
2026-07-01 910 4689.008 -9.784 -0.208
2026-07-02 918 4635.547 -53.461 -1.14
2026-07-03 923 4624.395 -11.152 -0.241
2026-07-04 923 4624.395 0 0
2026-07-05 923 4624.395 0 0
2026-07-06 923 4624.395 0 0
2026-07-07 939 4557.927 -66.468 -1.437
2026-07-08 928 4563.545 5.618 0.123
2026-07-09 933 4526.844 -36.701 -0.804
2026-07-10 928 4556.173 29.329 0.648
2026-07-11 926 4562.542 6.369 0.14
2026-07-12 926 4562.542 0 0
2026-07-13 919 4562.542 0 0
2026-07-14 914 4627.586 65.044 1.426
2026-07-15 925 4566.222 -61.364 -1.326
2026-07-16 919 4594.25 28.028 0.614
2026-07-17 902 4647.532 53.282 1.16
2026-07-18 912 4583.528 -64.004 -1.377
2026-07-19 912 4583.528 0 0
2026-07-20 910 4583.528 0 0
2026-07-21 930 4517.034 -66.494 -1.451
2026-07-22 926 4513.371 -3.663 -0.081
2026-07-23 928 4501.789 -11.582 -0.257
2026-07-24 951 4365.194 -136.595 -3.034
2026-07-25 948 4368.636 3.442 0.079
2026-07-26 948 4368.636 0 0
2026-07-27 959 4368.636 0 0
2026-07-28 943 4400.586 31.95 0.731
2026-07-29 915 4555.488 154.902 3.52
2026-07-30 905 4599.752 44.264 0.972
2026-07-31 928 4501.011 -98.741 -2.147
2026-08-01 914 4582.515 81.504 1.811
2026-08-02 914 4582.515 0 0
2026-08-03 914 4582.515 0 0
2026-08-04 912 4624.751 42.236 0.922
2026-08-05 912 4663.531 38.78 0.839
2026-08-06 910 4667.214 3.683 0.079
2026-08-07 897 4750.004 82.79 1.774
2026-08-08 892 4774.899 24.895 0.524
2026-08-09 892 4774.899 0 0
2026-08-10 895 4774.899 0 0
2026-08-11 894 4774.899 0 0
2026-08-12 884 4825.305 50.406 1.056
2026-08-13 885 4829.951 4.646 0.096
=======
2026-05-11 890 4860.059 0 0
2026-05-12 887 4860.059 0 0
2026-05-13 892 4813.946 0 0
2026-05-14 890 4793.158 0 0
2026-05-15 895 4781.328 0 0
2026-05-16 888 4809.317 0 0
2026-05-17 900 4738.66 0 0
2026-05-18 898 4738.66 0 0
2026-05-19 895 4738.66 0 0
2026-05-20 892 4757.136 0 0
2026-05-21 898 4752.009 0 0
2026-05-22 895 4786.147 0 0
2026-05-23 895 4786.147 0 0
2026-05-24 893 4803.009 0 0
2026-05-25 893 4803.009 0 0
2026-05-26 893 4803.009 0 0
2026-05-27 893 4803.009 0 0
2026-05-28 891 4792.073 0 0
2026-05-29 887 4822.592 0 0
2026-05-30 890 4817.104 0 0
2026-05-31 897 4778.12 0 0
2026-06-01 896 4778.12 0 0
2026-06-02 892 4778.12 0 0
2026-06-03 890 4809.007 0 0
2026-06-04 885 4775.068 0 0
2026-06-05 916 4617.522 0 0
2026-06-06 910 4608.309 0 0
2026-06-07 912 4601.708 0 0
2026-06-09 911 4601.708 0 0
2026-06-10 909 4617.641 0 0
2026-06-11 907 4632.235 0 0
2026-06-12 912 4628.402 0 0
2026-06-13 900 4672.66 0 0
2026-06-14 885 4740.398 0 0
2026-06-16 898 4740.398 0 0
2026-06-17 914 4680.111 0 0
2026-06-18 920 4632.461 0 0
2026-06-19 945 4500.316 0 0
2026-06-20 952 4461.229 0 0
2026-06-21 952 4461.229 0 0
2026-06-22 952 4461.229 0 0
2026-06-23 947 4461.229 0 0
2026-06-24 936 4491.862 0 0
2026-06-25 927 4536.867 0 0
2026-06-26 926 4542.926 0 0
2026-06-27 932 4514.327 0 0
2026-06-28 923 4557.368 0 0
2026-06-29 921 4557.368 0 0
2026-06-30 928 4557.368 0 0
2026-07-01 909 4698.792 0 0
2026-07-02 912 4689.008 0 0
2026-07-03 917 4635.547 0 0
2026-07-04 923 4624.395 0 0
2026-07-05 923 4624.395 0 0
2026-07-06 923 4624.395 0 0
2026-07-07 926 4624.395 0 0
2026-07-08 939 4557.927 0 0
2026-07-09 927 4563.545 0 0
2026-07-10 934 4526.844 0 0
2026-07-11 928 4556.173 0 0
2026-07-12 926 4562.542 0 0
2026-07-13 918 4562.542 0 0
2026-07-14 920 4562.542 0 0
2026-07-15 915 4627.586 0 0
2026-07-16 925 4566.222 0 0
2026-07-17 914 4594.25 0 0
2026-07-18 902 4647.532 0 0
2026-07-19 912 4583.528 0 0
2026-07-20 909 4583.528 0 0
2026-07-21 911 4583.528 0 0
2026-07-22 931 4517.034 0 0
2026-07-23 924 4513.371 0 0
2026-07-24 927 4501.789 0 0
2026-07-25 951 4365.194 0 0
2026-07-26 948 4368.636 0 0
2026-07-27 948 4368.636 0 0
2026-07-28 952 4368.636 0 0
2026-07-29 943 4400.586 0 0
2026-07-30 914 4555.488 0 0
2026-07-31 912 4599.752 0 0
2026-08-01 928 4501.011 0 0
2026-08-02 914 4582.515 0 0
2026-08-03 914 4582.515 0 0
2026-08-04 914 4582.515 0 0
2026-08-05 914 4624.751 0 0
2026-08-06 912 4663.531 0 0
2026-08-07 912 4667.214 0 0
2026-08-08 897 4750.004 0 0
2026-08-09 892 4774.899 0 0
2026-08-10 892 4774.899 0 0
2026-08-11 893 4774.899 0 0
2026-08-12 893 4774.899 0 0
2026-08-13 887 4825.305 0 0
2026-08-14 886 4829.951 0 0
>>>>>>> 2b550085baac25c543016ca743053a87bf115d5d
2026-08-15 872 4922.671 0 0
2026-08-16 871 4936.388 0 0
2026-08-17 870 4936.388 0 0
