2026-03-10 2744 1399.238 0 0
2026-03-11 2759 1399.276 0.038 0.003
2026-03-12 2750 1399.238 -0.038 -0.003
2026-03-13 2734 1399.428 0.19 0.014
2026-03-14 2725 1399.238 -0.19 -0.014
2026-03-15 2726 1399.238 0 0
2026-03-16 2733 1399.238 0 0
2026-03-17 2725 1399.2 -0.038 -0.003
2026-03-18 2726 1399.2 0 0
2026-03-19 2716 1399.2 0 0
2026-03-20 2700 1399.124 -0.076 -0.005
2026-03-21 2699 1399.2 0.076 0.005
2026-03-22 2699 1399.2 0 0
2026-03-23 2673 1399.2 0 0
2026-03-24 2678 1399.2 0 0
2026-03-25 2697 1399.2 0 0
2026-03-27 2688 1399.2 0 0
2026-03-28 2686 1399.314 0.114 0.008
2026-03-29 2686 1399.314 0 0
2026-03-30 2678 1399.314 0 0
2026-03-31 2669 1399.2 -0.114 -0.008
2026-04-01 2699 1399.162 -0.038 -0.003
2026-04-02 2695 1399.314 0.152 0.011
2026-04-03 2695 1399.2 -0.114 -0.008
2026-04-04 2695 1399.2 0 0
2026-04-05 2695 1399.2 0 0
2026-04-06 2697 1399.2 0 0
2026-04-07 2700 1399.2 0 0
2026-04-08 2732 1399.2 0 0
2026-04-09 2733 1399.2 0 0
2026-04-10 2745 1399.314 0.114 0.008
2026-04-11 2746 1399.162 -0.152 -0.011
2026-04-12 2746 1399.162 0 0
2026-04-13 2750 1399.162 0 0
2026-04-14 2752 1399.2 0.038 0.003
2026-04-15 2765 1399.162 -0.038 -0.003
2026-04-16 2772 1399.238 0.076 0.005
2026-04-17 2784 1399.238 0 0
2026-04-18 2784 1399.238 0 0
2026-04-19 2784 1399.238 0 0
2026-04-20 2781 1399.238 0 0
2026-04-21 2781 1399.162 -0.076 -0.005
2026-04-22 2779 1399.2 0.038 0.003
2026-04-23 2769 1399.2 0 0
2026-04-24 2762 1399.2 0 0
2026-04-25 2758 1399.2 0 0
2026-04-26 2758 1399.2 0 0
2026-04-27 2766 1399.2 0 0
2026-04-28 2767 1399.238 0.038 0.003
2026-04-29 2765 1399.238 0 0
2026-04-30 2770 1399.2 -0.038 -0.003
2026-05-01 2775 1399.314 0.114 0.008
2026-05-02 2775 1399.314 0 0
2026-05-04 2769 1399.314 0 0
2026-05-05 2777 1399.314 0 0
2026-05-06 2785 1399.314 0 0
2026-05-07 2807 1399.314 0 0
2026-05-08 2810 1399.352 0.038 0.003
2026-05-09 2811 1399.352 0 0
2026-05-10 2811 1399.352 0 0
2026-05-11 2808 1399.352 0 0
2026-05-12 2797 1399.352 0 0
2026-05-13 2795 1399.2 -0.152 -0.011
2026-05-14 2790 1399.238 0.038 0.003
2026-05-15 2778 1399.314 0.076 0.005
2026-05-16 2771 1399.39 0.076 0.005
2026-05-17 2771 1399.39 0 0
2026-05-18 2761 1399.39 0 0
2026-05-19 2765 1399.238 -0.152 -0.011
2026-05-20 2760 1399.39 0.152 0.011
2026-05-21 2759 1399.352 -0.038 -0.003
2026-05-22 2775 1399.352 0 0
2026-05-23 2771 1399.39 0.038 0.003
2026-05-24 2771 1399.39 0 0
2026-05-26 2768 1399.39 0 0
2026-05-27 2765 1399.352 -0.038 -0.003
2026-05-28 2770 1399.352 0 0
2026-05-29 2768 1399.238 -0.114 -0.008
2026-05-31 2772 1399.352 0.114 0.008
2026-06-01 2776 1399.352 0 0
2026-06-02 2766 1399.39 0.038 0.003
2026-06-03 2766 1399.352 -0.038 -0.003
2026-06-04 2754 1399.314 -0.038 -0.003
2026-06-05 2748 1399.352 0.038 0.003
2026-06-06 2749 1399.352 0 0
2026-06-07 2749 1399.352 0 0
2026-06-08 2724 1399.352 0 0
2026-06-09 2736 1399.39 0.038 0.003
2026-06-10 2734 1399.39 0 0
2026-06-11 2730 1399.314 -0.076 -0.005
2026-06-12 2741 1399.352 0.038 0.003
2026-06-13 2748 1399.314 -0.038 -0.003
2026-06-15 2764 1399.314 0 0
2026-06-16 2766 1399.352 0.038 0.003
2026-06-17 2759 1399.314 -0.038 -0.003
2026-06-18 2762 1399.428 0.114 0.008
2026-06-19 2761 1399.352 -0.076 -0.005
2026-06-20 2761 1399.352 0 0
2026-06-21 2761 1399.352 0 0
2026-06-23 2750 1399.352 0 0
2026-06-24 2751 1399.352 0 0
2026-06-25 2751 1399.352 0 0
2026-06-26 2756 1399.352 0 0
2026-06-27 2757 1399.352 0 0
2026-06-28 2757 1399.352 0 0
2026-06-29 2754 1399.352 0 0
2026-06-30 2758 1399.39 0.038 0.003
2026-07-01 2770 1399.352 -0.038 -0.003
2026-07-02 2765 1399.276 -0.076 -0.005
2026-07-03 2765 1399.352 0.076 0.005
2026-07-04 2765 1399.352 0 0
2026-07-05 2765 1399.352 0 0
2026-07-06 2769 1399.352 0 0
2026-07-07 2758 1399.39 0.038 0.003
2026-07-08 2748 1399.352 -0.038 -0.003
2026-07-09 2756 1399.352 0 0
2026-07-10 2758 1399.352 0 0
2026-07-11 2761 1399.352 0 0
2026-07-12 2761 1399.352 0 0
2026-07-13 2752 1399.352 0 0
2026-07-14 2756 1399.352 0 0
2026-07-15 2764 1399.352 0 0
2026-07-16 2765 1399.352 0 0
2026-07-17 2746 1399.352 0 0
2026-07-18 2743 1399.314 -0.038 -0.003
2026-07-19 2742 1399.314 0 0
2026-07-20 2736 1399.314 0 0
2026-07-21 2751 1399.352 0.038 0.003
2026-07-22 2741 1399.352 0 0
2026-07-23 2737 1399.352 0 0
2026-07-24 2732 1399.352 0 0
2026-07-25 2733 1399.352 0 0
2026-07-26 2733 1399.352 0 0
2026-07-27 2747 1399.352 0 0
2026-07-28 2740 1399.352 0 0
2026-07-29 2743 1399.352 0 0
2026-07-30 2736 1399.352 0 0
2026-07-31 2752 1399.352 0 0
2026-08-01 2752 1399.352 0 0
2026-08-02 2752 1399.352 0 0
2026-08-03 2756 1399.352 0 0
2026-08-04 2775 1399.276 -0.076 -0.005
2026-08-05 2780 1399.352 0.076 0.005
2026-08-06 2779 1399.352 0 0
2026-08-07 2788 1399.352 0 0
2026-08-08 2789 1399.39 0.038 0.003
2026-08-09 2789 1399.39 0 0
2026-08-10 2796 1399.39 0 0
2026-08-11 2792 1399.39 0 0
2026-08-12 2793 1399.352 -0.038 -0.003
2026-08-13 2795 1399.352 0 0
2026-08-15 2798 1399.39 0.038 0.003
2026-08-16 2798 1399.39 0 0
2026-08-17 2798 1399.39 0 0
2026-08-18 2793 1399.352 -0.038 -0.003
2026-08-19 2791 1399.39 0.038 0.003
2026-08-20 2805 1399.352 -0.038 -0.003
2026-08-21 2804 1399.352 0 0
2026-08-23 2807 1399.314 -0.038 -0.003
2026-08-24 2802 1399.314 0 0
2026-08-25 2803 1399.314 0 0
2026-08-26 2809 1399.352 0.038 0.003
2026-08-27 2812 1399.276 -0.076 -0.005
2026-08-28 2809 1399.352 0.076 0.005
2026-08-29 2806 1399.39 0.038 0.003
2026-08-30 2806 1399.39 0 0
2026-08-31 2809 1399.39 0 0
2026-09-01 2810 1399.39 0 0
2026-09-02 2794 1399.314 0 0
2026-09-03 2800 1399.352 0 0
2026-09-04 2803 1399.276 0 0
2026-09-05 2804 1399.352 0 0
