2026-02-26 2551 1489.875 0 0
2026-02-27 2550 1495.675 5.8 0.389
2026-02-28 2550 1495.675 0 0
2026-03-01 2549 1495.675 0 0
2026-03-02 2400 1639.512 143.837 9.617
2026-03-03 2520 1500.265 -139.247 -8.493
2026-03-04 2571 1434.239 -66.026 -4.401
2026-03-05 2525 1495.009 60.77 4.237
2026-03-06 2549 1466.433 -28.576 -1.911
2026-03-07 2548 1467.566 1.133 0.077
2026-03-08 2548 1467.566 0 0
2026-03-09 2700 1325.928 -141.638 -9.651
2026-03-10 2688 1440.535 114.607 8.644
2026-03-11 2512 1585.887 145.352 10.09
2026-03-12 2492 1593.366 7.479 0.472
2026-03-13 2445 1620.601 27.235 1.709
2026-03-14 2443 1615.509 -5.092 -0.314
2026-03-15 2443 1615.509 0 0
2026-03-16 2555 1532.331 -83.178 -5.149
2026-03-17 2539 1549.468 17.137 1.118
2026-03-18 2415 1648.009 98.541 6.36
2026-03-19 2372 1690.942 42.933 2.605
2026-03-20 2378 1673.243 -17.699 -1.047
2026-03-21 2377 1670.708 -2.535 -0.152
2026-03-22 2377 1670.708 0 0
2026-03-23 2425 1603.207 -67.501 -4.04
2026-03-24 2497 1553.396 -49.811 -3.107
2026-03-25 2342 1710.032 156.636 10.083
2026-03-27 2348 1699.66 -10.372 -0.607
2026-03-28 2325 1708.961 9.301 0.547
2026-03-29 2325 1708.961 0 0
2026-03-30 2309 1719.389 10.428 0.61
2026-03-31 2497 1544.884 -174.505 -10.149
2026-04-01 2347 1699.404 154.52 10.002
2026-04-02 2426 1622.432 -76.972 -4.529
2026-04-03 2420 1620.226 -2.206 -0.136
2026-04-04 2420 1620.226 0 0
2026-04-05 2420 1620.226 0 0
2026-04-06 2422 1620.226 0 0
2026-04-07 2395 1656.606 36.38 2.245
2026-04-08 2242 1817.715 161.109 9.725
2026-04-09 2113 1952.966 135.251 7.441
2026-04-10 2179 1894.797 -58.169 -2.978
2026-04-11 2180 1895.454 0.657 0.035
2026-04-12 2180 1895.454 0 0
2026-04-13 2089 1995.006 99.552 5.252
2026-04-14 2142 1947.199 -47.807 -2.396
2026-04-15 1956 2145.297 198.098 10.173
2026-04-16 1930 2180.504 35.207 1.641
2026-04-17 1752 2404.034 223.53 10.251
2026-04-18 1753 2399.923 -4.111 -0.171
2026-04-19 1753 2399.923 0 0
2026-04-20 1943 2184.026 -215.897 -8.996
2026-04-21 1954 2164.002 -20.024 -0.917
2026-04-22 1948 2171.041 7.039 0.325
2026-04-23 2012 2072.708 -98.333 -4.529
2026-04-24 2030 2049.224 -23.484 -1.133
2026-04-25 2024 2053.88 4.656 0.227
2026-04-26 2025 2053.88 0 0
2026-04-27 2018 2059.163 5.283 0.257
2026-04-28 1885 2211.907 152.744 7.418
2026-04-29 1906 2193.807 -18.1 -0.818
2026-04-30 1846 2257.997 64.19 2.926
2026-05-01 1854 2249.98 -8.017 -0.355
2026-05-02 1854 2249.98 0 0
2026-05-04 1765 2370.676 120.696 5.364
2026-05-05 1686 2491.551 120.875 5.099
2026-05-06 1691 2491.551 0 0
2026-05-07 1700 2482.41 -9.141 -0.367
2026-05-08 1775 2388.077 -94.333 -3.8
2026-05-09 1773 2387.925 -0.152 -0.006
2026-05-10 1773 2387.925 0 0
<<<<<<< HEAD
2026-05-11 1678 2525.662 137.737 5.768
2026-05-12 1625 2610.465 84.803 3.358
2026-05-13 1656 2560.857 -49.608 -1.9
2026-05-14 1759 2408.469 -152.388 -5.951
2026-05-15 1764 2388.703 -19.766 -0.821
2026-05-16 1762 2387.188 -1.515 -0.063
2026-05-17 1762 2387.188 0 0
2026-05-18 1792 2329.189 -57.999 -2.43
2026-05-19 1911 2190.054 -139.135 -5.974
2026-05-20 1913 2193.709 3.655 0.167
2026-05-21 1916 2193.12 -0.589 -0.027
2026-05-22 1746 2408.36 215.24 9.814
2026-05-23 1739 2421.818 13.458 0.559
2026-05-24 1739 2421.818 0 0
2026-05-26 1578 2664.656 242.838 10.027
2026-05-27 1509 2802.104 137.448 5.158
2026-05-28 1538 2748.161 -53.943 -1.925
2026-05-29 1560 2692.826 -55.335 -2.014
2026-05-31 1557 2700.39 7.564 0.281
2026-06-01 1536 2764.084 63.694 2.359
2026-06-02 1632 2590.802 -173.282 -6.269
2026-06-03 1557 2713.374 122.572 4.731
2026-06-04 1505 2798.195 84.821 3.126
2026-06-05 1532 2736.064 -62.131 -2.22
2026-06-06 1532 2731.246 -4.818 -0.176
2026-06-07 1532 2731.246 0 0
2026-06-08 1586 2609.918 -121.328 -4.442
2026-06-09 1629 2539.405 -70.513 -2.702
2026-06-10 1740 2348.477 -190.928 -7.519
2026-06-11 1764 2323.447 -25.03 -1.066
2026-06-12 1706 2435.07 111.623 4.804
2026-06-13 1712 2438.651 3.581 0.147
2026-06-15 1737 2407.1 -31.551 -1.294
2026-06-16 1690 2476.114 69.014 2.867
2026-06-17 1753 2373.97 -102.144 -4.125
2026-06-18 1704 2458.431 84.461 3.558
2026-06-19 1696 2459.989 1.558 0.063
2026-06-20 1696 2459.989 0 0
2026-06-21 1696 2459.989 0 0
2026-06-23 1720 2407.367 -52.622 -2.139
2026-06-24 1791 2293.372 -113.995 -4.735
2026-06-25 1775 2310.215 16.843 0.734
2026-06-26 1910 2149.271 -160.944 -6.967
2026-06-27 1912 2144.995 -4.276 -0.199
2026-06-28 1912 2144.995 0 0
2026-06-29 1888 2191.88 46.885 2.186
2026-06-30 1815 2276.728 84.848 3.871
2026-07-01 1734 2394.412 117.684 5.169
2026-07-02 1781 2330.207 -64.205 -2.681
2026-07-03 1750 2382.76 52.553 2.255
2026-07-04 1750 2382.76 0 0
2026-07-05 1750 2382.76 0 0
2026-07-06 1804 2294.27 -88.49 -3.714
2026-07-07 2002 2063.208 -231.062 -10.071
2026-07-08 2121 1942.547 -120.661 -5.848
2026-07-09 2157 1909.595 -32.952 -1.696
2026-07-10 2173 1903.814 -5.781 -0.303
2026-07-11 2173 1903.814 0 0
2026-07-12 2173 1903.814 0 0
2026-07-13 2130 1934.791 30.977 1.627
2026-07-14 2166 1905.737 -29.054 -1.502
2026-07-15 2080 1992.602 86.865 4.558
2026-07-16 1989 2080.511 87.909 4.412
2026-07-17 2136 1930.385 -150.126 -7.216
2026-07-18 2136 1925.107 -5.278 -0.273
2026-07-19 2135 1925.107 0 0
2026-07-20 2140 1909.696 -15.411 -0.801
2026-07-21 1956 2101.215 191.519 10.029
2026-07-22 1865 2203.826 102.611 4.883
2026-07-23 1837 2239.325 35.499 1.611
2026-07-24 1888 2164.717 -74.608 -3.332
2026-07-25 1894 2155.978 -8.739 -0.404
2026-07-26 1894 2155.978 0 0
2026-07-27 1891 2176.474 20.496 0.951
2026-07-28 2018 2022.759 -153.715 -7.063
2026-07-29 2154 1905.869 -116.89 -5.779
2026-07-30 2064 1986.229 80.36 4.216
2026-07-31 1906 2174.899 188.67 9.499
2026-08-01 1894 2185.229 10.33 0.475
2026-08-02 1894 2185.229 0 0
2026-08-03 2023 2041.178 -144.051 -6.592
2026-08-04 2096 1996.825 -44.353 -2.173
2026-08-05 2152 1953.822 -43.003 -2.154
2026-08-06 2021 2057.567 103.745 5.31
2026-08-07 1980 2118.743 61.176 2.973
2026-08-08 1991 2112.288 -6.455 -0.305
2026-08-09 1991 2112.288 0 0
2026-08-10 1989 2112.288 0 0
2026-08-11 1944 2163.713 51.425 2.435
2026-08-12 1830 2285.24 121.527 5.617
2026-08-13 1754 2397.952 112.712 4.932
=======
2026-05-11 1661 2557.448 0 0
2026-05-12 1621 2626.317 0 0
2026-05-13 1665 2541.596 0 0
2026-05-14 1715 2455.419 0 0
2026-05-15 1786 2371.558 0 0
2026-05-16 1764 2388.703 0 0
2026-05-17 1762 2387.188 0 0
2026-05-18 1821 2292.282 0 0
2026-05-19 1919 2176.285 0 0
2026-05-20 1911 2190.054 0 0
2026-05-21 1743 2409.007 0 0
2026-05-22 1729 2424.109 0 0
2026-05-23 1746 2408.36 0 0
2026-05-24 1739 2421.818 0 0
2026-05-25 1626 2590.749 0 0
2026-05-26 1567 2685.772 0 0
2026-05-27 1500 2817.749 0 0
2026-05-28 1540 2743.921 0 0
2026-05-29 1589 2647.507 0 0
2026-05-30 1560 2692.826 0 0
2026-05-31 1557 2700.39 0 0
2026-06-01 1522 2790.623 0 0
2026-06-02 1628 2588.926 0 0
2026-06-03 1569 2696.818 0 0
2026-06-04 1499 2813.721 0 0
2026-06-05 1535 2750.567 0 0
2026-06-06 1532 2736.064 0 0
2026-06-07 1532 2731.246 0 0
2026-06-09 1614 2562.441 0 0
2026-06-10 1716 2397.38 0 0
2026-06-11 1808 2264.37 0 0
2026-06-12 1696 2433.648 0 0
2026-06-13 1706 2435.07 0 0
2026-06-14 1712 2438.651 0 0
2026-06-16 1710 2449.168 0 0
2026-06-17 1762 2365.422 0 0
2026-06-18 1695 2468.769 0 0
2026-06-19 1702 2458.431 0 0
2026-06-20 1696 2459.989 0 0
2026-06-21 1696 2459.989 0 0
2026-06-22 1682 2470.53 0 0
2026-06-23 1698 2449.448 0 0
2026-06-24 1808 2281.15 0 0
2026-06-25 1799 2288.122 0 0
2026-06-26 1896 2153.327 0 0
2026-06-27 1910 2149.271 0 0
2026-06-28 1912 2144.995 0 0
2026-06-29 1908 2160.623 0 0
2026-06-30 1780 2322.114 0 0
2026-07-01 1712 2433.111 0 0
2026-07-02 1771 2331.78 0 0
2026-07-03 1746 2371.934 0 0
2026-07-04 1750 2382.76 0 0
2026-07-05 1750 2382.76 0 0
2026-07-06 1809 2289.065 0 0
2026-07-07 2001 2070.443 0 0
2026-07-08 2170 1907.595 0 0
2026-07-09 2153 1901.19 0 0
2026-07-10 2172 1909.595 0 0
2026-07-11 2173 1903.814 0 0
2026-07-12 2173 1903.814 0 0
2026-07-13 2102 1965.767 0 0
2026-07-14 2241 1831.535 0 0
2026-07-15 2100 1967.753 0 0
2026-07-16 2015 2044.256 0 0
2026-07-17 2095 1966.867 0 0
2026-07-18 2136 1930.385 0 0
2026-07-19 2136 1925.107 0 0
2026-07-20 2147 1909.696 0 0
2026-07-21 1980 2058.667 0 0
2026-07-22 1828 2260.961 0 0
2026-07-23 1855 2224.338 0 0
2026-07-24 1855 2218.77 0 0
2026-07-25 1888 2164.717 0 0
2026-07-26 1894 2155.978 0 0
2026-07-27 1919 2135.482 0 0
2026-07-28 1976 2084.241 0 0
2026-07-29 2162 1904.305 0 0
2026-07-30 1986 2064.795 0 0
2026-07-31 1950 2119.754 0 0
2026-08-01 1906 2174.899 0 0
2026-08-02 1894 2185.229 0 0
2026-08-03 1992 2077.191 0 0
2026-08-04 2048 2020.6 0 0
2026-08-05 2058 2017.318 0 0
2026-08-06 2082 2005.002 0 0
2026-08-07 1928 2165.655 0 0
2026-08-08 1980 2118.743 0 0
2026-08-09 1991 2112.288 0 0
2026-08-10 1964 2138.0 0 0
2026-08-11 2008 2091.719 0 0
2026-08-12 1816 2302.558 0 0
2026-08-13 1721 2450.032 0 0
2026-08-14 1735 2423.75 0 0
>>>>>>> 2b550085baac25c543016ca743053a87bf115d5d
2026-08-15 1746 2402.724 0 0
2026-08-16 1744 2413.982 0 0
2026-08-17 1744 2413.982 0 0
