<<<<<<< HEAD
2026-05-14 639 6446.317 0 0
2026-05-15 643 6368.322 -77.995 -1.21
2026-05-16 649 6351.009 -17.313 -0.272
2026-05-17 649 6351.009 0 0
2026-05-18 661 6245.622 -105.387 -1.659
2026-05-19 696 5966.324 -279.298 -4.472
2026-05-20 672 6122.292 155.968 2.614
2026-05-21 674 6120.223 -2.069 -0.034
2026-05-22 652 6315.772 195.549 3.195
2026-05-23 654 6326.368 10.596 0.168
2026-05-24 654 6326.368 0 0
2026-05-26 529 7297.732 971.364 15.354
2026-05-27 536 7253.537 -44.195 -0.606
2026-05-28 512 7503.283 249.746 3.443
2026-05-29 527 7380.794 -122.489 -1.632
2026-05-31 528 7393.334 12.54 0.17
2026-06-01 550 7114.806 -278.528 -3.767
2026-06-02 489 7821.383 706.577 9.931
2026-06-03 444 8193.888 372.505 4.763
2026-06-04 458 8114.987 -78.901 -0.963
2026-06-05 482 7818.903 -296.084 -3.649
2026-06-06 481 7825.254 6.351 0.081
2026-06-07 481 7825.254 0 0
2026-06-08 505 7584.775 -240.479 -3.073
2026-06-09 440 8203.026 618.251 8.151
2026-06-10 452 8082.133 -120.893 -1.474
2026-06-11 496 7696.239 -385.894 -4.775
2026-06-12 527 7410.721 -285.518 -3.71
2026-06-13 528 7428.367 17.646 0.238
2026-06-15 474 7927.194 498.827 6.715
2026-06-16 457 8056.942 129.748 1.637
2026-06-17 449 8186.826 129.884 1.612
2026-06-18 420 8533.723 346.897 4.237
2026-06-19 421 8527.287 -6.436 -0.075
2026-06-20 421 8527.287 0 0
2026-06-21 421 8527.287 0 0
2026-06-23 445 8078.23 -449.057 -5.266
2026-06-24 443 8113.925 35.695 0.442
2026-06-25 402 8896.705 782.78 9.647
2026-06-26 432 8254.859 -641.846 -7.214
2026-06-27 432 8253.403 -1.456 -0.018
2026-06-28 432 8253.403 0 0
2026-06-29 442 8121.652 -131.751 -1.596
2026-06-30 404 8860.585 738.933 9.098
2026-07-01 426 8411.409 -449.176 -5.069
2026-07-02 523 7430.105 -981.304 -11.666
2026-07-03 503 7686.033 255.928 3.444
2026-07-04 503 7686.033 0 0
2026-07-05 503 7686.033 0 0
2026-07-06 536 7406.955 -279.078 -3.631
2026-07-07 526 7447.249 40.294 0.544
2026-07-08 523 7454.754 7.505 0.101
2026-07-09 468 7955.802 501.048 6.721
2026-07-10 505 7635.077 -320.725 -4.031
2026-07-11 504 7652.085 17.008 0.223
2026-07-12 504 7652.085 0 0
2026-07-13 520 7497.831 -154.254 -2.016
2026-07-14 437 8317.618 819.787 10.934
2026-07-15 448 8134.815 -182.803 -2.198
2026-07-16 469 7946.723 -188.092 -2.312
2026-07-17 559 7075.919 -870.804 -10.958
2026-07-18 558 7066.313 -9.606 -0.136
2026-07-19 558 7066.313 0 0
2026-07-20 526 7462.929 396.616 5.613
2026-07-21 448 8086.561 623.632 8.356
2026-07-22 524 7456.933 -629.628 -7.786
2026-07-23 538 7280.421 -176.512 -2.367
2026-07-24 560 6972.677 -307.744 -4.227
2026-07-25 561 6968.971 -3.706 -0.053
2026-07-26 561 6968.971 0 0
2026-07-27 549 7188.14 219.169 3.145
2026-07-28 683 5963.592 -1224.548 -17.036
2026-07-29 657 6173.201 209.609 3.515
2026-07-30 755 5440.579 -732.622 -11.868
2026-07-31 703 5813.469 372.89 6.854
2026-08-01 701 5821.223 7.754 0.133
2026-08-02 701 5821.223 0 0
2026-08-03 714 5792.874 -28.349 -0.487
2026-08-04 609 6578.245 785.371 13.558
2026-08-05 660 6231.679 -346.566 -5.268
2026-08-06 660 6199.228 -32.451 -0.521
2026-08-07 662 6184.619 -14.609 -0.236
2026-08-08 664 6186.085 1.466 0.024
2026-08-09 664 6186.085 0 0
2026-08-10 709 5872.562 -313.523 -5.068
2026-08-11 671 6103.116 230.554 3.926
2026-08-12 644 6295.723 192.607 3.156
2026-08-13 641 6321.262 25.539 0.406
=======
2026-05-15 629 6527.114 0 0
2026-05-16 643 6368.322 0 0
2026-05-17 649 6351.009 0 0
2026-05-18 661 6231.578 0 0
2026-05-19 697 5924.158 0 0
2026-05-20 686 6022.558 0 0
2026-05-21 672 6132.281 0 0
2026-05-22 672 6131.977 0 0
2026-05-23 652 6315.772 0 0
2026-05-24 654 6326.368 0 0
2026-05-25 592 6701.765 0 0
2026-05-26 544 7141.447 0 0
2026-05-27 535 7245.845 0 0
2026-05-28 514 7496.981 0 0
2026-05-29 513 7504.953 0 0
2026-05-30 527 7380.794 0 0
2026-05-31 528 7393.334 0 0
2026-06-01 540 7220.444 0 0
2026-06-02 490 7779.696 0 0
2026-06-03 426 8520.407 0 0
2026-06-04 457 8086.58 0 0
2026-06-05 445 8217.004 0 0
2026-06-06 482 7818.903 0 0
2026-06-07 481 7825.254 0 0
2026-06-09 456 8055.278 0 0
2026-06-10 440 8183.201 0 0
2026-06-11 738 5546.419 0 0
2026-06-12 529 7392.954 0 0
2026-06-13 527 7410.721 0 0
2026-06-14 528 7428.367 0 0
2026-06-16 454 8092.834 0 0
2026-06-17 458 8042.274 0 0
2026-06-18 425 8462.124 0 0
2026-06-19 420 8533.723 0 0
2026-06-20 421 8527.287 0 0
2026-06-21 421 8527.287 0 0
2026-06-22 431 8319.742 0 0
2026-06-23 435 8241.766 0 0
2026-06-24 446 8122.109 0 0
2026-06-25 406 8764.524 0 0
2026-06-26 437 8137.244 0 0
2026-06-27 432 8254.859 0 0
2026-06-28 432 8253.403 0 0
2026-06-29 475 7821.279 0 0
2026-06-30 400 8879.217 0 0
2026-07-01 418 8574.183 0 0
2026-07-02 496 7702.112 0 0
2026-07-03 475 7906.136 0 0
2026-07-04 503 7686.033 0 0
2026-07-05 503 7686.033 0 0
2026-07-06 504 7646.457 0 0
2026-07-07 542 7306.627 0 0
2026-07-08 499 7706.675 0 0
2026-07-09 517 7490.194 0 0
2026-07-10 449 8097.192 0 0
2026-07-11 505 7635.077 0 0
2026-07-12 504 7652.085 0 0
2026-07-13 502 7660.273 0 0
2026-07-14 472 7933.544 0 0
2026-07-15 434 8363.509 0 0
2026-07-16 459 8026.605 0 0
2026-07-17 538 7320.24 0 0
2026-07-18 559 7075.919 0 0
2026-07-19 558 7066.313 0 0
2026-07-20 517 7492.47 0 0
2026-07-21 511 7529.617 0 0
2026-07-22 487 7768.854 0 0
2026-07-23 540 7269.449 0 0
2026-07-24 544 7158.984 0 0
2026-07-25 560 6972.677 0 0
2026-07-26 561 6968.971 0 0
2026-07-27 557 7019.155 0 0
2026-07-28 634 6374.524 0 0
2026-07-29 666 6080.9 0 0
2026-07-30 758 5433.595 0 0
2026-07-31 682 5981.262 0 0
2026-08-01 703 5813.469 0 0
2026-08-02 701 5821.223 0 0
2026-08-03 698 5861.763 0 0
2026-08-04 648 6325.183 0 0
2026-08-05 684 6017.565 0 0
2026-08-06 648 6351.879 0 0
2026-08-07 610 6519.488 0 0
2026-08-08 662 6184.619 0 0
2026-08-09 664 6186.085 0 0
2026-08-10 706 5902.226 0 0
2026-08-11 699 5953.035 0 0
2026-08-12 644 6319.131 0 0
2026-08-13 632 6460.865 0 0
2026-08-14 634 6390.469 0 0
>>>>>>> 2b550085baac25c543016ca743053a87bf115d5d
2026-08-15 600 6588.393 0 0
2026-08-16 601 6591.422 0 0
2026-08-17 601 6591.422 0 0
2026-08-18 579 6864.849 0 0
2026-08-19 593 6655.985 0 0
2026-08-20 667 6053.142 0 0
2026-08-21 667 6094.613 0 0
2026-08-22 628 6519.546 0 0
2026-08-23 629 6522.844 0 0
2026-08-24 629 6522.844 0 0
2026-08-25 670 6080.421 0 0
2026-08-26 699 5913.555 0 0
