2026-08-18 2441 1700.697 0 0
2026-08-19 2360 1763.759 63.062 3.708
2026-08-20 2365 1762.675 -1.084 -0.061
2026-08-21 2338 1796.563 33.888 1.923
2026-08-23 2340 1796.563 0 0
2026-08-24 2353 1776.249 -20.314 -1.131
2026-08-25 2312 1818.621 42.372 2.385
2026-08-26 2307 1826.822 8.201 0.451
2026-08-27 2308 1828 1.178 0.064
2026-08-28 2364 1769.368 -58.632 -3.207
2026-08-29 2366 1769.368 0 0
2026-08-30 2366 1769.368 0 0
2026-08-31 2406 1749.101 -20.267 -1.145
2026-09-01 2406 1749.101 0 0
2026-09-02 2397 1743.446 0 0
2026-09-03 2363 1764.207 0 0
2026-09-04 2366 1776.014 0 0
