2026-02-24 3035 1112.952 0 0
2026-02-25 3036 1112.952 0 0
2026-02-26 3035 1112.952 0 0
2026-02-27 3041 1112.952 0 0
2026-02-28 3042 1112.952 0 0
2026-03-01 3036 1112.952 0 0
2026-03-02 2893 1221.673 108.721 9.769
2026-03-03 2863 1221.673 0 0
2026-03-04 2841 1221.673 0 0
2026-03-05 2848 1221.673 0 0
2026-03-06 2853 1221.673 0 0
2026-03-07 2853 1221.673 0 0
2026-03-08 2853 1221.673 0 0
2026-03-09 2837 1221.673 0 0
2026-03-10 3031 1221.673 0 0
2026-03-11 3042 1221.673 0 0
2026-03-12 3015 1221.673 0 0
2026-03-13 2999 1221.673 0 0
2026-03-14 2987 1221.673 0 0
2026-03-15 2987 1221.673 0 0
2026-03-16 2990 1221.673 0 0
2026-03-17 2993 1221.673 0 0
2026-03-18 2995 1221.673 0 0
2026-03-19 2979 1221.673 0 0
2026-03-20 2969 1221.673 0 0
2026-03-21 2965 1221.673 0 0
2026-03-22 2965 1221.673 0 0
2026-03-23 2949 1221.673 0 0
2026-03-24 2956 1221.673 0 0
2026-03-25 2969 1221.673 0 0
2026-03-27 2965 1221.673 0 0
2026-03-28 2958 1221.673 0 0
2026-03-29 2958 1221.673 0 0
2026-03-30 2947 1221.673 0 0
2026-03-31 2951 1221.673 0 0
2026-04-01 2966 1221.673 0 0
2026-04-02 2977 1221.673 0 0
2026-04-03 2968 1221.673 0 0
2026-04-04 2968 1221.673 0 0
2026-04-05 2968 1221.673 0 0
2026-04-06 2971 1221.673 0 0
2026-04-07 2967 1221.673 0 0
2026-04-08 2997 1221.673 0 0
2026-04-09 3000 1221.673 0 0
2026-04-10 2997 1221.673 0 0
2026-04-11 3003 1221.673 0 0
2026-04-12 3003 1221.673 0 0
2026-04-13 3003 1221.673 0 0
2026-04-14 3021 1221.673 0 0
2026-04-15 3038 1221.673 0 0
2026-04-16 3045 1221.673 0 0
2026-04-17 3046 1221.673 0 0
2026-04-18 3055 1221.673 0 0
2026-04-19 3055 1221.673 0 0
2026-04-20 3051 1221.673 0 0
2026-04-21 3051 1221.673 0 0
2026-04-22 3043 1221.673 0 0
2026-04-23 3032 1221.673 0 0
2026-04-24 3027 1221.673 0 0
2026-04-25 3027 1221.673 0 0
2026-04-26 3027 1221.673 0 0
2026-04-27 3019 1221.673 0 0
2026-04-28 3020 1221.673 0 0
2026-04-29 3014 1221.673 0 0
2026-04-30 3014 1221.673 0 0
2026-05-01 3017 1221.673 0 0
2026-05-02 3018 1221.673 0 0
2026-05-04 3022 1221.673 0 0
2026-05-05 3025 1221.673 0 0
2026-05-06 3031 1221.673 0 0
2026-05-07 3042 1221.673 0 0
2026-05-08 3047 1221.673 0 0
2026-05-09 3045 1221.673 0 0
2026-05-10 3045 1221.673 0 0
2026-05-11 3046 1221.673 0 0
2026-05-12 3032 1221.673 0 0
2026-05-13 3041 1221.673 0 0
2026-05-14 3038 1221.673 0 0
2026-05-15 3035 1221.673 0 0
2026-05-16 3028 1221.673 0 0
2026-05-17 3028 1221.673 0 0
2026-05-18 3025 1221.673 0 0
2026-05-19 3027 1221.673 0 0
2026-05-20 3028 1221.673 0 0
2026-05-21 3029 1221.673 0 0
2026-05-22 3033 1221.673 0 0
2026-05-23 3033 1221.673 0 0
2026-05-24 3033 1221.673 0 0
2026-05-26 3033 1221.673 0 0
2026-05-27 3029 1221.673 0 0
2026-05-28 3032 1221.673 0 0
2026-05-29 3034 1221.673 0 0
2026-05-31 3035 1221.673 0 0
2026-06-01 3031 1221.673 0 0
2026-06-02 3025 1221.673 0 0
2026-06-03 3019 1221.673 0 0
2026-06-04 3014 1221.673 0 0
2026-06-05 3000 1221.673 0 0
2026-06-06 2990 1221.673 0 0
2026-06-07 2990 1221.673 0 0
2026-06-08 2984 1221.673 0 0
2026-06-09 2988 1221.673 0 0
2026-06-10 2982 1221.673 0 0
2026-06-11 2980 1221.673 0 0
2026-06-12 2986 1221.673 0 0
2026-06-13 2998 1221.673 0 0
2026-06-15 3010 1221.673 0 0
2026-06-16 3015 1221.673 0 0
2026-06-17 3018 1221.673 0 0
2026-06-18 3022 1221.673 0 0
2026-06-19 3011 1221.673 0 0
2026-06-20 3011 1221.673 0 0
2026-06-21 3011 1221.673 0 0
2026-06-23 3000 1221.673 0 0
2026-06-24 2997 1221.673 0 0
2026-06-25 2994 1221.673 0 0
2026-06-26 2987 1221.673 0 0
2026-06-27 2988 1221.673 0 0
2026-06-28 2988 1221.673 0 0
2026-06-29 2991 1221.673 0 0
2026-06-30 2992 1221.673 0 0
2026-07-01 3005 1221.673 0 0
2026-07-02 3007 1221.673 0 0
2026-07-03 3019 1221.673 0 0
2026-07-04 3019 1221.673 0 0
2026-07-05 3019 1221.673 0 0
2026-07-06 3024 1221.673 0 0
2026-07-07 3006 1221.673 0 0
2026-07-08 2993 1221.673 0 0
2026-07-09 2995 1221.673 0 0
2026-07-10 3008 1221.673 0 0
2026-07-11 3010 1221.673 0 0
2026-07-12 3010 1221.673 0 0
2026-07-13 2991 1221.673 0 0
2026-07-14 2987 1221.673 0 0
2026-07-15 2998 1221.673 0 0
2026-07-16 2996 1221.673 0 0
2026-07-17 2974 1221.673 0 0
2026-07-18 2983 1221.673 0 0
2026-07-19 2982 1221.673 0 0
2026-07-20 2984 1221.673 0 0
2026-07-21 2997 1221.673 0 0
2026-07-22 2990 1221.673 0 0
2026-07-23 2989 1221.673 0 0
2026-07-24 2984 1221.673 0 0
2026-07-25 2984 1221.673 0 0
2026-07-26 2984 1221.673 0 0
2026-07-27 2998 1221.673 0 0
2026-07-28 2994 1221.673 0 0
2026-07-29 2995 1221.673 0 0
2026-07-30 2987 1221.673 0 0
2026-07-31 2997 1221.673 0 0
2026-08-01 3000 1221.673 0 0
2026-08-02 3000 1221.673 0 0
2026-08-03 3009 1221.673 0 0
2026-08-04 3014 1221.673 0 0
2026-08-05 3023 1221.673 0 0
2026-08-06 3023 1221.673 0 0
2026-08-07 3039 1221.673 0 0
2026-08-08 3041 1221.673 0 0
2026-08-09 3041 1221.673 0 0
2026-08-10 3042 1221.673 0 0
2026-08-11 3037 1221.673 0 0
2026-08-12 3040 1221.673 0 0
2026-08-13 3040 1221.673 0 0
2026-08-15 3044 1221.673 0 0
2026-08-16 3044 1221.673 0 0
2026-08-17 3048 1221.673 0 0
2026-08-18 3045 1221.673 0 0
2026-08-19 3035 1221.673 0 0
2026-08-20 3041 1221.673 0 0
2026-08-21 3047 1221.673 0 0
2026-08-23 3048 1221.673 0 0
2026-08-24 3046 1221.673 0 0
2026-08-25 3053 1221.673 0 0
2026-08-26 3059 1221.673 0 0
2026-08-27 3055 1221.673 0 0
2026-08-28 3054 1221.673 0 0
2026-08-29 3054 1221.673 0 0
2026-08-30 3054 1221.673 0 0
2026-08-31 3058 1221.673 0 0
2026-09-01 3055 1221.673 0 0
