2026-08-26 3049 1229.034 0 0
2026-08-27 3028 1239.482 10.448 0.85
2026-08-28 2892 1332.449 92.967 7.5
2026-08-29 2890 1334.666 2.217 0.166
2026-08-30 2890 1334.666 0 0
2026-08-31 2938 1299.908 -34.758 -2.604
2026-09-01 2899 1326.888 0 0
2026-09-02 2861 1347.301 0 0
2026-09-03 2871 1334.972 0 0
2026-09-04 2778 1412.947 0 0
2026-09-05 2603 1554.576 0 0
2026-09-06 2599 1554.576 0 0
2026-09-07 2605 1554.576 0 0
2026-09-08 2543 1601.93 0 0
2026-09-09 2535 1608.063 0 0
2026-09-10 2454 1680.175 0 0
2026-09-11 2437 1689.022 0 0
2026-09-12 2450 1687.744 0 0
2026-09-13 2451 1685.977 0 0
2026-09-14 2453 1685.977 0 0
2026-09-15 2528 1603.96 0 0
2026-09-16 2614 1526.068 0 0
2026-09-17 2679 1476.019 0 0
2026-09-18 2720 1445.844 0 0
2026-09-19 2632 1516.24 0 0
2026-09-20 2631 1517.149 0 0
2026-09-21 2635 1517.149 0 0
2026-09-22 2546 1590.66 0 0
2026-09-23 2440 1693.348 0 0
2026-09-24 2372 1754.297 0 0
2026-09-25 2158 1926.513 0 0
2026-09-26 2291 1812.993 0 0
2026-09-27 2291 1815.667 0 0
2026-09-28 2316 1786.874 0 0
2026-09-29 2225 1857.526 0 0
2026-09-30 2126 1944.63 0 0
2026-10-01 2205 1866.119 0 0
2026-10-02 2146 1923.238 0 0
2026-10-03 2150 1913.912 0 0
2026-10-04 2151 1913.912 0 0
2026-10-05 2095 1976.754 0 0
2026-10-06 2108 1973.865 0 0
2026-10-07 2088 1991.807 0 0
