2025-11-05 2697 1279.049 0 0
2025-11-06 2701 1276.686 -2.363 -0.185
2025-11-07 2697 1276.483 -0.203 -0.016
2025-11-08 2697 1276.89 0.407 0.032
2025-11-09 2697 1276.89 0 0
2025-11-10 2705 1275.542 -1.348 -0.106
2025-11-11 2707 1276.347 0.805 0.063
2025-11-12 2706 1273.498 -2.849 -0.223
2025-11-13 2705 1270.966 -2.532 -0.199
2025-11-14 2706 1270.45 -0.516 -0.041
2025-11-15 2703 1271.767 1.317 0.104
2025-11-16 2703 1271.767 0 0
2025-11-17 2714 1271.093 -0.674 -0.053
2025-11-18 2699 1269.105 -1.988 -0.156
2025-11-19 2699 1268.471 -0.634 -0.05
2025-11-20 2699 1269.809 1.338 0.105
2025-11-21 2699 1268.221 -1.588 -0.125
2025-11-22 2697 1269.746 1.525 0.12
2025-11-23 2697 1269.746 0 0
2025-11-24 2700 1271.093 1.347 0.106
2025-11-25 2710 1269.809 -1.284 -0.101
2025-11-26 2715 1272.542 2.733 0.215
2025-11-27 2718 1271.867 -0.675 -0.053
2025-11-28 2722 1271.192 -0.675 -0.053
2025-11-29 2721 1271.405 0.213 0.017
2025-11-30 2721 1271.405 0 0
2025-12-01 2727 1273.431 2.026 0.159
2025-12-02 2721 1272.08 -1.351 -0.106
2025-12-03 2724 1270.87 -1.21 -0.095
2025-12-04 2726 1270.87 0 0
2025-12-05 2729 1269.804 -1.066 -0.084
2025-12-06 2731 1270.017 0.213 0.017
2025-12-07 2731 1270.017 0 0
2025-12-08 2734 1272.721 2.704 0.213
2025-12-09 2733 1271.263 -1.458 -0.115
2025-12-10 2729 1272.328 1.065 0.084
2025-12-11 2727 1270.802 -1.526 -0.12
2025-12-12 2733 1271.44 0.638 0.05
2025-12-13 2731 1272.721 1.281 0.101
2025-12-14 2731 1272.721 0 0
2025-12-15 2735 1267.313 -5.408 -0.425
2025-12-16 2721 1272.328 5.015 0.396
2025-12-17 2732 1267.22 -5.108 -0.401
2025-12-18 2730 1275.521 8.301 0.655
2025-12-19 2744 1270.202 -5.319 -0.417
2025-12-20 2745 1269.143 -1.059 -0.083
2025-12-21 2748 1269.143 0 0
2025-12-22 2724 1289.3 20.157 1.588
2025-12-23 2778 1249.097 -40.203 -3.118
2025-12-24 2754 1271.23 22.133 1.772
2025-12-25 2756 1271.866 0.636 0.05
2025-12-26 2759 1271.866 0 0
2025-12-27 2761 1271.866 0 0
2025-12-28 2761 1271.866 0 0
2025-12-29 2758 1271.866 0 0
2025-12-30 2773 1261.214 -10.652 -0.838
2025-12-31 2765 1262.258 1.044 0.083
2026-01-01 2759 1265.831 3.573 0.283
2026-01-02 2778 1253.016 -12.815 -1.012
2026-01-03 2788 1251.154 -1.862 -0.149
2026-01-05 2758 1274.026 22.872 1.828
2026-01-06 2775 1268.471 -5.555 -0.436
2026-01-07 2775 1268.049 -0.422 -0.033
2026-01-08 2777 1265.654 -2.395 -0.189
2026-01-09 2783 1267.035 1.381 0.109
2026-01-10 2784 1266.615 -0.42 -0.033
2026-01-11 2784 1266.615 0 0
2026-01-12 2795 1261.928 -4.687 -0.37
2026-01-13 2791 1262.016 0.088 0.007
2026-01-14 2794 1259.895 -2.121 -0.168
2026-01-15 2804 1258.101 -1.794 -0.142
2026-01-16 2805 1257.069 -1.032 -0.082
2026-01-17 2804 1257.069 0 0
2026-01-18 2803 1257.069 0 0
2026-01-19 2804 1257.069 0 0
2026-01-20 2794 1257.069 0 0
2026-01-21 2813 1255.065 -2.004 -0.159
2026-01-22 2819 1255.015 -0.05 -0.004
2026-01-23 2817 1258.401 3.386 0.27
2026-01-24 2818 1261.303 2.902 0.231
2026-01-25 2818 1261.303 0 0
2026-01-26 2814 1259.966 -1.337 -0.106
2026-01-27 2838 1248.222 -11.744 -0.932
2026-01-28 2842 1248.631 0.409 0.033
2026-01-29 2814 1263.22 14.589 1.168
2026-01-30 2810 1259.424 -3.796 -0.301
2026-01-31 2811 1257.864 -1.56 -0.124
2026-02-01 2811 1257.864 0 0
2026-02-02 2822 1246.472 -11.392 -0.906
2026-02-03 2820 1246.938 0.466 0.037
2026-02-04 2797 1262.258 15.32 1.229
2026-02-05 2796 1259.158 -3.1 -0.246
2026-02-06 2812 1253.996 -5.162 -0.41
2026-02-07 2814 1252.559 -1.437 -0.115
2026-02-08 2816 1252.559 0 0
2026-02-09 2847 1239.221 -13.338 -1.065
2026-02-10 2824 1261.259 22.038 1.778
2026-02-11 2820 1264.816 3.557 0.282
2026-02-12 2822 1262.763 -2.053 -0.162
2026-02-13 2824 1260.634 -2.129 -0.169
2026-02-14 2825 1260.011 -0.623 -0.049
2026-02-15 2824 1260.011 0 0
2026-02-16 2822 1260.011 0 0
2026-02-17 2817 1260.011 0 0
2026-02-18 2825 1259.343 -0.668 -0.053
2026-02-19 2834 1249.946 -9.397 -0.746
2026-02-20 2833 1248.817 -1.129 -0.09
2026-02-21 2833 1249.224 0.407 0.033
2026-02-22 2832 1249.224 0 0
2026-02-23 2827 1249.891 0.667 0.053
2026-02-24 2827 1251.627 1.736 0.139
2026-02-25 2839 1249.727 -1.9 -0.152
2026-02-26 2842 1251.163 1.436 0.115
2026-02-27 2846 1251.727 0.564 0.045
2026-02-28 2848 1251.315 -0.412 -0.033
2026-03-01 2847 1251.315 0 0
2026-03-02 2846 1251.315 0 0
2026-03-03 2824 1249.428 -1.887 -0.151
2026-03-04 2808 1246.963 -2.465 -0.197
2026-03-05 2813 1244.413 -2.55 -0.204
2026-03-06 2827 1243.949 -0.464 -0.037
2026-03-07 2826 1242.939 -1.01 -0.081
2026-03-08 2826 1242.939 0 0
2026-03-09 2813 1242.274 -0.665 -0.054
2026-03-10 2990 1240.203 -2.071 -0.167
2026-03-11 2993 1242.858 2.655 0.214
2026-03-12 2978 1241.687 -1.171 -0.094
2026-03-13 2968 1240.215 -1.472 -0.119
2026-03-14 2968 1238.211 -2.004 -0.162
2026-03-15 2968 1238.211 0 0
2026-03-16 2968 1237.547 -0.664 -0.054
2026-03-17 2978 1234.233 -3.314 -0.268
2026-03-18 2982 1234.233 0 0
2026-03-19 2963 1234.629 0.396 0.032
2026-03-20 2947 1234.629 0 0
2026-03-21 2942 1234.629 0 0
2026-03-22 2942 1234.629 0 0
2026-03-23 2931 1234.629 0 0
2026-03-24 2937 1234.629 0 0
2026-03-25 2939 1243.903 9.274 0.751
2026-03-27 2933 1242.578 -1.325 -0.107
2026-03-28 2928 1243.18 0.602 0.048
2026-03-29 2928 1243.18 0 0
2026-03-30 2934 1232.573 -10.607 -0.853
2026-03-31 2935 1231.585 -0.988 -0.08
2026-04-01 2961 1223.466 -8.119 -0.659
2026-04-02 2999 1216.082 -7.384 -0.604
2026-04-03 2985 1215.524 -0.558 -0.046
2026-04-04 2985 1215.524 0 0
2026-04-05 2985 1215.524 0 0
2026-04-06 2989 1214.2 -1.324 -0.109
2026-04-07 2936 1238.398 24.198 1.993
2026-04-08 2998 1221.231 -17.167 -1.386
2026-04-09 2972 1232.781 11.55 0.946
2026-04-10 2980 1229.175 -3.606 -0.293
2026-04-11 2985 1228.979 -0.196 -0.016
2026-04-12 2985 1228.979 0 0
2026-04-13 3037 1205.944 -23.035 -1.874
2026-04-14 3014 1223.984 18.04 1.496
2026-04-15 3033 1222.746 -1.238 -0.101
2026-04-16 3051 1220.005 -2.741 -0.224
2026-04-17 3056 1218.884 -1.121 -0.092
2026-04-18 3063 1216.78 -2.104 -0.173
2026-04-19 3063 1216.78 0 0
2026-04-20 3060 1218.743 1.963 0.161
2026-04-21 3060 1218.662 -0.081 -0.007
2026-04-22 3075 1206.538 -12.124 -0.995
2026-04-23 3058 1208.648 2.11 0.175
2026-04-24 3058 1204.528 -4.12 -0.341
2026-04-25 3052 1207.989 3.461 0.287
2026-04-26 3052 1207.989 0 0
2026-04-27 3073 1192.942 -15.047 -1.246
2026-04-28 3069 1193.688 0.746 0.063
2026-04-29 3056 1198.65 4.962 0.416
2026-04-30 3060 1196.904 -1.746 -0.146
2026-05-01 3071 1195.802 -1.102 -0.092
2026-05-02 3073 1195.802 0 0
2026-05-04 3090 1184.106 -11.696 -0.978
2026-05-05 3097 1181.307 -2.799 -0.236
2026-05-06 3102 1181.307 0 0
2026-05-07 3114 1184.007 2.7 0.229
2026-05-08 3115 1183.208 -0.799 -0.067
2026-05-09 3121 1182.134 -1.074 -0.091
2026-05-10 3121 1182.134 0 0
2026-05-11 3135 1176.304 -5.83 -0.493
2026-05-12 3111 1179.883 3.579 0.304
2026-05-13 3108 1176.895 -2.988 -0.253
2026-05-14 3109 1177.935 1.04 0.088
2026-05-15 3099 1177.935 0 0
2026-05-16 3093 1177.935 0 0
2026-05-17 3093 1177.935 0 0
2026-05-18 3097 1177.935 0 0
2026-05-19 3107 1172.919 -5.016 -0.426
2026-05-20 3112 1171.654 -1.265 -0.108
2026-05-21 3107 1174.948 3.294 0.281
2026-05-22 3117 1174.309 -0.639 -0.054
2026-05-23 3125 1171.191 -3.118 -0.266
2026-05-24 3125 1171.191 0 0
2026-05-26 3127 1171.827 0.636 0.054
2026-05-27 3121 1168.908 -2.919 -0.249
2026-05-28 3127 1168.908 0 0
2026-05-29 3125 1168.908 0 0
2026-05-31 3129 1165.848 -3.06 -0.262
2026-06-01 3131 1165.848 0 0
2026-06-02 3124 1164.589 -1.259 -0.108
2026-06-03 3108 1167.034 2.445 0.21
2026-06-04 3115 1161.733 -5.301 -0.454
2026-06-05 3111 1158.777 -2.956 -0.254
2026-06-06 3103 1159.109 0.332 0.029
2026-06-07 3103 1159.109 0 0
2026-06-08 3096 1157.86 -1.249 -0.108
2026-06-09 3107 1153.227 -4.633 -0.4
2026-06-10 3092 1157.162 3.935 0.341
2026-06-11 3088 1161.19 4.028 0.348
2026-06-12 3106 1160.898 -0.292 -0.025
2026-06-13 3104 1164.589 3.691 0.318
2026-06-15 3114 1165.848 1.259 0.108
2026-06-16 3106 1171.844 5.996 0.514
2026-06-17 3095 1173.115 1.271 0.108
2026-06-18 3104 1169.816 -3.299 -0.281
2026-06-19 3102 1169.576 -0.24 -0.021
2026-06-20 3102 1169.576 0 0
2026-06-21 3102 1169.576 0 0
2026-06-23 3139 1147.018 -22.558 -1.929
2026-06-24 3150 1130.298 -16.72 -1.458
2026-06-25 3138 1136.851 6.553 0.58
2026-06-26 3129 1139.683 2.832 0.249
2026-06-27 3129 1140.006 0.323 0.028
2026-06-28 3129 1140.006 0 0
2026-06-29 3148 1133.098 -6.908 -0.606
2026-06-30 3152 1130.928 -2.17 -0.192
2026-07-01 3156 1130.283 -0.645 -0.057
2026-07-02 3150 1140.453 10.17 0.9
2026-07-03 3168 1135.461 -4.992 -0.438
2026-07-04 3168 1135.461 0 0
2026-07-05 3168 1135.461 0 0
2026-07-06 3165 1136.711 1.25 0.11
2026-07-07 3156 1136.807 0.096 0.008
2026-07-08 3151 1134.784 -2.023 -0.178
2026-07-09 3152 1134.804 0.02 0.002
2026-07-10 3163 1134.723 -0.081 -0.007
2026-07-11 3165 1135.517 0.794 0.07
2026-07-12 3165 1135.517 0 0
2026-07-13 3140 1136.763 1.246 0.11
2026-07-14 3155 1133.773 -2.99 -0.263
2026-07-15 3142 1148.71 14.937 1.317
2026-07-16 3141 1146.87 -1.84 -0.16
2026-07-17 3127 1140.094 -6.776 -0.591
2026-07-18 3122 1143.167 3.073 0.27
2026-07-19 3121 1143.167 0 0
2026-07-20 3118 1145.682 2.515 0.22
2026-07-21 3112 1152.996 7.314 0.638
2026-07-22 3109 1159.052 6.056 0.525
2026-07-23 3103 1159.219 0.167 0.014
2026-07-24 3094 1156.204 -3.015 -0.26
2026-07-25 3100 1154.712 -1.492 -0.129
2026-07-26 3100 1154.712 0 0
2026-07-27 3103 1159.1 4.388 0.38
2026-07-28 3105 1157.567 -1.533 -0.132
2026-07-29 3110 1151.392 -6.175 -0.533
2026-07-30 3100 1156.08 4.688 0.407
2026-07-31 3119 1155.716 -0.364 -0.031
2026-08-01 3117 1158.557 2.841 0.246
2026-08-02 3117 1158.557 0 0
2026-08-03 3123 1157.931 -0.626 -0.054
2026-08-04 3117 1163.233 5.302 0.458
2026-08-05 3128 1162.064 -1.169 -0.1
2026-08-06 3119 1165.707 3.643 0.313
2026-08-07 3129 1166.213 0.506 0.043
2026-08-08 3128 1167.058 0.845 0.072
2026-08-09 3128 1167.058 0 0
2026-08-10 3135 1166.429 -0.629 -0.054
2026-08-11 3132 1166.429 0 0
2026-08-12 3129 1168.926 2.497 0.214
2026-08-13 3128 1168.366 -0.56 -0.048
2026-08-15 3128 1168.636 0.27 0.023
2026-08-16 3128 1168.636 0 0
2026-08-17 3128 1168.636 0 0
2026-08-18 3134 1169.267 0.631 0.054
2026-08-19 3128 1168.246 -1.021 -0.087
2026-08-20 3131 1170.358 2.112 0.181
2026-08-21 3123 1176.532 6.174 0.528
2026-08-23 3125 1178.357 1.825 0.155
2026-08-24 3117 1178.993 0.636 0.054
2026-08-25 3124 1178.296 -0.697 -0.059
2026-08-26 3124 1176.39 -1.906 -0.162
2026-08-27 3139 1176.738 0.348 0.03
2026-08-28 3148 1172.235 -4.503 -0.383
2026-08-29 3146 1173.271 1.036 0.088
2026-08-30 3146 1173.271 0 0
2026-08-31 3141 1173.907 0.636 0.054
2026-09-01 3145 1172.635 0 0
2026-09-02 3142 1173.042 0 0
2026-09-03 3136 1171.772 0 0
2026-09-04 3141 1172.298 0 0
2026-09-05 3135 1175.121 0 0
