2026-03-10 2119 1970.786 0 0
2026-03-11 2115 1979.967 9.181 0.466
2026-03-12 2111 1966.227 -13.74 -0.694
2026-03-13 2106 1958.751 -7.476 -0.38
2026-03-14 2112 1945.525 -13.226 -0.675
2026-03-15 2112 1945.525 0 0
2026-03-16 2112 1945.525 0 0
2026-03-17 2110 1952.452 6.927 0.356
2026-03-18 2115 1952.452 0 0
2026-03-19 2097 1957.172 4.72 0.242
2026-03-20 2086 1957.398 0.226 0.012
2026-03-21 2080 1962.595 5.197 0.266
2026-03-22 2080 1962.595 0 0
2026-03-23 2067 1962.595 0 0
2026-03-24 2068 1969.644 7.049 0.359
2026-03-25 2077 1968.276 -1.368 -0.069
2026-03-27 2062 1968.276 0 0
2026-03-28 2062 1958.525 -9.751 -0.495
2026-03-29 2062 1958.525 0 0
2026-03-30 2058 1958.525 0 0
2026-03-31 2070 1949.094 -9.431 -0.482
2026-04-01 2074 1958.751 9.657 0.495
2026-04-02 2061 1976.055 17.304 0.883
2026-04-03 2067 1963.729 -12.326 -0.624
2026-04-04 2067 1963.729 0 0
2026-04-05 2067 1963.729 0 0
2026-04-06 2071 1963.729 0 0
2026-04-07 2071 1962.142 -1.587 -0.081
2026-04-08 2101 1962.142 0 0
2026-04-09 2086 1988.072 25.93 1.322
2026-04-10 2091 1986.445 -1.627 -0.082
2026-04-11 2087 1993.901 7.456 0.375
2026-04-12 2087 1993.901 0 0
2026-04-13 2090 1993.901 0 0
2026-04-14 2096 1990.865 -3.036 -0.152
2026-04-15 2080 2007.558 16.693 0.838
2026-04-16 2094 2005.663 -1.895 -0.094
2026-04-17 2105 2001.177 -4.486 -0.224
2026-04-18 2094 2008.269 7.092 0.354
2026-04-19 2094 2008.269 0 0
2026-04-20 2097 2008.269 0 0
2026-04-21 2102 2001.177 -7.092 -0.353
2026-04-22 2108 1997.885 -3.292 -0.165
2026-04-23 2104 1992.032 -5.853 -0.293
2026-04-24 2101 1990.865 -1.167 -0.059
2026-04-25 2100 1989.933 -0.932 -0.047
2026-04-26 2100 1989.933 0 0
2026-04-27 2103 1989.933 0 0
2026-04-28 2097 1995.071 5.138 0.258
2026-04-29 2096 1989.235 -5.836 -0.293
2026-04-30 2099 1989.002 -0.233 -0.012
2026-05-01 2098 1994.135 5.133 0.258
2026-05-02 2085 2000.471 6.336 0.318
2026-05-04 2086 2000.471 0 0
<<<<<<< HEAD
2026-05-05 2118 1990.399 -10.072 -0.503
2026-05-06 2119 1990.399 0 0
2026-05-07 2117 1998.589 8.19 0.411
2026-05-08 2103 2002.12 3.531 0.177
2026-05-09 2104 2001.648 -0.472 -0.024
2026-05-10 2104 2001.648 0 0
2026-05-11 2104 2001.648 0 0
2026-05-12 2095 2002.592 0.944 0.047
2026-05-13 2105 1995.071 -7.521 -0.376
2026-05-14 2111 1990.399 -4.672 -0.234
2026-05-15 2109 1985.517 -4.882 -0.245
2026-05-16 2113 1977.204 -8.313 -0.419
2026-05-17 2113 1977.204 0 0
2026-05-18 2120 1977.204 0 0
2026-05-19 2116 1979.045 1.841 0.093
2026-05-20 2122 1971.472 -7.573 -0.383
2026-05-21 2121 1975.366 3.894 0.198
2026-05-22 2124 1975.366 0 0
2026-05-23 2126 1971.7 -3.666 -0.186
2026-05-24 2126 1971.7 0 0
2026-05-26 2133 1971.7 0 0
2026-05-27 2119 1976.055 4.355 0.221
2026-05-28 2123 1976.514 0.459 0.023
2026-05-29 2112 1979.967 3.453 0.175
2026-05-31 2113 1983.895 3.928 0.198
2026-06-01 2110 1983.895 0 0
2026-06-02 2117 1974.907 -8.988 -0.453
2026-06-03 2107 1979.506 4.599 0.233
2026-06-04 2117 1973.99 -5.516 -0.279
2026-06-05 2097 1977.204 3.214 0.163
2026-06-06 2103 1965.091 -12.113 -0.613
2026-06-07 2102 1965.091 0 0
2026-06-08 2100 1965.091 0 0
2026-06-09 2097 1962.142 -2.949 -0.15
2026-06-10 2094 1965.545 3.403 0.173
2026-06-11 2085 1963.956 -1.589 -0.081
2026-06-12 2107 1958.074 -5.882 -0.299
2026-06-13 2106 1967.593 9.519 0.486
2026-06-15 2114 1967.593 0 0
2026-06-16 2120 1973.302 5.709 0.29
2026-06-17 2114 1973.302 0 0
2026-06-18 2116 1970.101 -3.201 -0.162
2026-06-19 2127 1952.676 -17.425 -0.884
2026-06-20 2127 1952.676 0 0
2026-06-21 2127 1952.676 0 0
2026-06-23 2124 1945.748 -6.928 -0.355
2026-06-24 2131 1935.117 -10.631 -0.546
2026-06-25 2132 1927.875 -7.242 -0.374
2026-06-26 2124 1934.016 6.141 0.319
2026-06-27 2120 1937.101 3.085 0.16
2026-06-28 2120 1937.101 0 0
2026-06-29 2122 1937.101 0 0
2026-06-30 2129 1941.748 4.647 0.24
2026-07-01 2136 1943.523 1.775 0.091
2026-07-02 2143 1936.88 -6.643 -0.342
2026-07-03 2139 1945.303 8.423 0.435
2026-07-04 2139 1945.303 0 0
2026-07-05 2139 1945.303 0 0
2026-07-06 2144 1945.303 0 0
2026-07-07 2141 1941.082 -4.221 -0.217
2026-07-08 2118 1943.746 2.664 0.137
2026-07-09 2129 1939.09 -4.656 -0.24
2026-07-10 2130 1943.523 4.433 0.229
2026-07-11 2133 1941.969 -1.554 -0.08
2026-07-12 2133 1941.969 0 0
2026-07-13 2123 1941.969 0 0
2026-07-14 2128 1938.869 -3.1 -0.16
2026-07-15 2132 1945.525 6.656 0.343
2026-07-16 2129 1944.19 -1.335 -0.069
2026-07-17 2115 1945.303 1.113 0.057
2026-07-18 1770 2300 354.697 18.234
2026-07-19 1769 2300 0 0
2026-07-20 1772 2300 0 0
2026-07-21 1779 2300 0 0
2026-07-22 1777 2300 0 0
2026-07-23 1777 2300 0 0
2026-07-24 1767 2300 0 0
2026-07-25 1768 2300 0 0
2026-07-26 1768 2300 0 0
2026-07-27 1780 2300 0 0
2026-07-28 1777 2300 0 0
2026-07-29 1777 2300 0 0
2026-07-30 1772 2300 0 0
2026-07-31 1787 2300 0 0
2026-08-01 1784 2300 0 0
2026-08-02 1784 2300 0 0
2026-08-03 1787 2300 0 0
2026-08-04 1800 2300 0 0
2026-08-05 1808 2300 0 0
2026-08-06 1811 2300 0 0
2026-08-07 1816 2300 0 0
2026-08-08 1816 2300 0 0
2026-08-09 1816 2300 0 0
2026-08-10 1822 2300 0 0
2026-08-11 1815 2300 0 0
2026-08-12 1818 2300 0 0
2026-08-13 1823 2300 0 0
=======
2026-05-05 2094 2000.471 0 0
2026-05-06 2112 1990.399 0 0
2026-05-07 2122 1990.399 0 0
2026-05-08 2116 1998.589 0 0
2026-05-09 2105 2002.12 0 0
2026-05-10 2106 2001.648 0 0
2026-05-11 2110 2001.648 0 0
2026-05-12 2105 2001.648 0 0
2026-05-13 2095 2002.592 0 0
2026-05-14 2100 1995.071 0 0
2026-05-15 2113 1990.399 0 0
2026-05-16 2111 1985.517 0 0
2026-05-17 2115 1977.204 0 0
2026-05-18 2110 1977.204 0 0
2026-05-19 2117 1977.204 0 0
2026-05-20 2112 1979.045 0 0
2026-05-21 2126 1971.472 0 0
2026-05-22 2124 1975.366 0 0
2026-05-23 2126 1975.366 0 0
2026-05-24 2128 1971.7 0 0
2026-05-25 2129 1971.7 0 0
2026-05-26 2133 1971.7 0 0
2026-05-27 2128 1971.7 0 0
2026-05-28 2124 1976.055 0 0
2026-05-29 2119 1976.514 0 0
2026-05-30 2114 1979.967 0 0
2026-05-31 2115 1983.895 0 0
2026-06-01 2113 1983.895 0 0
2026-06-02 2112 1983.895 0 0
2026-06-03 2122 1974.907 0 0
2026-06-04 2108 1979.506 0 0
2026-06-05 2115 1973.99 0 0
2026-06-06 2099 1977.204 0 0
2026-06-07 2105 1965.091 0 0
2026-06-09 2103 1965.091 0 0
2026-06-10 2103 1962.142 0 0
2026-06-11 2087 1965.545 0 0
2026-06-12 2101 1963.956 0 0
2026-06-13 2109 1958.074 0 0
2026-06-14 2108 1967.593 0 0
2026-06-16 2120 1967.593 0 0
2026-06-17 2120 1973.302 0 0
2026-06-18 2113 1973.302 0 0
2026-06-19 2115 1970.101 0 0
2026-06-20 2129 1952.676 0 0
2026-06-21 2129 1952.676 0 0
2026-06-22 2127 1952.676 0 0
2026-06-23 2127 1952.676 0 0
2026-06-24 2127 1945.748 0 0
2026-06-25 2127 1935.117 0 0
2026-06-26 2130 1927.875 0 0
2026-06-27 2126 1934.016 0 0
2026-06-28 2122 1937.101 0 0
2026-06-29 2125 1937.101 0 0
2026-06-30 2132 1937.101 0 0
2026-07-01 2139 1941.748 0 0
2026-07-02 2141 1943.523 0 0
2026-07-03 2144 1936.88 0 0
2026-07-04 2141 1945.303 0 0
2026-07-05 2141 1945.303 0 0
2026-07-06 2141 1945.303 0 0
2026-07-07 2139 1945.303 0 0
2026-07-08 2133 1941.082 0 0
2026-07-09 2117 1943.746 0 0
2026-07-10 2136 1939.09 0 0
2026-07-11 2132 1943.523 0 0
2026-07-12 2135 1941.969 0 0
2026-07-13 2129 1941.969 0 0
2026-07-14 2126 1941.969 0 0
2026-07-15 2138 1938.869 0 0
2026-07-16 2135 1945.525 0 0
2026-07-17 2124 1944.19 0 0
2026-07-18 2116 1945.303 0 0
2026-07-19 1773 2300.0 0 0
2026-07-20 1778 2300.0 0 0
2026-07-21 1777 2300.0 0 0
2026-07-22 1779 2300.0 0 0
2026-07-23 1782 2300.0 0 0
2026-07-24 1775 2300.0 0 0
2026-07-25 1770 2300.0 0 0
2026-07-26 1771 2300.0 0 0
2026-07-27 1774 2300.0 0 0
2026-07-28 1781 2300.0 0 0
2026-07-29 1781 2300.0 0 0
2026-07-30 1777 2300.0 0 0
2026-07-31 1785 2300.0 0 0
2026-08-01 1790 2300.0 0 0
2026-08-02 1787 2300.0 0 0
2026-08-03 1786 2300.0 0 0
2026-08-04 1793 2300.0 0 0
2026-08-05 1805 2300.0 0 0
2026-08-06 1810 2300.0 0 0
2026-08-07 1812 2300.0 0 0
2026-08-08 1819 2300.0 0 0
2026-08-09 1819 2300.0 0 0
2026-08-10 1819 2300.0 0 0
2026-08-11 1824 2300.0 0 0
2026-08-12 1820 2300.0 0 0
2026-08-13 1828 2300.0 0 0
2026-08-14 1825 2300.0 0 0
>>>>>>> 2b550085baac25c543016ca743053a87bf115d5d
2026-08-15 1819 2300.0 0 0
2026-08-16 1827 2300.0 0 0
2026-08-17 1825 2300.0 0 0
2026-08-18 1832 2300.0 0 0
2026-08-19 1826 2300.0 0 0
2026-08-20 1820 2300.0 0 0
2026-08-21 1825 2300.0 0 0
2026-08-22 1825 2300.0 0 0
2026-08-24 1827 2300.0 0 0
2026-08-25 1824 2300.0 0 0
2026-08-26 1833 2300.0 0 0
2026-08-27 1831 2300.0 0 0
