2026-03-10 3296 1053.047 0 0
2026-03-11 3328 1027.624 -25.423 -2.414
2026-03-12  984.982 -42.642 -4.15
2026-04-01 3308 1024.875 39.893 4.05
2026-04-02 3293 1035.285 10.41 1.016
2026-04-03 3287 1032.972 -2.313 -0.223
2026-04-04 3287 1032.972 0 0
2026-04-05 3287 1032.972 0 0
2026-04-06 3294 1029.039 -3.933 -0.381
2026-04-07 3294 1028.47 -0.569 -0.055
2026-04-08 3281 1055.881 27.411 2.665
2026-04-09 3274 1065.188 9.307 0.881
2026-04-10 3283 1062.498 -2.69 -0.253
2026-04-11 3290 1061.914 -0.584 -0.055
2026-04-12 3290 1061.914 0 0
2026-04-13 3237 1095.776 33.862 3.189
2026-04-14 3170 1139.12 43.344 3.956
2026-04-15 3140 1166.052 26.932 2.364
2026-04-16 3171 1150.773 -15.279 -1.31
2026-04-17 3148 1168.588 17.815 1.548
2026-04-18 3150 1172.133 3.545 0.303
2026-04-19 3150 1172.133 0 0
2026-04-20 3160 1169.256 -2.877 -0.245
2026-04-21 3164 1163.494 -5.762 -0.493
2026-04-22 3157 1160.769 -2.725 -0.234
2026-04-23 3175 1141.444 -19.325 -1.665
2026-04-24 3167 1140.093 -1.351 -0.118
2026-04-25 3167 1139.528 -0.565 -0.05
2026-04-26 3167 1139.528 0 0
2026-04-27 3196 1121.61 -17.918 -1.572
2026-04-28 3202 1113.924 -7.686 -0.685
2026-04-29 3250 1086.391 -27.533 -2.472
2026-04-30 3173 1128.446 42.055 3.871
2026-05-01 3171 1135.068 6.622 0.587
2026-05-02 3167 1137.683 2.615 0.23
2026-05-04 3178 1132.723 -4.96 -0.436
2026-05-05 3149 1152.157 19.434 1.716
2026-05-06 3120 1167.618 15.461 1.342
2026-05-07 3144 1167.939 0.321 0.027
2026-05-08 3113 1184.195 16.256 1.392
2026-05-09 3126 1180.093 -4.102 -0.346
2026-05-10 3126 1180.093 0 0
2026-05-11 3167 1161.018 -19.075 -1.616
2026-05-12 3152 1156.845 -4.173 -0.359
2026-05-13 3195 1134.893 -21.952 -1.898
2026-05-14 3092 1192.17 57.277 5.047
2026-05-15 3165 1145.054 -47.116 -3.952
2026-05-16 3165 1143.011 -2.043 -0.178
2026-05-17 3165 1143.011 0 0
2026-05-18 3153 1145.232 2.221 0.194
2026-05-19 3212 1113.734 -31.498 -2.75
2026-05-20 3170 1136.668 22.934 2.059
2026-05-21 3167 1138.835 2.167 0.191
2026-05-22 3161 1144.915 6.08 0.534
2026-05-23 3169 1139.374 -5.541 -0.484
2026-05-24 3169 1139.374 0 0
2026-05-26 3150 1157.048 17.674 1.551
2026-05-27 3145 1157.725 0.677 0.059
2026-05-28 3152 1153.523 -4.202 -0.363
2026-05-29 3169 1143.106 -10.417 -0.903
2026-05-31 3165 1146.049 2.943 0.257
2026-06-01 3167 1143.665 -2.384 -0.208
2026-06-02 3166 1143.562 -0.103 -0.009
2026-06-03 3214 1102.723 -40.839 -3.571
2026-06-04 3168 1130.197 27.474 2.491
2026-06-05 3170 1119.839 -10.358 -0.916
2026-06-06 3174 1118.27 -1.569 -0.14
2026-06-07 3174 1118.27 0 0
2026-06-08 3178 1111.195 -7.075 -0.633
2026-06-09 3126 1140.126 28.931 2.604
2026-06-10 3161 1116.687 -23.439 -2.056
2026-06-11 3135 1129.339 12.652 1.133
2026-06-12 3153 1130.578 1.239 0.11
2026-06-13 3152 1134.006 3.428 0.303
2026-06-15 3144 1149.379 15.373 1.356
2026-06-16 3146 1149.521 0.142 0.012
2026-06-17 3161 1135.769 -13.752 -1.196
2026-06-18 3175 1126.207 -9.562 -0.842
2026-06-19 3177 1120.283 -5.924 -0.526
2026-06-20 3177 1120.283 0 0
2026-06-21 3177 1120.283 0 0
2026-06-23 3175 1109.568 -10.715 -0.956
2026-06-24 3227 1079.356 -30.212 -2.723
2026-06-25 3224 1075.475 -3.881 -0.36
2026-06-26 3219 1075.156 -0.319 -0.03
2026-06-27 3222 1075.348 0.192 0.018
2026-06-28 3222 1075.348 0 0
2026-06-29 3256 1058.308 -17.04 -1.585
2026-06-30 3240 1070.206 11.898 1.124
2026-07-01 3244 1073.417 3.211 0.3
2026-07-02 3223 1089.607 16.19 1.508
2026-07-03 3224 1091.1 1.493 0.137
2026-07-04 3224 1091.1 0 0
2026-07-05 3224 1091.1 0 0
2026-07-06 3196 1107.713 16.613 1.523
2026-07-07 3203 1101.199 -6.514 -0.588
2026-07-08 3237 1077.349 -23.85 -2.166
2026-07-09 3227 1084.202 6.853 0.636
2026-07-10 3205 1100.591 16.389 1.512
2026-07-11 3207 1102.035 1.444 0.131
2026-07-12 3207 1102.035 0 0
2026-07-13 3216 1093.045 -8.99 -0.816
2026-07-14 3211 1096.859 3.814 0.349
2026-07-15 3176 1122.519 25.66 2.339
2026-07-16 3172 1121.559 -0.96 -0.086
2026-07-17 3178 1102.639 -18.92 -1.687
2026-07-18 3173 1103.961 1.322 0.12
2026-07-19 3172 1103.961 0 0
2026-07-20 3224 1076.818 -27.143 -2.459
2026-07-21 3249 1070.755 -6.063 -0.563
2026-07-22 3258 1058.765 -11.99 -1.12
2026-07-23 3281 1044.081 -14.684 -1.387
2026-07-24 3256 1056.628 12.547 1.202
2026-07-25 3256 1056.943 0.315 0.03
2026-07-26 3256 1056.943 0 0
2026-07-27 3245 1070.433 13.49 1.276
2026-07-28 3233 1076.426 5.993 0.56
2026-07-29 3271 1056.172 -20.254 -1.882
2026-07-30 3257 1063.355 7.183 0.68
2026-07-31 3247 1079.828 16.473 1.549
2026-08-01 3249 1079.12 -0.708 -0.066
2026-08-02 3249 1079.12 0 0
2026-08-03 3246 1086.384 7.264 0.673
2026-08-04 3162 1138.639 52.255 4.81
2026-08-05 3182 1133.063 -5.576 -0.49
2026-08-06 3189 1126.575 -6.488 -0.573
2026-08-07 3204 1121.559 -5.016 -0.445
2026-08-08 3200 1126.904 5.345 0.477
2026-08-09 3200 1126.904 0 0
2026-08-10 3197 1131.213 4.309 0.382
2026-08-11 3159 1149.869 18.656 1.649
2026-08-12 3174 1147.708 -2.161 -0.188
2026-08-13 3148 1159.006 11.298 0.984
2026-08-15 3202 1127.069 -31.937 -2.756
2026-08-16 3202 1127.069 0 0
2026-08-17 3248 1099.364 -27.705 -2.458
2026-08-18 3269 1084.386 -14.978 -1.362
2026-08-19 3260 1081.789 -2.597 -0.239
2026-08-20 3292 1064.492 -17.297 -1.599
2026-08-21 3285 1074.062 9.57 0.899
2026-08-23 3285 1074.512 0.45 0.042
2026-08-24 3268 1085.182 10.67 0.993
2026-08-25 3273 1083.42 -1.762 -0.162
2026-08-26 3290 1076.687 -6.733 -0.621
2026-08-27 3311 1066.723 -9.964 -0.925
2026-08-28 3304 1069.152 2.429 0.228
2026-08-29 3304 1067.884 -1.268 -0.119
2026-08-30 3304 1067.884 0 0
2026-08-31 3312 1060.256 -7.628 -0.714
2026-09-01 3313 1060.256 0 0
2026-09-02 3353 1026.906 0 0
