2026-07-10 2662 1475.578 0 0
2026-07-11 2662 1475.578 0 0
2026-07-12 2662 1475.578 0 0
2026-07-13 2660 1475.578 0 0
2026-07-14 2661 1475.578 0 0
2026-07-15 2671 1475.578 0 0
2026-07-16 2669 1475.578 0 0
2026-07-17 2648 1475.578 0 0
2026-07-18 2645 1475.578 0 0
2026-07-19 2644 1475.578 0 0
2026-07-20 2637 1475.578 0 0
2026-07-21 2651 1475.578 0 0
2026-07-22 2641 1475.578 0 0
2026-07-23 2641 1475.578 0 0
2026-07-24 2633 1475.578 0 0
2026-07-25 2633 1475.578 0 0
2026-07-26 2633 1475.578 0 0
2026-07-27 2649 1475.578 0 0
2026-07-28 2641 1475.578 0 0
2026-07-29 2644 1475.578 0 0
2026-07-30 2648 1475.578 0 0
2026-07-31 2664 1475.578 0 0
2026-08-01 2666 1475.578 0 0
2026-08-02 2666 1475.578 0 0
2026-08-03 2669 1475.578 0 0
2026-08-04 2677 1475.578 0 0
2026-08-05 2687 1475.578 0 0
2026-08-06 2685 1475.578 0 0
2026-08-07 2689 1475.578 0 0
2026-08-08 2689 1475.578 0 0
2026-08-09 2689 1475.578 0 0
2026-08-10 2694 1475.578 0 0
2026-08-11 2694 1475.578 0 0
2026-08-12 2693 1475.578 0 0
2026-08-13 2691 1475.578 0 0
2026-08-15 2697 1475.578 0 0
2026-08-16 2697 1475.578 0 0
2026-08-17 2695 1475.578 0 0
2026-08-18 2698 1475.578 0 0
2026-08-19 2693 1475.578 0 0
2026-08-20 2695 1475.578 0 0
2026-08-21 2701 1475.578 0 0
2026-08-23 2702 1475.578 0 0
2026-08-24 2697 1475.578 0 0
2026-08-25 2701 1475.578 0 0
2026-08-26 2702 1475.578 0 0
2026-08-27 2698 1475.578 0 0
2026-08-28 2703 1475.578 0 0
2026-08-29 2702 1475.578 0 0
2026-08-30 2702 1475.578 0 0
2026-08-31 2710 1475.578 0 0
2026-09-01 2705 1475.578 0 0
