2026-08-07 1742 2400 0 0
2026-08-08 1743 2400 0 0
2026-08-09 1743 2400 0 0
2026-08-10 1752 2400 0 0
2026-08-11 1750 2400 0 0
2026-08-12 1754 2400 0 0
2026-08-13 1753 2400 0 0
2026-08-15 1755 2400 0 0
2026-08-16 1754 2400 0 0
2026-08-17 1757 2400 0 0
2026-08-18 1751 2400 0 0
2026-08-19 187 16000 13600 566.667
2026-08-20 189 16000 0 0
2026-08-21 265 12136.78 -3863.22 -24.145
2026-08-23 269 12142.921 6.141 0.051
2026-08-24 320 10890.904 -1252.017 -10.311
2026-08-25 322 10880.828 -10.076 -0.093
2026-08-26 334 10678.829 -201.999 -1.856
2026-08-27 316 11106.706 427.877 4.007
2026-08-28 337 10565.501 -541.205 -4.873
2026-08-29 337 10564.715 -0.786 -0.007
2026-08-30 337 10564.715 0 0
2026-08-31 347 10201.722 -362.993 -3.436
2026-09-01 335 10580.968 0 0
2026-09-02 358 9931.21 0 0
2026-09-03 352 10030.417 0 0
2026-09-04 361 9897.922 0 0
