2025-04-02 2429 1367.28 0 0
2025-04-03 2324 1434.279 66.999 4.9
2025-04-04 2326 1427.956 -6.323 -0.441
2025-04-05 2320 1427.956 0 0
2025-04-06 2318 1427.956 0 0
2025-04-07 2315 1403.75 -24.206 -1.695
2025-04-08 2353 1359.364 -44.386 -3.162
2025-04-09 2399 1332.273 -27.091 -1.993
2025-04-10 2287 1431.358 99.085 7.437
2025-04-11 2151 1557.788 126.43 8.833
2025-04-12 2165 1563.319 5.531 0.355
2025-04-13 2165 1563.319 0 0
2025-04-14 2247 1503.559 -59.76 -3.823
2025-04-15 2256 1501.799 -1.76 -0.117
2025-04-16 2282 1479.928 -21.871 -1.456
2025-04-17 2216 1535.095 55.167 3.728
2025-04-18 2306 1463.204 -71.891 -4.683
2025-04-19 2306 1463.204 0 0
2025-04-20 2306 1463.204 0 0
2025-04-21 2292 1478.863 15.659 1.07
2025-04-22 2256 1520.032 41.169 2.784
2025-04-23 2354 1431.821 -88.211 -5.803
2025-04-24 2330 1460.174 28.353 1.98
2025-04-25 2383 1415.173 -45.001 -3.082
2025-04-26 2378 1417.077 1.904 0.135
2025-04-27 2378 1417.077 0 0
2025-04-28 2368 1425.365 8.288 0.585
2025-04-29 2367 1434.192 8.827 0.619
2025-04-30 2362 1437.916 3.724 0.26
2025-05-01 2365 1438.411 0.495 0.034
2025-05-02 2366 1438.411 0 0
2025-05-03 2374 1438.411 0 0
2025-05-04 2375 1438.411 0 0
2025-05-05 2378 1438.411 0 0
2025-05-06 2394 1420.897 -17.514 -1.218
2025-05-07 2422 1405.891 -15.006 -1.056
2025-05-08 2414 1409.414 3.523 0.251
2025-05-09 2371 1433.231 23.817 1.69
2025-05-10 2373 1431.253 -1.978 -0.138
2025-05-11 2373 1431.253 0 0
2025-05-12 2416 1412.211 -19.042 -1.33
2025-05-13 2410 1415.786 3.575 0.253
2025-05-14 2408 1418.921 3.135 0.221
2025-05-15 2385 1440.952 22.031 1.553
2025-05-16 2395 1432.859 -8.093 -0.562
2025-05-17 2393 1434.589 1.73 0.121
2025-05-18 2394 1434.589 0 0
2025-05-19 2331 1500.43 65.841 4.59
2025-05-20 2369 1465.821 -34.609 -2.307
2025-05-21 2307 1515.174 49.353 3.367
2025-05-22 2310 1517.603 2.429 0.16
2025-05-23 2341 1487.304 -30.299 -1.997
2025-05-24 2341 1487.304 0 0
2025-05-25 2345 1490.117 2.813 0.189
2025-05-26 2349 1489.517 -0.6 -0.04
2025-05-27 2334 1506.908 17.391 1.168
2025-05-28 2352 1491.045 -15.863 -1.053
2025-05-29 2304 1532.61 41.565 2.788
2025-05-30 2293 1542.248 9.638 0.629
2025-05-31 2293 1541.39 -0.858 -0.056
2025-06-01 2293 1541.39 0 0
2025-06-02 2293 1541.39 0 0
2025-06-03 2326 1511.428 -29.962 -1.944
2025-06-04 2296 1543.619 32.191 2.13
2025-06-05 2370 1486.746 -56.873 -3.684
2025-06-06 2402 1460.013 -26.733 -1.798
2025-06-07 2400 1459.769 -0.244 -0.017
2025-06-08 2400 1459.769 0 0
2025-06-09 2411 1444.765 -15.004 -1.028
2025-06-10 2372 1491.103 46.338 3.207
2025-06-11 2399 1470.504 -20.599 -1.381
2025-06-12 2222 1600.865 130.361 8.865
2025-06-13 2269 1564.1 -36.765 -2.297
2025-06-14 2265 1564.296 0.196 0.013
2025-06-15 2263 1564.296 0 0
2025-06-16 2315 1528.569 -35.727 -2.284
2025-06-17 2395 1451.656 -76.913 -5.032
2025-06-18 2404 1446.551 -5.105 -0.352
2025-06-19 2404 1437.443 -9.108 -0.63
2025-06-20 2453 1399.343 -38.1 -2.651
2025-06-21 2449 1399.908 0.565 0.04
2025-06-22 2450 1399.908 0 0
2025-06-23 2386 1452.129 52.221 3.73
2025-06-24 2400 1455.605 3.476 0.239
2025-06-25 2394 1465.917 10.312 0.708
2025-06-26 2423 1440.086 -25.831 -1.762
2025-06-27 2421 1444.421 4.335 0.301
2025-06-28 2422 1444.34 -0.081 -0.006
2025-06-29 2422 1444.34 0 0
2025-06-30 2434 1439.829 -4.511 -0.312
2025-07-01 2374 1499.767 59.938 4.163
2025-07-02 2401 1479.749 -20.018 -1.335
2025-07-03 2387 1494.639 14.89 1.006
2025-07-04 2351 1518.15 23.511 1.573
2025-07-05 2351 1518.15 0 0
2025-07-06 2351 1518.15 0 0
2025-07-07 2416 1456.13 -62.02 -4.085
2025-07-08 2426 1448.902 -7.228 -0.496
2025-07-09 2444 1438.004 -10.898 -0.752
2025-07-10 2300 1562.834 124.83 8.681
2025-07-11 2371 1502.044 -60.79 -3.89
2025-07-12 2370 1503.406 1.362 0.091
2025-07-13 2370 1503.406 0 0
2025-07-14 2320 1542.49 39.084 2.6
2025-07-15 2290 1568.418 25.928 1.681
2025-07-16 2231 1605.413 36.995 2.359
2025-07-17 2227 1613.485 8.072 0.503
2025-07-18 2200 1643.019 29.534 1.83
2025-07-19 2202 1643.706 0.687 0.042
2025-07-20 2202 1643.706 0 0
2025-07-21 2204 1641.603 -2.103 -0.128
2025-07-22 2161 1672.916 31.313 1.907
2025-07-23 2166 1675.229 2.313 0.138
2025-07-24 2237 1615.261 -59.968 -3.58
2025-07-25 2234 1622.891 7.63 0.472
2025-07-26 2235 1619.925 -2.966 -0.183
2025-07-27 2235 1619.925 0 0
2025-07-28 2084 1764.907 144.982 8.95
2025-07-29 2087 1755.862 -9.045 -0.512
2025-07-30 2096 1735.128 -20.734 -1.181
2025-07-31 2012 1844.496 109.368 6.303
2025-08-01 2048 1784.202 -60.294 -3.269
2025-08-02 2054 1779.699 -4.503 -0.252
2025-08-03 2054 1779.699 0 0
2025-08-04 2052 1792.256 12.557 0.706
2025-08-05 2086 1755.182 -37.074 -2.069
2025-08-06 2056 1795.291 40.109 2.285
2025-08-07 2008 1866.51 71.219 3.967
2025-08-08 1930 1955.781 89.271 4.783
2025-08-09 1932 1954.583 -1.198 -0.061
2025-08-10 1935 1954.583 0 0
2025-08-11 2005 1879.839 -74.744 -3.824
2025-08-12 2001 1879.448 -0.391 -0.021
2025-08-13 1928 1975.795 96.347 5.126
2025-08-14 1943 1958.292 -17.503 -0.886
2025-08-15 1924 1982.336 24.044 1.228
2025-08-16 1928 1979.907 -2.429 -0.123
2025-08-17 1928 1979.907 0 0
2025-08-18 1956 1937.28 -42.627 -2.153
2025-08-19 1960 1935.687 -1.593 -0.082
2025-08-20 1957 1937.334 1.647 0.085
2025-08-21 1956 1935.687 -1.647 -0.085
2025-08-22 1967 1936.011 0.324 0.017
2025-08-23 1970 1935.31 -0.701 -0.036
2025-08-24 1970 1935.31 0 0
2025-08-25 1952 1953.325 18.015 0.931
2025-08-26 1922 1994.269 40.944 2.096
2025-08-27 2047 1840.366 -153.903 -7.717
2025-08-28 2049 1840.744 0.378 0.021
2025-08-29 2054 1845.924 5.18 0.281
2025-08-30 2054 1847.321 1.397 0.076
2025-08-31 2054 1847.321 0 0
2025-09-01 2025 1882.989 35.668 1.931
2025-09-02 1984 1904.45 21.461 1.14
2025-09-03 1983 1918.498 14.048 0.738
2025-09-04 2005 1898.306 -20.192 -1.052
2025-09-05 1963 1941.704 43.398 2.286
2025-09-06 1967 1942.357 0.653 0.034
2025-09-07 1966 1942.357 0 0
2025-09-08 1974 1933.295 -9.062 -0.467
2025-09-09 2000 1914.721 -18.574 -0.961
2025-09-10 2009 1899.931 -14.79 -0.772
2025-09-11 1954 1965.435 65.504 3.448
2025-09-12 1983 1929.031 -36.404 -1.852
2025-09-13 1983 1929.329 0.298 0.015
2025-09-14 1982 1929.329 0 0
2025-09-15 2042 1879.987 -49.342 -2.557
2025-09-16 2065 1851.757 -28.23 -1.502
2025-09-17 2084 1837.565 -14.192 -0.766
2025-09-18 2092 1832.721 -4.844 -0.264
2025-09-19 2101 1811.074 -21.647 -1.181
2025-09-20 2101 1809.75 -1.324 -0.073
2025-09-21 2100 1809.75 0 0
2025-09-22 2104 1805.81 -3.94 -0.218
2025-09-23 2133 1767.448 -38.362 -2.124
2025-09-24 2081 1839.352 71.904 4.068
2025-09-25 2077 1845.357 6.005 0.326
2025-09-26 2093 1814.166 -31.191 -1.69
2025-09-27 2094 1811.826 -2.34 -0.129
2025-09-28 2095 1811.826 0 0
2025-09-29 2106 1795.508 -16.318 -0.901
2025-09-30 2115 1790.055 -5.453 -0.304
2025-10-01 2115 1790.432 0.377 0.021
2025-10-02 2119 1790.432 0 0
2025-10-03 2121 1790.432 0 0
2025-10-04 2121 1790.432 0 0
2025-10-05 2121 1790.432 0 0
2025-10-06 2119 1790.432 0 0
2025-10-07 2123 1790.432 0 0
2025-10-08 2121 1790.432 0 0
2025-10-09 2138 1774.38 -16.052 -0.897
2025-10-10 2164 1732.769 -41.611 -2.345
2025-10-11 2162 1733.28 0.511 0.029
2025-10-12 2163 1733.28 0 0
2025-10-13 2190 1705.737 -27.543 -1.589
2025-10-14 2230 1660.983 -44.754 -2.624
2025-10-15 2155 1738.597 77.614 4.673
2025-10-16 2153 1748.169 9.572 0.551
2025-10-17 2138 1759.774 11.605 0.664
2025-10-18 2140 1759.403 -0.371 -0.021
2025-10-19 2141 1759.403 0 0
2025-10-20 2165 1737.016 -22.387 -1.272
2025-10-21 2167 1738.958 1.942 0.112
2025-10-22 2161 1746.58 7.622 0.438
2025-10-23 2199 1699.301 -47.279 -2.707
2025-10-24 2196 1705.068 5.767 0.339
2025-10-25 2197 1704.805 -0.263 -0.015
2025-10-26 2197 1704.805 0 0
2025-10-27 2174 1735.98 31.175 1.829
2025-10-28 2167 1739.687 3.707 0.214
2025-10-29 2192 1713.874 -25.813 -1.484
2025-10-30 2176 1735.799 21.925 1.279
2025-10-31 2043 1889.092 153.293 8.831
2025-11-01 2042 1888.401 -0.691 -0.037
2025-11-02 2042 1888.401 0 0
2025-11-03 2070 1860.82 -27.581 -1.461
2025-11-04 2113 1802.67 -58.15 -3.125
2025-11-05 2115 1795.682 -6.988 -0.388
2025-11-06 2110 1800.701 5.019 0.28
2025-11-07 2126 1775.88 -24.821 -1.378
2025-11-08 2127 1775.855 -0.025 -0.001
2025-11-09 2127 1775.855 0 0
2025-11-10 2128 1789.477 13.622 0.767
2025-11-11 2126 1783.111 -6.366 -0.356
2025-11-12 2110 1815.312 32.201 1.806
2025-11-13 2074 1851.016 35.704 1.967
2025-11-14 2047 1869.029 18.013 0.973
2025-11-15 2047 1867.897 -1.132 -0.061
2025-11-16 2047 1867.897 0 0
2025-11-17 2084 1825.993 -41.904 -2.243
2025-11-18 2071 1831.106 5.113 0.28
2025-11-19 2021 1882.683 51.577 2.817
2025-11-20 2012 1890.267 7.584 0.403
2025-11-21 2022 1873.616 -16.651 -0.881
2025-11-22 2015 1875.303 1.687 0.09
2025-11-23 2015 1875.303 0 0
2025-11-24 1941 1960.509 85.206 4.544
2025-11-25 1984 1929.616 -30.893 -1.576
2025-11-26 1995 1923.322 -6.294 -0.326
2025-11-27 2005 1916.413 -6.909 -0.359
2025-11-28 1945 1993.758 77.345 4.036
2025-11-29 1946 1994.04 0.282 0.014
2025-11-30 1946 1994.04 0 0
2025-12-01 1951 1985.817 -8.223 -0.412
2025-12-02 1948 1980.335 -5.482 -0.276
2025-12-03 1950 1986.567 6.232 0.315
2025-12-04 1934 2016.1 29.533 1.487
2025-12-05 1941 2008.23 -7.87 -0.39
2025-12-06 1942 2007.747 -0.483 -0.024
2025-12-07 1942 2007.747 0 0
2025-12-08 1899 2046.777 39.03 1.944
2025-12-09 1904 2040.505 -6.272 -0.306
2025-12-10 1968 1955.938 -84.567 -4.144
2025-12-11 2032 1894.084 -61.854 -3.162
2025-12-12 2096 1843.631 -50.453 -2.664
2025-12-13 2095 1844.337 0.706 0.038
2025-12-14 2094 1844.337 0 0
2025-12-15 2135 1794.221 -50.116 -2.717
2025-12-16 2146 1768.303 -25.918 -1.445
2025-12-17 2144 1777.328 9.025 0.51
2025-12-18 2173 1748.93 -28.398 -1.598
2025-12-19 2163 1766.457 17.527 1.002
2025-12-20 2163 1766.608 0.151 0.009
2025-12-21 2164 1766.608 0 0
2025-12-22 2133 1808.25 41.642 2.357
2025-12-23 2122 1827.427 19.177 1.061
2025-12-24 2150 1799.145 -28.282 -1.548
2025-12-25 2153 1793.158 -5.987 -0.333
2025-12-26 2155 1792.543 -0.615 -0.034
2025-12-27 2154 1794.564 2.021 0.113
2025-12-28 2154 1794.564 0 0
2025-12-29 2181 1759.494 -35.07 -1.954
2025-12-30 2206 1730.994 -28.5 -1.62
2025-12-31 2186 1757.415 26.421 1.526
2026-01-01 2185 1757.792 0.377 0.021
2026-01-02 2188 1757.792 0 0
2026-01-03 2189 1757.792 0 0
2026-01-05 2148 1812.709 54.917 3.124
2026-01-06 2161 1804.13 -8.579 -0.473
2026-01-07 2057 1914.896 110.766 6.14
2026-01-08 2100 1870.525 -44.371 -2.317
2026-01-09 2061 1909.728 39.203 2.096
2026-01-10 2062 1909.318 -0.41 -0.021
2026-01-11 2062 1909.318 0 0
2026-01-12 2074 1906.539 -2.779 -0.146
2026-01-13 2102 1868.028 -38.511 -2.02
2026-01-14 2142 1835.475 -32.553 -1.743
2026-01-15 2142 1835.725 0.25 0.014
2026-01-16 2134 1839.899 4.174 0.227
2026-01-17 2135 1840.11 0.211 0.011
2026-01-18 2134 1840.11 0 0
2026-01-19 2143 1833.303 -6.807 -0.37
2026-01-20 2146 1814.74 -18.563 -1.013
2026-01-21 2187 1777.823 -36.917 -2.034
2026-01-22 2240 1733.572 -44.251 -2.489
2026-01-23 2238 1741.86 8.288 0.478
2026-01-24 2237 1741.535 -0.325 -0.019
2026-01-25 2239 1741.535 0 0
2026-01-26 2241 1737.201 -4.334 -0.249
2026-01-27 1976 2022.8 285.599 16.44
2026-01-28 1968 2034.408 11.608 0.574
2026-01-29 1967 2035.075 0.667 0.033
2026-01-30 1955 2044.706 9.631 0.473
2026-01-31 1956 2044.059 -0.647 -0.032
2026-02-01 1955 2044.059 0 0
2026-02-02 1966 2028.913 -15.146 -0.741
2026-02-03 2042 1931.159 -97.754 -4.818
2026-02-04 2070 1920.246 -10.913 -0.565
2026-02-05 2050 1930.201 9.955 0.518
2026-02-06 2057 1924.643 -5.558 -0.288
2026-02-07 2063 1924.837 0.194 0.01
2026-02-08 2063 1924.837 0 0
2026-02-09 2046 1948.818 23.981 1.246
2026-02-10 2019 1997.765 48.947 2.512
2026-02-11 2004 2009.325 11.56 0.579
2026-02-12 2019 1999.051 -10.274 -0.511
2026-02-13 2056 1961.491 -37.56 -1.879
2026-02-14 2053 1958.794 -2.697 -0.137
2026-02-15 2052 1958.794 0 0
2026-02-16 2054 1958.794 0 0
2026-02-17 2049 1958.794 0 0
2026-02-18 2052 1958.794 0 0
2026-02-19 2053 1958.794 0 0
2026-02-20 2057 1958.794 0 0
2026-02-21 2070 1958.794 0 0
2026-02-22 2069 1958.794 0 0
2026-02-23 2063 1958.794 0 0
2026-02-24 2071 1960.211 1.417 0.072
2026-02-25 2100 1945.985 -14.226 -0.726
2026-02-26 2107 1937.514 -8.471 -0.435
2026-02-27 2114 1932.309 -5.205 -0.269
2026-02-28 2126 1927.856 -4.453 -0.23
2026-03-01 2125 1927.856 0 0
2026-03-02 2135 1918.931 -8.925 -0.463
2026-03-03 2174 1860.178 -58.753 -3.062
2026-03-04 2238 1783.862 -76.316 -4.103
2026-03-05 2200 1823.708 39.846 2.234
2026-03-06 2097 1930.32 106.612 5.846
2026-03-07 2097 1930.824 0.504 0.026
2026-03-08 2096 1930.824 0 0
2026-03-09 2133 1883.991 -46.833 -2.426
2026-03-10 2069 2011.266 127.275 6.756
2026-03-11 2125 1972.318 -38.948 -1.936
2026-03-12 2141 1940.559 -31.759 -1.61
2026-03-13 2152 1911.408 -29.151 -1.502
2026-03-14 2152 1903.765 -7.643 -0.4
2026-03-15 2152 1903.765 0 0
2026-03-16 2077 1993.473 89.708 4.712
2026-03-17 1995 2059.845 66.372 3.329
2026-03-18 1985 2082.902 23.057 1.119
2026-03-19 1960 2099.365 16.463 0.79
2026-03-20 1963 2070.571 -28.794 -1.372
2026-03-21 1959 2076.318 5.747 0.278
2026-03-22 1959 2076.318 0 0
2026-03-23 2002 2011.59 -64.728 -3.117
2026-03-24 1975 2046.42 34.83 1.731
2026-03-25 1972 2065.596 19.176 0.937
2026-03-27 1824 2220.521 154.925 7.5
2026-03-28 1826 2213.259 -7.262 -0.327
2026-03-29 1826 2213.259 0 0
2026-03-30 1802 2241.239 27.98 1.264
2026-03-31 1855 2182.074 -59.165 -2.64
2026-04-01 1750 2309.654 127.58 5.847
2026-04-02 1744 2321.4 11.746 0.509
2026-04-03 1832 2225.818 -95.582 -4.117
2026-04-04 1832 2225.818 0 0
2026-04-05 1832 2225.818 0 0
2026-04-06 1834 2225.818 0 0
2026-04-07 1816 2242.86 17.042 0.766
2026-04-08 1783 2294.697 51.837 2.311
2026-04-09 1905 2178.181 -116.516 -5.078
2026-04-10 1829 2270.773 92.592 4.251
2026-04-11 1826 2273.298 2.525 0.111
2026-04-12 1826 2273.298 0 0
2026-04-13 1708 2434.829 161.531 7.106
2026-04-14 1747 2357.721 -77.108 -3.167
2026-04-15 1756 2366.218 8.497 0.36
2026-04-16 1819 2304.604 -61.614 -2.604
2026-04-17 1860 2274.309 -30.295 -1.315
2026-04-18 1867 2272.011 -2.298 -0.101
2026-04-19 1867 2272.011 0 0
2026-04-20 1810 2329.733 57.722 2.541
2026-04-21 1795 2341.062 11.329 0.486
2026-04-22 1779 2360.612 19.55 0.835
2026-04-23 1832 2285.057 -75.555 -3.201
2026-04-24 1790 2330.57 45.513 1.992
2026-04-25 1788 2330.331 -0.239 -0.01
2026-04-26 1788 2330.331 0 0
2026-04-27 1758 2376.171 45.84 1.967
2026-04-28 1803 2310.962 -65.209 -2.744
2026-04-29 1850 2251.211 -59.751 -2.586
2026-04-30 1767 2359.719 108.508 4.82
2026-05-01 1767 2359.581 -0.138 -0.006
2026-05-02 1767 2359.581 0 0
2026-05-04 1773 2359.581 0 0
2026-05-05 1759 2390.382 30.801 1.305
2026-05-06 1765 2390.382 0 0
2026-05-07 1809 2334.913 -55.469 -2.321
2026-05-08 1901 2235.054 -99.859 -4.277
2026-05-09 1900 2234.956 -0.098 -0.004
2026-05-10 1900 2234.956 0 0
<<<<<<< HEAD
2026-05-11 1879 2268.42 33.464 1.497
2026-05-12 1876 2253.268 -15.152 -0.668
2026-05-13 1869 2266.568 13.3 0.59
2026-05-14 1963 2151.811 -114.757 -5.063
2026-05-15 1936 2165.013 13.202 0.614
2026-05-16 1938 2159.127 -5.886 -0.272
2026-05-17 1938 2159.127 0 0
2026-05-18 1991 2095.826 -63.301 -2.932
2026-05-19 1960 2127.084 31.258 1.491
2026-05-20 1955 2142.209 15.125 0.711
2026-05-21 1961 2141.485 -0.724 -0.034
2026-05-22 1992 2102.648 -38.837 -1.814
2026-05-23 1989 2106.176 3.528 0.168
2026-05-24 1989 2106.176 0 0
2026-05-26 2026 2066.193 -39.983 -1.898
2026-05-27 2001 2098.015 31.822 1.54
2026-05-28 2010 2086.786 -11.229 -0.535
2026-05-29 1975 2126.955 40.169 1.925
2026-05-31 1974 2130.569 3.614 0.17
2026-06-01 2012 2078.499 -52.07 -2.444
2026-06-02 2008 2085.332 6.833 0.329
2026-06-03 2047 2028.709 -56.623 -2.715
2026-06-04 2046 2025.504 -3.205 -0.158
2026-06-05 2083 1984.006 -41.498 -2.049
2026-06-06 2081 1985.618 1.612 0.081
2026-06-07 2081 1985.618 0 0
2026-06-08 2121 1944.771 -40.847 -2.057
2026-06-09 2092 1970.035 25.264 1.299
2026-06-10 2010 2042.55 72.515 3.681
2026-06-11 2005 2042.486 -0.064 -0.003
2026-06-12 1986 2082.631 40.145 1.965
2026-06-13 1989 2087.59 4.959 0.238
2026-06-15 2035 2041.619 -45.971 -2.202
2026-06-16 2061 2018.982 -22.637 -1.109
2026-06-17 2088 1997.523 -21.459 -1.063
2026-06-18 2032 2042.254 44.731 2.239
2026-06-19 2026 2040.714 -1.54 -0.075
2026-06-20 2027 2040.714 0 0
2026-06-21 2027 2040.714 0 0
2026-06-23 1887 2187.415 146.701 7.189
2026-06-24 1745 2357.134 169.719 7.759
2026-06-25 1768 2318.27 -38.864 -1.649
2026-06-26 1820 2262.775 -55.495 -2.394
2026-06-27 1822 2262.376 -0.399 -0.018
2026-06-28 1822 2262.376 0 0
2026-06-29 1685 2462.12 199.744 8.829
2026-06-30 1573 2655.036 192.916 7.835
2026-07-01 1447 2896.833 241.797 9.107
2026-07-02 1366 3103.686 206.853 7.141
2026-07-03 1404 3022.86 -80.826 -2.604
2026-07-04 1404 3022.86 0 0
2026-07-05 1404 3022.86 0 0
2026-07-06 1511 2784.122 -238.738 -7.898
2026-07-07 1522 2751.036 -33.086 -1.188
2026-07-08 1572 2639.254 -111.782 -4.063
2026-07-09 1519 2749.365 110.111 4.172
2026-07-10 1511 2762.52 13.155 0.478
2026-07-11 1505 2768.674 6.154 0.223
2026-07-12 1505 2768.674 0 0
2026-07-13 1531 2718.486 -50.188 -1.813
2026-07-14 1534 2709.704 -8.782 -0.323
2026-07-15 1423 2942.331 232.627 8.585
2026-07-16 1353 3128.142 185.811 6.315
2026-07-17 1457 2843.208 -284.934 -9.109
2026-07-18 1457 2839.348 -3.86 -0.136
2026-07-19 1457 2839.348 0 0
2026-07-20 1456 2847.654 8.306 0.293
2026-07-21 1452 2853.966 6.312 0.222
2026-07-22 1461 2840.86 -13.106 -0.459
2026-07-23 1441 2867.703 26.843 0.945
2026-07-24 1544 2655.907 -211.796 -7.386
2026-07-25 1545 2654.495 -1.412 -0.053
2026-07-26 1544 2654.495 0 0
2026-07-27 1529 2706.161 51.666 1.946
2026-07-28 1588 2591.664 -114.497 -4.231
2026-07-29 1597 2577.636 -14.028 -0.541
2026-07-30 1684 2438.175 -139.461 -5.41
2026-07-31 1647 2525.933 87.758 3.599
2026-08-01 1645 2529.302 3.369 0.133
2026-08-02 1646 2529.302 0 0
2026-08-03 1723 2403.075 -126.227 -4.991
2026-08-04 1682 2481.099 78.024 3.247
2026-08-05 1619 2589.217 108.118 4.358
2026-08-06 1563 2698.619 109.402 4.225
2026-08-07 1489 2862.374 163.755 6.068
2026-08-08 1489 2863.052 0.678 0.024
2026-08-09 1489 2863.052 0 0
2026-08-10 1517 2815.184 -47.868 -1.672
2026-08-11 1522 2798.866 -16.318 -0.58
2026-08-12 1531 2775.605 -23.261 -0.831
2026-08-13 1536 2766.055 -9.55 -0.344
=======
2026-05-11 1897 2239.994 0 0
2026-05-12 1896 2245.031 0 0
2026-05-13 1885 2243.184 0 0
2026-05-14 1962 2144.813 0 0
2026-05-15 1939 2187.134 0 0
2026-05-16 1936 2165.013 0 0
2026-05-17 1938 2159.127 0 0
2026-05-18 1986 2095.106 0 0
2026-05-19 1976 2104.098 0 0
2026-05-20 1961 2125.284 0 0
2026-05-21 1940 2159.476 0 0
2026-05-22 2016 2078.195 0 0
2026-05-23 1992 2102.648 0 0
2026-05-24 1989 2106.176 0 0
2026-05-25 2021 2071.236 0 0
2026-05-26 2029 2062.951 0 0
2026-05-27 2016 2079.881 0 0
2026-05-28 2010 2085.033 0 0
2026-05-29 1985 2110.244 0 0
2026-05-30 1975 2126.955 0 0
2026-05-31 1974 2130.569 0 0
2026-06-01 2019 2081.392 0 0
2026-06-02 1979 2115.744 0 0
2026-06-03 2050 2031.427 0 0
2026-06-04 2064 2006.993 0 0
2026-06-05 2073 2004.184 0 0
2026-06-06 2083 1984.006 0 0
2026-06-07 2081 1985.618 0 0
2026-06-09 2108 1959.953 0 0
2026-06-10 2001 2057.695 0 0
2026-06-11 2016 2032.789 0 0
2026-06-12 1988 2088.348 0 0
2026-06-13 1986 2082.631 0 0
2026-06-14 1989 2087.59 0 0
2026-06-16 2050 2032.569 0 0
2026-06-17 2093 1992.903 0 0
2026-06-18 2010 2070.686 0 0
2026-06-19 2033 2042.254 0 0
2026-06-20 2026 2040.714 0 0
2026-06-21 2027 2040.714 0 0
2026-06-22 2068 2004.157 0 0
2026-06-23 1902 2185.855 0 0
2026-06-24 1830 2262.543 0 0
2026-06-25 1761 2330.086 0 0
2026-06-26 1788 2285.898 0 0
2026-06-27 1820 2262.775 0 0
2026-06-28 1822 2262.376 0 0
2026-06-29 1681 2462.12 0 0
2026-06-30 1602 2594.563 0 0
2026-07-01 1496 2804.918 0 0
2026-07-02 1508 2787.902 0 0
2026-07-03 1434 2951.296 0 0
2026-07-04 1404 3022.86 0 0
2026-07-05 1404 3022.86 0 0
2026-07-06 1436 2937.03 0 0
2026-07-07 1504 2785.925 0 0
2026-07-08 1562 2662.759 0 0
2026-07-09 1536 2704.082 0 0
2026-07-10 1488 2808.397 0 0
2026-07-11 1511 2762.52 0 0
2026-07-12 1505 2768.674 0 0
2026-07-13 1516 2755.675 0 0
2026-07-14 1532 2725.707 0 0
2026-07-15 1419 2954.036 0 0
2026-07-16 1429 2921.748 0 0
2026-07-17 1467 2841.864 0 0
2026-07-18 1457 2843.208 0 0
2026-07-19 1457 2839.348 0 0
2026-07-20 1450 2858.85 0 0
2026-07-21 1522 2721.254 0 0
2026-07-22 1414 2967.906 0 0
2026-07-23 1481 2819.882 0 0
2026-07-24 1531 2692.833 0 0
2026-07-25 1544 2655.907 0 0
2026-07-26 1545 2654.495 0 0
2026-07-27 1519 2718.084 0 0
2026-07-28 1552 2649.799 0 0
2026-07-29 1573 2623.128 0 0
2026-07-30 1633 2520.854 0 0
2026-07-31 1645 2510.162 0 0
2026-08-01 1647 2525.933 0 0
2026-08-02 1645 2529.302 0 0
2026-08-03 1705 2442.974 0 0
2026-08-04 1676 2484.687 0 0
2026-08-05 1672 2511.899 0 0
2026-08-06 1589 2643.943 0 0
2026-08-07 1523 2771.141 0 0
2026-08-08 1489 2862.374 0 0
2026-08-09 1489 2863.052 0 0
2026-08-10 1504 2830.053 0 0
2026-08-11 1528 2776.02 0 0
2026-08-12 1520 2797.415 0 0
2026-08-13 1525 2784.675 0 0
2026-08-14 1521 2794.72 0 0
>>>>>>> 2b550085baac25c543016ca743053a87bf115d5d
2026-08-15 1527 2784.197 0 0
2026-08-16 1531 2785.478 0 0
2026-08-17 1530 2785.478 0 0
2026-08-18 1517 2811.978 0 0
2026-08-19 1513 2793.628 0 0
2026-08-20 1555 2706.825 0 0
2026-08-21 1521 2783.623 0 0
2026-08-22 1567 2689.965 0 0
2026-08-23 1571 2691.326 0 0
2026-08-24 1572 2691.326 0 0
2026-08-25 1618 2604.287 0 0
