2026-03-10 2776 1377.341 0 0
2026-03-11 2800 1366.743 -10.598 -0.769
2026-03-12 2801 1361.463 -5.28 -0.386
2026-03-13 2788 1369.816 8.353 0.614
2026-03-14 2780 1369.816 0 0
2026-03-15 2780 1369.816 0 0
2026-03-16 2792 1352.204 -17.612 -1.286
2026-03-17 2785 1360.045 7.841 0.58
2026-03-18 2789 1358.035 -2.01 -0.148
2026-03-19 2781 1351.692 -6.343 -0.467
2026-03-20 2752 1365.915 14.223 1.052
2026-03-21 2750 1365.915 0 0
2026-03-22 2750 1365.915 0 0
2026-03-23 2724 1371.983 6.068 0.444
2026-03-24 2711 1382.66 10.677 0.778
2026-03-25 2755 1359.414 -23.246 -1.681
2026-03-27 2744 1361.187 1.773 0.13
2026-03-28 2739 1361.187 0 0
2026-03-29 2739 1361.187 0 0
2026-03-30 2726 1363.906 2.719 0.2
2026-03-31 2748 1349.84 -14.066 -1.031
2026-04-01 2757 1357.405 7.565 0.56
2026-04-02 2705 1395.465 38.06 2.804
2026-04-03 2702 1395.465 0 0
2026-04-04 2702 1395.465 0 0
2026-04-05 2702 1395.465 0 0
2026-04-06 2747 1359.257 -36.208 -2.595
2026-04-07 2731 1376.947 17.69 1.301
2026-04-08 2738 1392.55 15.603 1.133
2026-04-09 2743 1392.786 0.236 0.017
2026-04-10 2738 1403.542 10.756 0.772
2026-04-11 2736 1403.542 0 0
2026-04-12 2736 1403.542 0 0
2026-04-13 2726 1414.811 11.269 0.803
2026-04-14 2738 1408.31 -6.501 -0.459
2026-04-15 2749 1407.364 -0.946 -0.067
2026-04-16 2731 1424.818 17.454 1.24
2026-04-17 2740 1423.794 -1.024 -0.072
2026-04-18 2739 1423.794 0 0
2026-04-19 2739 1423.794 0 0
2026-04-20 2754 1416.584 -7.21 -0.506
2026-04-21 2737 1428.916 12.332 0.871
2026-04-22 2746 1419.302 -9.614 -0.673
2026-04-23 2698 1445.7 26.398 1.86
2026-04-24 2671 1471.98 26.28 1.818
2026-04-25 2667 1471.98 0 0
2026-04-26 2667 1471.98 0 0
2026-04-27 2677 1465.479 -6.501 -0.442
2026-04-28 2693 1452.556 -12.923 -0.882
2026-04-29 2688 1458.86 6.304 0.434
2026-04-30 2667 1468.907 10.047 0.689
2026-05-01 2669 1475.644 6.737 0.459
2026-05-02 2672 1475.644 0 0
2026-05-04 2664 1481.869 6.225 0.422
2026-05-05 2661 1494.517 12.648 0.854
2026-05-06 2646 1501.057 6.54 0.438
2026-05-07 2676 1495.187 -5.87 -0.391
2026-05-08 2656 1506.179 10.992 0.735
2026-05-09 2656 1506.179 0 0
2026-05-10 2656 1506.179 0 0
2026-05-11 2636 1527.14 20.961 1.392
2026-05-12 2631 1517.448 -9.692 -0.635
2026-05-13 2673 1492.665 -24.783 -1.633
2026-05-14 2636 1505.588 12.923 0.866
2026-05-15 2633 1501.688 -3.9 -0.259
2026-05-16 2631 1501.688 0 0
2026-05-17 2631 1501.688 0 0
2026-05-18 2643 1495.462 -6.226 -0.415
2026-05-19 2645 1499.008 3.546 0.237
2026-05-20 2639 1501.806 2.798 0.187
2026-05-21 2640 1501.806 0 0
2026-05-22 2632 1505.825 4.019 0.268
2026-05-23 2632 1505.825 0 0
2026-05-24 2632 1505.825 0 0
2026-05-26 2615 1523.397 17.572 1.167
2026-05-27 2621 1520.521 -2.876 -0.189
2026-05-28 2657 1488.725 -31.796 -2.091
2026-05-29 2663 1475.565 -13.16 -0.884
2026-05-31 2665 1475.565 0 0
2026-06-01 2695 1451.334 -24.231 -1.642
2026-06-02 2718 1433.565 -17.769 -1.224
2026-06-03 2667 1476.787 43.222 3.015
2026-06-04 2653 1485.534 8.747 0.592
2026-06-05 2635 1497.354 11.82 0.796
2026-06-06 2634 1497.354 0 0
2026-06-07 2634 1497.354 0 0
2026-06-08 2626 1490.656 -6.698 -0.447
2026-06-09 2598 1512.759 22.103 1.483
2026-06-10 2673 1443.336 -69.423 -4.589
2026-06-11 2648 1469.616 26.28 1.821
2026-06-12 2625 1495.187 25.571 1.74
2026-06-13 2633 1495.187 0 0
2026-06-15 2653 1490.813 -4.374 -0.293
2026-06-16 2675 1475.171 -15.642 -1.049
2026-06-17 2655 1492.192 17.021 1.154
2026-06-18 2631 1503.697 11.505 0.771
2026-06-19 2629 1503.697 0 0
2026-06-20 2629 1503.697 0 0
2026-06-21 2629 1503.697 0 0
2026-06-23 2647 1489.749 -13.948 -0.928
2026-06-24 2661 1471.507 -18.242 -1.225
2026-06-25 2667 1464.967 -6.54 -0.444
2026-06-26 2677 1446.173 -18.794 -1.283
2026-06-27 2677 1446.173 0 0
2026-06-28 2677 1446.173 0 0
2026-06-29 2674 1457.166 10.993 0.76
2026-06-30 2667 1461.421 4.255 0.292
2026-07-01 2663 1469.655 8.234 0.563
2026-07-02 2653 1483.682 14.027 0.954
2026-07-03 2659 1483.682 0 0
2026-07-04 2659 1483.682 0 0
2026-07-05 2659 1483.682 0 0
2026-07-06 2657 1492.823 9.141 0.616
2026-07-07 2656 1488.725 -4.098 -0.275
2026-07-08 2669 1458.742 -29.983 -2.014
2026-07-09 2653 1481.515 22.773 1.561
2026-07-10 2667 1470.443 -11.072 -0.747
2026-07-11 2670 1470.443 0 0
2026-07-12 2670 1470.443 0 0
2026-07-13 2677 1454.723 -15.72 -1.069
2026-07-14 2703 1436.756 -17.967 -1.235
2026-07-15 2685 1457.126 20.37 1.418
2026-07-16 2674 1461.657 4.531 0.311
2026-07-17 2672 1450.743 -10.914 -0.747
2026-07-18 2671 1450.743 0 0
2026-07-19 2670 1450.743 0 0
2026-07-20 2680 1435.18 -15.563 -1.073
2026-07-21 2684 1443.967 8.787 0.612
2026-07-22 2693 1431.556 -12.411 -0.86
2026-07-23 2747 1386.915 -44.641 -3.118
2026-07-24 2752 1377.656 -9.259 -0.668
2026-07-25 2753 1377.656 0 0
2026-07-26 2753 1377.656 0 0
2026-07-27 2710 1423.676 46.02 3.34
2026-07-28 2706 1423.636 -0.04 -0.003
2026-07-29 2733 1405.867 -17.769 -1.248
2026-07-30 2727 1404.764 -1.103 -0.078
2026-07-31 2726 1412.919 8.155 0.581
2026-08-01 2728 1412.919 0 0
2026-08-02 2728 1412.919 0 0
2026-08-03 2715 1433.959 21.04 1.489
2026-08-04 2701 1455.787 21.828 1.522
2026-08-05 2731 1428.561 -27.226 -1.87
2026-08-06 2749 1419.42 -9.141 -0.64
2026-08-07 2771 1407.128 -12.292 -0.866
2026-08-08 2771 1407.128 0 0
2026-08-09 2771 1407.128 0 0
2026-08-10 2745 1431.516 24.388 1.733
2026-08-11 2749 1430.098 -1.418 -0.099
2026-08-12 2715 1452.142 22.044 1.541
2026-08-13 2725 1439.751 -12.391 -0.853
2026-08-15 2717 1455.235 15.484 1.075
2026-08-16 2717 1455.235 0 0
2026-08-17 2710 1461.106 5.871 0.403
2026-08-18 2722 1447.316 -13.79 -0.944
2026-08-19 2719 1444.321 -2.995 -0.207
2026-08-20 2749 1420.405 -23.916 -1.656
2026-08-21 2679 1496.723 76.318 5.373
2026-08-23 2681 1496.723 0 0
2026-08-24 2607 1540.654 43.931 2.935
2026-08-25 2651 1513.389 -27.265 -1.77
2026-08-26 2703 1475.211 -38.178 -2.523
2026-08-27 2683 1491.956 16.745 1.135
2026-08-28 2708 1472.807 -19.149 -1.283
2026-08-29 2708 1472.807 0 0
2026-08-30 2708 1472.807 0 0
2026-08-31 2737 1454.132 -18.675 -1.268
