2026-05-18 1423 2972.961 0 0
2026-05-19 1420 2971.203 -1.758 -0.059
2026-05-20 1373 3089.096 117.893 3.968
2026-05-21 1373 3088.052 -1.044 -0.034
2026-05-22 1292 3328.058 240.006 7.772
2026-05-23 1291 3333.642 5.584 0.168
2026-05-24 1291 3333.642 0 0
2026-05-26 1190 3609.048 275.406 8.261
2026-05-27 1176 3649.202 40.154 1.113
2026-05-28 1144 3753.056 103.854 2.846
2026-05-29 1036 4104.603 351.547 9.367
2026-05-31 1037 4111.577 6.974 0.17
2026-06-01 1160 3703.07 -408.507 -9.936
2026-06-02 1296 3344.103 -358.967 -9.694
2026-06-03 1200 3557.423 213.32 6.379
2026-06-04 1242 3425.275 -132.148 -3.715
2026-06-05 1370 3083.787 -341.488 -9.97
2026-06-06 1368 3086.292 2.505 0.081
2026-06-07 1368 3086.292 0 0
2026-06-08 1493 2780.228 -306.064 -9.917
2026-06-09 1518 2746.975 -33.253 -1.196
2026-06-10 1652 2480.152 -266.823 -9.713
2026-06-11 1721 2386.938 -93.214 -3.758
2026-06-12 1581 2604.807 217.869 9.128
2026-06-13 1585 2611.009 6.202 0.238
2026-06-15 1466 2869.592 258.583 9.904
2026-06-16 1507 2798.785 -70.807 -2.467
2026-06-17 1488 2831.47 32.685 1.168
2026-06-18 1403 3028.083 196.613 6.944
2026-06-19 1403 3025.799 -2.284 -0.075
2026-06-20 1403 3025.799 0 0
2026-06-21 1403 3025.799 0 0
2026-06-23 1238 3449.206 423.407 13.993
2026-06-24 1147 3732.802 283.596 8.222
2026-06-25 1208 3535.361 -197.441 -5.289
2026-06-26 1324 3186.766 -348.595 -9.86
2026-06-27 1325 3186.203 -0.563 -0.018
2026-06-28 1325 3186.203 0 0
2026-06-29 1401 3013.398 -172.805 -5.424
2026-06-30 1395 3049.656 36.258 1.203
2026-07-01 1298 3300.12 250.464 8.213
2026-07-02 1425 2969.07 -331.05 -10.031
2026-07-03 1479 2846.031 -123.039 -4.144
2026-07-04 1479 2846.031 0 0
2026-07-05 1479 2846.031 0 0
2026-07-06 1976 2111.864 -734.167 -25.796
2026-07-07 1571 2655.598 543.734 25.747
2026-07-08 1515 2756.187 100.589 3.788
2026-07-09 1426 2943.392 187.205 6.792
2026-07-10 1495 2786.115 -157.277 -5.343
2026-07-11 1494 2792.322 6.207 0.223
2026-07-12 1494 2792.322 0 0
2026-07-13 1595 2591.844 -200.478 -7.18
2026-07-14 1536 2705.714 113.87 4.393
2026-07-15 1550 2685.638 -20.076 -0.742
2026-07-16 1716 2422.041 -263.597 -9.815
2026-07-17 1881 2183.421 -238.62 -9.852
2026-07-18 1885 2180.457 -2.964 -0.136
2026-07-19 1884 2180.457 0 0
2026-07-20 1741 2346.807 166.35 7.629
2026-07-21 1595 2582.969 236.162 10.063
2026-07-22 1464 2838.629 255.66 9.898
2026-07-23 1432 2891.04 52.411 1.846
2026-07-24 1579 2605.833 -285.207 -9.865
2026-07-25 1579 2604.448 -1.385 -0.053
2026-07-26 1579 2604.448 0 0
2026-07-27 1508 2757.575 153.127 5.879
2026-07-28 1652 2486.78 -270.795 -9.82
2026-07-29 1762 2330.006 -156.774 -6.304
2026-07-30 1957 2100.635 -229.371 -9.844
2026-07-31 1778 2311.321 210.686 10.03
2026-08-01 1774 2314.404 3.083 0.133
2026-08-02 1774 2314.404 0 0
2026-08-03 1853 2245.047 -69.357 -2.997
2026-08-04 1692 2464.459 219.412 9.773
2026-08-05 1558 2708.797 244.338 9.914
2026-08-06 1435 2945.376 236.579 8.734
2026-08-07 1388 3061.108 115.732 3.929
2026-08-08 1391 3061.833 0.725 0.024
2026-08-09 1391 3061.833 0 0
2026-08-10 1410 3023.946 -37.887 -1.237
2026-08-11 1494 2843.087 -180.859 -5.981
2026-08-12 1482 2871.699 28.612 1.006
2026-08-13 1419 3006.427 134.728 4.692
2026-08-15 1308 3305.98 299.553 9.964
2026-08-16 1307 3305.98 0 0
2026-08-17 1265 3433.358 127.378 3.853
2026-08-18 1308 3283.31 -150.048 -4.37
2026-08-19 1325 3244.864 -38.446 -1.171
2026-08-20 1365 3142.678 -102.186 -3.149
2026-08-21 1415 3039.106 -103.572 -3.296
2026-08-23 1414 3040.644 1.538 0.051
2026-08-24 1440 2940.377 -100.267 -3.298
2026-08-25 1471 2879.702 -60.675 -2.064
2026-08-26 1491 2838.703 -40.999 -1.424
2026-08-27 1413 3022.696 183.993 6.482
2026-08-28 1462 2896.887 -125.809 -4.162
2026-08-29 1464 2896.671 -0.216 -0.007
2026-08-30 1464 2896.671 0 0
2026-08-31 1443 2949.558 52.887 1.826
2026-09-01 1511 2809.085 0 0
2026-09-02 1548 2713.325 0 0
2026-09-03 1548 2717.104 0 0
