2026-03-10 3348 1012.786 0 0
2026-03-11  982.268 -30.518 -3.013
2026-03-19 3311 1023.256 40.988 4.173
2026-03-20 3262 1051.742 28.486 2.784
2026-03-21 3272 1039.58 -12.162 -1.156
2026-03-22 3271 1039.58 0 0
2026-03-23  995.919 -43.661 -4.2
2026-03-25 3208 1091.395 95.476 9.587
2026-03-26 3205 1091.395 0 0
2026-03-27 3179 1101.667 10.272 0.941
2026-03-28 3191 1090.817 -10.85 -0.985
2026-03-29 3190 1090.817 0 0
2026-03-30 3210 1073.95 -16.867 -1.546
2026-03-31 3216 1073.412 -0.538 -0.05
2026-04-01 3232 1069.397 -4.015 -0.374
2026-04-02 3221 1076.402 7.005 0.655
2026-04-03 3186 1096.532 20.13 1.87
2026-04-04 3186 1096.532 0 0
2026-04-05 3186 1096.532 0 0
2026-04-06 3176 1102.276 5.744 0.524
2026-04-07 3155 1114.869 12.593 1.142
2026-04-08 3108 1153.24 38.371 3.442
2026-04-09 3109 1162.05 8.81 0.764
2026-04-10 3130 1155.315 -6.735 -0.58
2026-04-11 3138 1154.505 -0.81 -0.07
2026-04-12 3138 1154.505 0 0
2026-04-13 3071 1190.013 35.508 3.076
2026-04-14 3093 1181.634 -8.379 -0.704
2026-04-15 2985 1245.757 64.123 5.427
2026-04-16 2965 1265.124 19.367 1.555
2026-04-17 2829 1363.351 98.227 7.764
2026-04-18 2818 1367.459 4.108 0.301
2026-04-19 2818 1367.459 0 0
2026-04-20 2818 1373.186 5.727 0.419
2026-04-21 2842 1358.792 -14.394 -1.048
2026-04-22 2896 1315.485 -43.307 -3.187
2026-04-23 2821 1359.192 43.707 3.323
2026-04-24 2828 1354.586 -4.606 -0.339
2026-04-25 2826 1352.573 -2.013 -0.149
2026-04-26 2826 1352.573 0 0
2026-04-27 2774 1394.3 41.727 3.085
2026-04-28 2800 1372.527 -21.773 -1.562
2026-04-29 2788 1383.288 10.761 0.784
2026-04-30 2803 1373.001 -10.287 -0.744
2026-05-01 2809 1372.135 -0.866 -0.063
2026-05-02 2810 1372.135 0 0
2026-05-04 2713 1442.453 70.318 5.125
2026-05-05 2862 1338.864 -103.589 -7.181
2026-05-06 2714 1459.501 120.637 9.01
2026-05-07 2719 1458.055 -1.446 -0.099
2026-05-08 2696 1487.325 29.27 2.007
2026-05-09 2702 1483.684 -3.641 -0.245
2026-05-10 2702 1483.684 0 0
2026-05-11 2701 1489.43 5.746 0.387
2026-05-12 2717 1470.197 -19.233 -1.291
2026-05-13 2712 1466.99 -3.207 -0.218
2026-05-14 2670 1487.076 20.086 1.369
2026-05-15 2716 1439.23 -47.846 -3.217
2026-05-16 2717 1436.286 -2.944 -0.205
2026-05-17 2717 1436.286 0 0
2026-05-18 2738 1410.982 -25.304 -1.762
2026-05-19 2798 1375.923 -35.059 -2.485
2026-05-20 2775 1391.223 15.3 1.112
2026-05-21 2790 1386.913 -4.31 -0.31
2026-05-22 2783 1395.978 9.065 0.654
2026-05-23 2749 1412.148 16.17 1.158
2026-05-24 2749 1412.148 0 0
2026-05-26 2588 1543.277 131.129 9.286
2026-05-27 2593 1539.483 -3.794 -0.246
2026-05-28 2586 1539.383 -0.1 -0.006
2026-05-29 2420 1688.387 149.004 9.679
2026-05-31 2405 1700.694 12.307 0.729
2026-06-01 2270 1830.03 129.336 7.605
2026-06-02 2219 1876.113 46.083 2.518
2026-06-03 2132 1957.464 81.351 4.336
2026-06-04 2024 2043.27 85.806 4.384
2026-06-05 2043 2022.158 -21.112 -1.033
2026-06-06 2020 2040.37 18.212 0.901
2026-06-07 2020 2040.37 0 0
2026-06-08 2070 1995.19 -45.18 -2.214
2026-06-09 2039 2018.796 23.606 1.183
2026-06-10 2063 1996.203 -22.593 -1.119
2026-06-11 2106 1946.39 -49.813 -2.495
2026-06-12 2119 1951.199 4.809 0.247
2026-06-13 2110 1964.483 13.284 0.681
2026-06-15 2120 1961.444 -3.039 -0.155
2026-06-16 2117 1974.906 13.462 0.686
2026-06-17 2128 1963.109 -11.797 -0.597
2026-06-18 2021 2058.6 95.491 4.864
2026-06-19 1951 2133.773 75.173 3.652
2026-06-20 1952 2133.773 0 0
2026-06-21 1952 2133.773 0 0
2026-06-23 1990 2084.493 -49.28 -2.31
2026-06-24 1952 2111.925 27.432 1.316
2026-06-25 1984 2080.292 -31.633 -1.498
2026-06-26 1976 2086.061 5.769 0.277
2026-06-27 1976 2086.061 0 0
2026-06-28 1976 2086.061 0 0
2026-06-29 1896 2174.937 88.876 4.26
2026-06-30 1944 2134.974 -39.963 -1.837
2026-07-01 1991 2088.698 -46.276 -2.168
2026-07-02 2044 2024.547 -64.151 -3.071
2026-07-03 2006 2083.249 58.702 2.9
2026-07-04 2006 2083.249 0 0
2026-07-05 2006 2083.249 0 0
2026-07-06 1993 2094.009 10.76 0.517
2026-07-07 2008 2058.168 -35.841 -1.712
2026-07-08 1989 2072.834 14.666 0.713
2026-07-09 1954 2108.883 36.049 1.739
2026-07-10 1940 2126.087 17.204 0.816
2026-07-11 1938 2127.452 1.365 0.064
2026-07-12 1938 2127.452 0 0
2026-07-13 1945 2112.747 -14.705 -0.691
2026-07-14 1970 2094.239 -18.508 -0.876
2026-07-15 1922 2141.851 47.612 2.273
2026-07-16 1897 2180.442 38.591 1.802
2026-07-17 1976 2076.147 -104.295 -4.783
2026-07-18 1976 2077.684 1.537 0.074
2026-07-19 1975 2077.684 0 0
2026-07-20 1984 2046.378 -31.306 -1.507
2026-07-21 2059 2003.1 -43.278 -2.115
2026-07-22 2085 1984.744 -18.356 -0.916
2026-07-23 1987 2070.688 85.944 4.33
2026-07-24 2010 2026.162 -44.526 -2.15
2026-07-25 2010 2026.267 0.105 0.005
2026-07-26 2010 2026.267 0 0
2026-07-27 2015 2036.671 10.404 0.513
2026-07-28 2072 1982.836 -53.835 -2.643
2026-07-29 2085 1977.284 -5.552 -0.28
2026-07-30 2177 1888.952 -88.332 -4.467
2026-07-31 2116 1963.533 74.581 3.948
2026-08-01 2114 1968.96 5.427 0.276
2026-08-02 2114 1968.96 0 0
2026-08-03 2107 1981.699 12.739 0.647
2026-08-04 2043 2029.817 48.118 2.428
2026-08-05 2016 2062.09 32.273 1.59
2026-08-06 1967 2123.467 61.377 2.976
2026-08-07 1950 2151.811 28.344 1.335
2026-08-08 1953 2152.15 0.339 0.016
2026-08-09 1953 2152.15 0 0
2026-08-10 1926 2182.93 30.78 1.43
2026-08-11 1902 2208.292 25.362 1.162
2026-08-12 1866 2256.371 48.079 2.177
2026-08-13 1953 2148.508 -107.863 -4.78
2026-08-15 2060 2041.45 -107.058 -4.983
2026-08-16 2059 2041.45 0 0
2026-08-17 2184 1941.853 -99.597 -4.879
2026-08-18 2183 1937.263 -4.59 -0.236
2026-08-19 2189 1916.478 -20.785 -1.073
2026-08-20 2094 2008.18 91.702 4.785
2026-08-21 2088 2011.112 2.932 0.146
2026-08-23 2088 2011.124 0.012 0.001
2026-08-24 2134 1977.909 -33.215 -1.652
2026-08-25 2148 1964.714 -13.195 -0.667
2026-08-26 2053 2049.131 84.417 4.297
2026-08-27 2008 2101.669 52.538 2.564
2026-08-28 2031 2071.558 -30.111 -1.433
2026-08-29 2029 2075.005 3.447 0.166
2026-08-30 2029 2075.005 0 0
2026-08-31 2034 2070.616 -4.389 -0.212
2026-09-01 2058 2037.968 0 0
