2026-03-10 2401 1684.248 0 0
2026-03-11 2393 1698.107 13.859 0.823
2026-03-12 2423 1649.881 -48.226 -2.84
2026-03-13 2435 1628.123 -21.758 -1.319
2026-03-14 2452 1611.165 -16.958 -1.042
2026-03-15 2451 1611.165 0 0
2026-03-16 2458 1603.061 -8.104 -0.503
2026-03-17 2413 1645.072 42.011 2.621
2026-03-18 2419 1645.71 0.638 0.039
2026-03-19 2409 1642.719 -2.991 -0.182
2026-03-20 2404 1636.41 -6.309 -0.384
2026-03-21 2398 1639.317 2.907 0.178
2026-03-22 2398 1639.317 0 0
2026-03-23 2384 1647.904 8.587 0.524
2026-03-24 2377 1663.129 15.225 0.924
2026-03-25 2372 1673.004 9.875 0.594
2026-03-27 2395 1643.114 -29.89 -1.787
2026-03-28 2388 1644.92 1.806 0.11
2026-03-29 2388 1644.92 0 0
2026-03-30 2407 1625.872 -19.048 -1.158
2026-03-31 2404 1629.652 3.78 0.232
2026-04-01 2348 1699.09 69.438 4.261
2026-04-02 2340 1711.886 12.796 0.753
2026-04-03 2344 1698.429 -13.457 -0.786
2026-04-04 2344 1698.429 0 0
2026-04-05 2344 1698.429 0 0
2026-04-06 2350 1698.429 0 0
2026-04-07 2312 1733.643 35.214 2.073
2026-04-08 2274 1794.609 60.966 3.517
2026-04-09 2260 1815.572 20.963 1.168
2026-04-10 2188 1881.183 65.611 3.614
2026-04-11 2181 1894.929 13.746 0.731
2026-04-12 2181 1894.929 0 0
2026-04-13 2052 2015.317 120.388 6.353
2026-04-14 2032 2044.604 29.287 1.453
2026-04-15 2020 2069.978 25.374 1.241
2026-04-16 2070 2021.746 -48.232 -2.33
2026-04-17 2041 2059.979 38.233 1.891
2026-04-18 2019 2089.588 29.609 1.437
2026-04-19 2019 2089.588 0 0
2026-04-20 2045 2055.732 -33.856 -1.62
2026-04-21 2095 2006.349 -49.383 -2.402
2026-04-22 2124 1988.667 -17.682 -0.881
2026-04-23 2142 1952.973 -35.694 -1.795
2026-04-24 2142 1951.027 -1.946 -0.1
2026-04-25 2144 1949.637 -1.39 -0.071
2026-04-26 2144 1949.637 0 0
2026-04-27 2147 1950.834 1.197 0.061
2026-04-28 2131 1965.395 14.561 0.746
2026-04-29 2138 1954.344 -11.051 -0.562
2026-04-30 2144 1948.261 -6.083 -0.311
2026-05-01 2139 1955.769 7.508 0.385
2026-05-02 2123 1974.219 18.45 0.943
2026-05-04 2113 1984.393 10.174 0.515
2026-05-05 2065 2023.48 39.087 1.97
2026-05-06 2098 2000.739 -22.741 -1.124
2026-05-07 2083 2014.335 13.596 0.68
2026-05-08 2076 2025.325 10.99 0.546
2026-05-09 2072 2029.553 4.228 0.209
2026-05-10 2072 2029.553 0 0
<<<<<<< HEAD
2026-05-11 2063 2039.936 10.383 0.512
2026-05-12 2089 2005.031 -34.905 -1.711
2026-05-13 2151 1959.76 -45.271 -2.258
2026-05-14 2119 1985.767 26.007 1.327
2026-05-15 2144 1959.732 -26.035 -1.311
2026-05-16 2161 1936.521 -23.211 -1.184
2026-05-17 2161 1936.521 0 0
2026-05-18 2161 1937.769 1.248 0.064
2026-05-19 2169 1928.511 -9.258 -0.478
2026-05-20 2172 1921.281 -7.23 -0.375
2026-05-21 2152 1939.908 18.627 0.97
2026-05-22 2217 1891.431 -48.477 -2.499
2026-05-23 2215 1892.854 1.423 0.075
2026-05-24 2215 1892.854 0 0
2026-05-26 2189 1914.747 21.893 1.157
2026-05-27 2170 1937.222 22.475 1.174
2026-05-28 2171 1933.694 -3.528 -0.182
2026-05-29 2115 1979.13 45.436 2.35
2026-05-31 2119 1982.319 3.189 0.161
2026-06-01 2136 1964.19 -18.129 -0.915
2026-06-02 2108 1980.129 15.939 0.811
2026-06-03 2122 1964.877 -15.252 -0.77
2026-06-04 2149 1943.652 -21.225 -1.08
2026-06-05 2119 1954.52 10.868 0.559
2026-06-06 2137 1935.213 -19.307 -0.988
2026-06-07 2137 1935.213 0 0
2026-06-08 2140 1923.701 -11.512 -0.595
2026-06-09 2144 1917.674 -6.027 -0.313
2026-06-10 2151 1911.609 -6.065 -0.316
2026-06-11 2118 1939.35 27.741 1.451
2026-06-12 2078 1981.484 42.134 2.173
2026-06-13 2060 2006.537 25.053 1.264
2026-06-15 2027 2047.477 40.94 2.04
2026-06-16 2004 2086.564 39.087 1.909
2026-06-17 1974 2105.771 19.207 0.921
2026-06-18 1995 2091.575 -14.196 -0.674
2026-06-19 2030 2039.334 -52.241 -2.498
2026-06-20 2031 2039.334 0 0
2026-06-21 2031 2039.334 0 0
2026-06-23 1996 2070.893 31.559 1.548
2026-06-24 2015 2043.349 -27.544 -1.33
2026-06-25 2008 2052.294 8.945 0.438
2026-06-26 1996 2064.117 11.823 0.576
2026-06-27 1993 2069.634 5.517 0.267
2026-06-28 1993 2069.634 0 0
2026-06-29 1999 2060.81 -8.824 -0.426
2026-06-30 1994 2074.137 13.327 0.647
2026-07-01 2007 2069.965 -4.172 -0.201
2026-07-02 1987 2098.569 28.604 1.382
2026-07-03 1972 2123.173 24.604 1.172
2026-07-04 1972 2123.173 0 0
2026-07-05 1972 2123.173 0 0
2026-07-06 1960 2124.432 1.259 0.059
2026-07-07 1988 2082.652 -41.78 -1.967
2026-07-08 1992 2069.714 -12.938 -0.621
2026-07-09 1989 2074.679 4.965 0.24
2026-07-10 1995 2077.097 2.418 0.117
2026-07-11 1992 2081.505 4.408 0.212
2026-07-12 1992 2081.505 0 0
2026-07-13 1994 2060.844 -20.661 -0.993
2026-07-14 1986 2074.519 13.675 0.664
2026-07-15 2030 2033.262 -41.257 -1.989
2026-07-16 2003 2055.846 22.584 1.111
2026-07-17 2033 2013.548 -42.298 -2.057
2026-07-18 2032 2014.64 1.092 0.054
2026-07-19 2031 2014.64 0 0
2026-07-20 2016 2025.564 10.924 0.542
2026-07-21 1984 2073.766 48.202 2.38
2026-07-22 1983 2081.919 8.153 0.393
2026-07-23 1993 2065.719 -16.2 -0.778
2026-07-24 2005 2032.52 -33.199 -1.607
2026-07-25 1987 2054.31 21.79 1.072
2026-07-26 1987 2054.31 0 0
2026-07-27 1988 2072.987 18.677 0.909
2026-07-28 1979 2071.333 -1.654 -0.08
2026-07-29 1975 2079.736 8.403 0.406
2026-07-30 1972 2093.071 13.335 0.641
2026-07-31 1961 2112.401 19.33 0.924
2026-08-01 1970 2102.853 -9.548 -0.452
2026-08-02 1970 2102.853 0 0
2026-08-03 1969 2110.368 7.515 0.357
2026-08-04 1961 2126.25 15.882 0.753
2026-08-05 1971 2121.495 -4.755 -0.224
2026-08-06 1989 2101.286 -20.209 -0.953
2026-08-07 1989 2113.205 11.919 0.567
2026-08-08 1974 2126.686 13.481 0.638
2026-08-09 1974 2126.686 0 0
2026-08-10 1991 2109.356 -17.33 -0.815
2026-08-11 1988 2111.485 2.129 0.101
2026-08-12 2000 2106.594 -4.891 -0.232
2026-08-13 1993 2108.788 2.194 0.104
=======
2026-05-11 2077 2029.553 0 0
2026-05-12 2060 2039.936 0 0
2026-05-13 2087 2005.031 0 0
2026-05-14 2144 1959.76 0 0
2026-05-15 2120 1985.767 0 0
2026-05-16 2144 1959.732 0 0
2026-05-17 2161 1936.521 0 0
2026-05-18 2156 1936.521 0 0
2026-05-19 2157 1937.769 0 0
2026-05-20 2161 1928.511 0 0
2026-05-21 2217 1885.825 0 0
2026-05-22 2206 1898.83 0 0
2026-05-23 2217 1891.431 0 0
2026-05-24 2215 1892.854 0 0
2026-05-25 2215 1892.854 0 0
2026-05-26 2216 1892.854 0 0
2026-05-27 2182 1914.747 0 0
2026-05-28 2169 1934.243 0 0
2026-05-29 2159 1933.694 0 0
2026-05-30 2115 1979.13 0 0
2026-05-31 2119 1982.319 0 0
2026-06-01 2118 1982.319 0 0
2026-06-02 2132 1964.19 0 0
2026-06-03 2109 1980.129 0 0
2026-06-04 2121 1964.877 0 0
2026-06-05 2148 1943.652 0 0
2026-06-06 2119 1954.52 0 0
2026-06-07 2137 1935.213 0 0
2026-06-09 2140 1923.701 0 0
2026-06-10 2149 1917.674 0 0
2026-06-11 2145 1911.609 0 0
2026-06-12 2130 1939.35 0 0
2026-06-13 2078 1981.484 0 0
2026-06-14 2060 2006.537 0 0
2026-06-16 2029 2047.477 0 0
2026-06-17 2003 2086.564 0 0
2026-06-18 1977 2105.771 0 0
2026-06-19 1996 2091.575 0 0
2026-06-20 2030 2039.334 0 0
2026-06-21 2031 2039.334 0 0
2026-06-22 2027 2039.334 0 0
2026-06-23 2002 2070.75 0 0
2026-06-24 1997 2070.893 0 0
2026-06-25 2020 2043.349 0 0
2026-06-26 2000 2052.294 0 0
2026-06-27 1996 2064.117 0 0
2026-06-28 1993 2069.634 0 0
2026-06-29 1990 2069.634 0 0
2026-06-30 1999 2060.81 0 0
2026-07-01 2005 2074.137 0 0
2026-07-02 2007 2069.965 0 0
2026-07-03 1993 2098.569 0 0
2026-07-04 1972 2123.173 0 0
2026-07-05 1972 2123.173 0 0
2026-07-06 1970 2123.173 0 0
2026-07-07 1954 2124.432 0 0
2026-07-08 1984 2082.652 0 0
2026-07-09 1987 2069.714 0 0
2026-07-10 1999 2074.679 0 0
2026-07-11 1995 2077.097 0 0
2026-07-12 1992 2081.505 0 0
2026-07-13 1984 2081.505 0 0
2026-07-14 1989 2060.844 0 0
2026-07-15 1993 2074.519 0 0
2026-07-16 2027 2033.262 0 0
2026-07-17 1997 2055.846 0 0
2026-07-18 2033 2013.548 0 0
2026-07-19 2032 2014.64 0 0
2026-07-20 2029 2014.64 0 0
2026-07-21 2020 2025.564 0 0
2026-07-22 1987 2073.766 0 0
2026-07-23 1982 2081.919 0 0
2026-07-24 1988 2065.719 0 0
2026-07-25 2005 2032.52 0 0
2026-07-26 1987 2054.31 0 0
2026-07-27 1991 2054.31 0 0
2026-07-28 1982 2072.987 0 0
2026-07-29 1983 2071.333 0 0
2026-07-30 1976 2079.736 0 0
2026-07-31 1982 2093.071 0 0
2026-08-01 1961 2112.401 0 0
2026-08-02 1970 2102.853 0 0
2026-08-03 1966 2102.853 0 0
2026-08-04 1975 2110.368 0 0
2026-08-05 1964 2126.25 0 0
2026-08-06 1969 2121.495 0 0
2026-08-07 1988 2101.286 0 0
2026-08-08 1989 2113.205 0 0
2026-08-09 1974 2126.686 0 0
2026-08-10 1975 2126.686 0 0
2026-08-11 1990 2109.356 0 0
2026-08-12 1988 2111.485 0 0
2026-08-13 1994 2106.594 0 0
2026-08-14 1995 2108.788 0 0
>>>>>>> 2b550085baac25c543016ca743053a87bf115d5d
2026-08-15 1986 2111.819 0 0
2026-08-16 1985 2118.959 0 0
2026-08-17 1983 2118.959 0 0
2026-08-18 1988 2117.834 0 0
2026-08-19 2002 2100.252 0 0
2026-08-20 2016 2085.504 0 0
2026-08-21 1987 2106.398 0 0
