2026-03-10 2878 1309.976 0 0
2026-03-11 2885 1309.976 0 0
2026-03-12 2872 1309.976 0 0
2026-03-13 2865 1309.976 0 0
2026-03-14 2858 1309.976 0 0
2026-03-15 2858 1309.976 0 0
2026-03-16 2855 1309.976 0 0
2026-03-17 2855 1309.976 0 0
2026-03-18 2850 1309.976 0 0
2026-03-19 2835 1309.976 0 0
2026-03-20 2835 1309.976 0 0
2026-03-21 2834 1309.976 0 0
2026-03-22 2834 1309.976 0 0
2026-03-23 2816 1309.976 0 0
2026-03-24 2820 1309.976 0 0
2026-03-25 2831 1309.976 0 0
2026-03-27 2821 1309.976 0 0
2026-03-28 2815 1309.976 0 0
2026-03-29 2815 1309.976 0 0
2026-03-30 2818 1309.976 0 0
2026-03-31 2818 1309.976 0 0
2026-04-01 2837 1309.976 0 0
2026-04-02 2827 1309.976 0 0
2026-04-03 2824 1309.976 0 0
2026-04-04 2824 1309.976 0 0
2026-04-05 2824 1309.976 0 0
2026-04-06 2826 1309.976 0 0
2026-04-07 2820 1309.976 0 0
2026-04-08 2853 1309.976 0 0
2026-04-09 2854 1309.976 0 0
2026-04-10 2863 1309.976 0 0
2026-04-11 2861 1309.976 0 0
2026-04-12 2861 1309.976 0 0
2026-04-13 2869 1309.976 0 0
2026-04-14 2884 1309.976 0 0
2026-04-15 2895 1309.976 0 0
2026-04-16 2900 1309.976 0 0
2026-04-17 2901 1309.976 0 0
2026-04-18 2905 1309.976 0 0
2026-04-19 2905 1309.976 0 0
2026-04-20 2913 1309.976 0 0
2026-04-21 2908 1309.976 0 0
2026-04-22 2910 1309.976 0 0
2026-04-23 2895 1309.976 0 0
2026-04-24 2883 1309.976 0 0
2026-04-25 2883 1309.976 0 0
2026-04-26 2883 1309.976 0 0
2026-04-27 2892 1309.976 0 0
2026-04-28 2890 1309.976 0 0
2026-04-29 2877 1309.976 0 0
2026-04-30 2887 1309.976 0 0
2026-05-01 2891 1309.976 0 0
2026-05-02 2891 1309.976 0 0
2026-05-04 2899 1309.976 0 0
2026-05-05 2906 1309.976 0 0
2026-05-06 2907 1309.976 0 0
2026-05-07 2916 1309.976 0 0
2026-05-08 2918 1309.976 0 0
2026-05-09 2917 1309.976 0 0
2026-05-10 2917 1309.976 0 0
2026-05-11 2919 1309.976 0 0
2026-05-12 2909 1309.976 0 0
2026-05-13 2904 1309.976 0 0
2026-05-14 2901 1309.976 0 0
2026-05-15 2892 1309.976 0 0
2026-05-16 2890 1309.976 0 0
2026-05-17 2890 1309.976 0 0
2026-05-18 2893 1309.976 0 0
2026-05-19 2898 1309.976 0 0
2026-05-20 2893 1309.976 0 0
2026-05-21 2894 1309.976 0 0
2026-05-22 2900 1309.976 0 0
2026-05-23 2907 1309.976 0 0
2026-05-24 2907 1309.976 0 0
2026-05-26 2901 1309.976 0 0
2026-05-27 2904 1309.976 0 0
2026-05-28 2899 1309.976 0 0
2026-05-29 2892 1309.976 0 0
2026-05-31 2894 1309.976 0 0
2026-06-01 2890 1309.976 0 0
2026-06-02 2887 1309.976 0 0
2026-06-03 2872 1309.976 0 0
2026-06-04 2869 1309.976 0 0
2026-06-05 2866 1309.976 0 0
2026-06-06 2872 1309.976 0 0
2026-06-07 2872 1309.976 0 0
2026-06-08 2847 1309.976 0 0
2026-06-09 2858 1309.976 0 0
2026-06-10 2851 1309.976 0 0
2026-06-11 2841 1309.976 0 0
2026-06-12 2861 1309.976 0 0
2026-06-13 2867 1309.976 0 0
2026-06-15 2879 1309.976 0 0
2026-06-16 2883 1309.976 0 0
2026-06-17 2880 1309.976 0 0
2026-06-18 2877 1309.976 0 0
2026-06-19 2873 1309.976 0 0
2026-06-20 2873 1309.976 0 0
2026-06-21 2873 1309.976 0 0
2026-06-23 2862 1309.976 0 0
2026-06-24 2860 1309.976 0 0
2026-06-25 2860 1309.976 0 0
2026-06-26 2858 1309.976 0 0
2026-06-27 2857 1309.976 0 0
2026-06-28 2857 1309.976 0 0
2026-06-29 2864 1309.976 0 0
2026-06-30 2868 1309.976 0 0
2026-07-01 2877 1309.976 0 0
2026-07-02 2869 1309.976 0 0
2026-07-03 2884 1309.976 0 0
2026-07-04 2884 1309.976 0 0
2026-07-05 2884 1309.976 0 0
2026-07-06 2882 1309.976 0 0
2026-07-07 2872 1309.976 0 0
2026-07-08 2862 1309.976 0 0
2026-07-09 2865 1309.976 0 0
2026-07-10 2870 1309.976 0 0
2026-07-11 2871 1309.976 0 0
2026-07-12 2871 1309.976 0 0
2026-07-13 2863 1309.976 0 0
2026-07-14 2865 1309.976 0 0
2026-07-15 2866 1309.976 0 0
2026-07-16 2873 1309.976 0 0
2026-07-17 2854 1309.976 0 0
2026-07-18 2855 1309.976 0 0
2026-07-19 2854 1309.976 0 0
2026-07-20 2849 1309.976 0 0
2026-07-21 2863 1309.976 0 0
2026-07-22 2855 1309.976 0 0
2026-07-23 2848 1309.976 0 0
2026-07-24 2846 1309.976 0 0
2026-07-25 2844 1309.976 0 0
2026-07-26 2844 1309.976 0 0
2026-07-27 2863 1309.976 0 0
2026-07-28 2861 1309.976 0 0
2026-07-29 2866 1309.976 0 0
2026-07-30 2858 1309.976 0 0
2026-07-31 2871 1309.976 0 0
2026-08-01 2873 1309.976 0 0
2026-08-02 2873 1309.976 0 0
2026-08-03 2887 1309.976 0 0
2026-08-04 2894 1309.976 0 0
2026-08-05 2899 1309.976 0 0
2026-08-06 2902 1309.976 0 0
2026-08-07 2908 1309.976 0 0
2026-08-08 2908 1309.976 0 0
2026-08-09 2908 1309.976 0 0
2026-08-10 2916 1309.976 0 0
2026-08-11 2911 1309.976 0 0
2026-08-12 2906 1309.976 0 0
2026-08-13 2910 1309.976 0 0
2026-08-15 2910 1309.976 0 0
2026-08-16 2910 1309.976 0 0
2026-08-17 2922 1309.976 0 0
2026-08-18 2919 1309.976 0 0
2026-08-19 2917 1309.976 0 0
2026-08-20 2917 1309.976 0 0
2026-08-21 2917 1309.976 0 0
2026-08-23 2917 1309.976 0 0
2026-08-24 2913 1309.976 0 0
2026-08-25 2924 1309.976 0 0
2026-08-26 2928 1309.976 0 0
2026-08-27 2926 1309.976 0 0
2026-08-28 2924 1309.976 0 0
2026-08-29 2925 1309.976 0 0
2026-08-30 2925 1309.976 0 0
2026-08-31 2924 1309.976 0 0
2026-09-01 2922 1309.976 0 0
2026-09-02 2913 1309.976 0 0
2026-09-03 2917 1309.976 0 0
2026-09-04 2921 1309.976 0 0
