2019-11-07 2126 1032.432 0 0
2020-01-19 2175 1018.249 -14.183 -1.374
2021-04-28 2727 1004.19 -14.059 -1.381
2021-04-29  991.393 -12.797 -1.274
2021-05-11 2686 1029.726 38.333 3.867
2021-05-12  998.032 -31.694 -3.078
2021-06-11  992.307 -5.725 -0.574
2025-07-09 3004 1031.929 39.622 3.993
2025-07-10 2968 1055.265 23.336 2.261
2025-07-11 3011 1029.689 -25.576 -2.424
2025-07-12 3021 1026.096 -3.593 -0.349
2025-07-13 3021 1026.096 0 0
2025-07-14 2972 1050.256 24.16 2.355
2025-07-15 2987 1043.62 -6.636 -0.632
2025-07-16 3038 1017.211 -26.409 -2.531
2025-07-17 3052 1007.548 -9.663 -0.95
2025-07-18  996.063 -11.485 -1.14
2026-02-14 3184 1003.915 7.852 0.788
2026-02-15 3185 1003.915 0 0
2026-02-16 3183 1003.915 0 0
2026-02-17 3179 1003.915 0 0
2026-02-18 3183 1003.915 0 0
2026-02-19 3183 1002.574 -1.341 -0.134
2026-02-20 3168 1008.744 6.17 0.615
2026-02-21 3169 1008.117 -0.627 -0.062
2026-02-22 3167 1008.117 0 0
2026-02-23 3106 1059.476 51.359 5.095
2026-02-24 3116 1051.914 -7.562 -0.714
2026-02-25 3115 1057.039 5.125 0.487
2026-02-26 3135 1038.951 -18.088 -1.711
2026-02-27 3143 1032.227 -6.724 -0.647
2026-02-28 3156 1023.221 -9.006 -0.872
2026-03-01 3150 1023.221 0 0
2026-03-02 3141 1023.221 0 0
2026-03-03 3128 1014.3 -8.921 -0.872
2026-03-11 3348 1015.274 0.974 0.096
2026-03-12 3344 1012.359 -2.915 -0.287
2026-03-13  995.455 -16.904 -1.67
2026-03-19 3324 1011.272 15.817 1.589
2026-03-21 3318 1010.198 -1.074 -0.106
2026-03-22 3318 1010.198 0 0
2026-03-23  980.302 -29.896 -2.959
2026-03-25 3317 1009.57 29.268 2.986
2026-03-27 3297 1018.537 8.967 0.888
2026-03-28 3320 1009.322 -9.215 -0.905
2026-03-29 3330 1005.377 -3.945 -0.391
2026-03-30  958.69 -46.687 -4.644
2026-04-15 3357 1024.75 66.06 6.891
2026-04-16 3355 1029.409 4.659 0.455
2026-04-17 3366 1022.18 -7.229 -0.702
2026-04-18 3372 1016.491 -5.689 -0.557
2026-04-19 3372 1016.491 0 0
2026-04-20 3366 1021.67 5.179 0.509
2026-04-21 3366 1020.838 -0.832 -0.081
2026-04-22 3378 1009.734 -11.104 -1.088
2026-04-23 3328 1038.129 28.395 2.812
2026-04-24 3334 1030.619 -7.51 -0.723
2026-04-25 3338 1028.258 -2.361 -0.229
2026-04-26 3338 1028.258 0 0
2026-04-27 3349 1025.35 -2.908 -0.283
2026-04-28 3344 1025.997 0.647 0.063
2026-04-29 3308 1049.21 23.213 2.262
2026-04-30 3298 1056.535 7.325 0.698
2026-05-01 3301 1053.116 -3.419 -0.324
2026-05-02 3302 1053.116 0 0
2026-05-04 3334 1028.907 -24.209 -2.299
2026-05-05 3347 1020.378 -8.529 -0.829
2026-05-06 3353 1020.378 0 0
2026-05-07 3337 1041.898 21.52 2.109
2026-05-08 3353 1036.515 -5.383 -0.517
2026-05-09 3370 1024.78 -11.735 -1.132
2026-05-10 3370 1024.78 0 0
<<<<<<< HEAD
2026-05-11 3380 1013.038 -11.742 -1.146
2026-05-12 3383 1003.301 -9.737 -0.961
2026-05-15 3237 1104.431 101.13 10.08
2026-05-16 3247 1096.634 -7.797 -0.706
2026-05-17 3247 1096.634 0 0
2026-05-18 3332 1033.074 -63.56 -5.796
2026-05-19 3356 1014.316 -18.758 -1.816
2026-05-20  993.321 -20.995 -2.07
2026-05-23 3382 1009.155 15.834 1.594
2026-05-24 3382 1009.155 0 0
2026-05-26 3379 1009.603 0.448 0.044
2026-05-27 3384 1004.708 -4.895 -0.485
2026-05-28 3368 1013.084 8.376 0.834
2026-05-29 3376 1004.176 -8.908 -0.879
2026-05-31 3390 1001.378 -2.798 -0.279
2026-06-01  994.407 -6.971 -0.696
2026-06-03 3341 1023.901 29.494 2.966
2026-06-04 3325 1034.013 10.112 0.988
2026-06-05 3345 1010.885 -23.128 -2.237
2026-06-06 3363 1003.963 -6.922 -0.685
2026-06-07 3363 1003.963 0 0
2026-06-08  959.944 -44.019 -4.385
2026-06-10 3339 1007.041 47.097 4.906
2026-06-12 3334 1013.351 6.31 0.627
2026-06-13 3333 1019.919 6.568 0.648
2026-06-15 3316 1037.158 17.239 1.69
2026-06-16 3291 1057.409 20.251 1.953
2026-06-17 3311 1036.824 -20.585 -1.947
2026-06-18 3338 1014.37 -22.454 -2.166
2026-06-19 3358 1004.971 -9.399 -0.927
2026-06-20 3358 1004.971 0 0
2026-06-21 3358 1004.971 0 0
2026-07-07 3324 1026.986 22.015 2.191
2026-07-08 3320 1023.124 -3.862 -0.376
2026-07-09 3334 1014.658 -8.466 -0.827
2026-07-10 3291 1052.734 38.076 3.753
2026-07-11 3291 1055.537 2.803 0.266
2026-07-12 3291 1055.537 0 0
2026-07-13 3281 1051.687 -3.85 -0.365
2026-07-14 3327 1025.634 -26.053 -2.477
2026-07-15 3337 1023.579 -2.055 -0.2
2026-07-16 3309 1038.696 15.117 1.477
2026-07-17 3288 1042.59 3.894 0.375
2026-07-18 3285 1042.486 -0.104 -0.01
2026-07-19 3284 1042.486 0 0
2026-07-20 3319 1023.684 -18.802 -1.804
2026-07-21 3318 1021.402 -2.282 -0.223
2026-07-22 3316 1024.362 2.96 0.29
2026-07-23 3303 1030.218 5.856 0.572
2026-07-24 3270 1047.112 16.894 1.64
2026-07-25 3268 1047.612 0.5 0.048
2026-07-26 3268 1047.612 0 0
2026-07-27 3278 1051.992 4.38 0.418
2026-07-28 3292 1036.821 -15.171 -1.442
2026-07-29 3289 1039.654 2.833 0.273
2026-07-30 3265 1056.883 17.229 1.657
2026-07-31 3268 1063.741 6.858 0.649
2026-08-01 3260 1072.582 8.841 0.831
2026-08-02 3260 1072.582 0 0
2026-08-03 3263 1074.611 2.029 0.189
2026-08-04 3283 1068.184 -6.427 -0.598
2026-08-05 3280 1075.15 6.966 0.652
2026-08-06 3214 1113.838 38.688 3.598
2026-08-07 3179 1138.688 24.85 2.231
2026-08-08 3173 1143.67 4.982 0.438
2026-08-09 3173 1143.67 0 0
2026-08-10 3172 1148.681 5.011 0.438
2026-08-11 3175 1146.881 -1.8 -0.157
2026-08-12 3225 1115.564 -31.317 -2.731
2026-08-13 3243 1101.642 -13.922 -1.248
=======
2026-05-11 3367 1023.392 0 0
2026-05-12 3393 1000.059 0 0
2026-05-13 3401 991.579 0 0
2026-05-16 3237 1104.431 0 0
2026-05-17 3247 1096.634 0 0
2026-05-18 3322 1038.371 0 0
2026-05-19 3372 1001.103 0 0
2026-05-20 3384 990.603 0 0
2026-05-21 3379 1001.234 0 0
2026-05-24 3382 1009.155 0 0
2026-05-25 3380 1009.155 0 0
2026-05-26 3372 1012.674 0 0
2026-05-27 3398 986.911 0 0
2026-05-28 3369 1010.559 0 0
2026-05-29 3382 1004.392 0 0
2026-05-30 3376 1004.176 0 0
2026-05-31 3390 1001.378 0 0
2026-06-01 3387 1001.872 0 0
2026-06-02 3359 1015.334 0 0
2026-06-04 3328 1031.053 0 0
2026-06-05 3363 1005.044 0 0
2026-06-06 3345 1010.885 0 0
2026-06-07 3363 1003.963 0 0
2026-06-09 3369 989.182 0 0
2026-06-11 3281 1038.065 0 0
2026-06-13 3334 1013.351 0 0
2026-06-14 3333 1019.919 0 0
2026-06-16 3323 1030.281 0 0
2026-06-17 3300 1048.756 0 0
2026-06-18 3334 1020.255 0 0
2026-06-19 3358 1001.496 0 0
2026-06-20 3358 1004.971 0 0
2026-06-21 3358 1004.971 0 0
2026-06-22 3372 986.306 0 0
2026-06-23 3372 978.236 0 0
2026-07-08 3351 1003.733 0 0
2026-07-09 3368 984.957 0 0
2026-07-10 3247 1075.672 0 0
2026-07-11 3291 1052.734 0 0
2026-07-12 3291 1055.537 0 0
2026-07-13 3276 1060.988 0 0
2026-07-14 3304 1035.314 0 0
2026-07-15 3329 1027.566 0 0
2026-07-16 3322 1032.067 0 0
2026-07-17 3298 1038.696 0 0
2026-07-18 3288 1042.59 0 0
2026-07-19 3285 1042.486 0 0
2026-07-20 3315 1026.449 0 0
2026-07-21 3310 1024.832 0 0
2026-07-22 3294 1035.887 0 0
2026-07-23 3300 1031.766 0 0
2026-07-24 3300 1030.907 0 0
2026-07-25 3270 1047.112 0 0
2026-07-26 3268 1047.612 0 0
2026-07-27 3257 1061.136 0 0
2026-07-28 3279 1044.471 0 0
2026-07-29 3280 1052.209 0 0
2026-07-30 3251 1069.223 0 0
2026-07-31 3274 1053.519 0 0
2026-08-01 3268 1063.741 0 0
2026-08-02 3260 1072.582 0 0
2026-08-03 3231 1091.465 0 0
2026-08-04 3275 1068.637 0 0
2026-08-05 3262 1084.442 0 0
2026-08-06 3262 1087.648 0 0
2026-08-07 3181 1131.27 0 0
2026-08-08 3179 1138.688 0 0
2026-08-09 3173 1143.67 0 0
2026-08-10 3181 1138.981 0 0
2026-08-11 3130 1167.519 0 0
2026-08-12 3209 1127.285 0 0
2026-08-13 3237 1106.901 0 0
2026-08-14 3224 1115.637 0 0
>>>>>>> 2b550085baac25c543016ca743053a87bf115d5d
2026-08-15 3221 1113.01 0 0
2026-08-16 3220 1114.864 0 0
2026-08-17 3220 1114.864 0 0
2026-08-18 3262 1088.902 0 0
2026-08-19 3297 1059.463 0 0
2026-08-20 3258 1083.68 0 0
2026-08-21 3262 1081.941 0 0
2026-08-22 3258 1090.22 0 0
2026-08-24 3247 1098.98 0 0
2026-08-25 3254 1094.508 0 0
2026-08-26 3229 1108.839 0 0
2026-08-27 3275 1091.303 0 0
