2026-03-10 2292 1790.117 0 0
2026-03-11 2301 1776.796 -13.321 -0.744
2026-03-12 2290 1767.343 -9.453 -0.532
2026-03-13 2295 1756.6 -10.743 -0.608
2026-03-14 2290 1756.6 0 0
2026-03-15 2290 1756.6 0 0
2026-03-16 2295 1751.014 -5.586 -0.318
2026-03-17 2310 1743.28 -7.734 -0.442
2026-03-18 2359 1710.622 -32.658 -1.873
2026-03-19 2307 1743.709 33.087 1.934
2026-03-20 2296 1741.991 -1.718 -0.099
2026-03-21 2295 1741.991 0 0
2026-03-22 2295 1741.991 0 0
2026-03-23 2264 1758.319 16.328 0.937
2026-03-24 2330 1711.482 -46.837 -2.664
2026-03-25 2415 1623.393 -88.089 -5.147
2026-03-26 2415 1625.757 2.364 0.146
2026-03-27 2427 1609.213 -16.544 -1.018
2026-03-28 2423 1609.213 0 0
2026-03-29 2424 1609.213 0 0
2026-03-30 2433 1601.479 -7.734 -0.481
2026-03-31 2409 1624.682 23.203 1.449
2026-04-01 2461 1585.15 -39.532 -2.433
2026-04-02 2447 1602.338 17.188 1.084
2026-04-03 2438 1602.338 0 0
2026-04-04 2438 1602.338 0 0
2026-04-05 2438 1602.338 0 0
2026-04-06 2419 1623.393 21.055 1.314
2026-04-07 2448 1591.596 -31.797 -1.959
2026-04-08 2451 1620.815 29.219 1.836
2026-04-09 2543 1552.923 -67.892 -4.189
2026-04-10 2656 1460.537 -92.386 -5.949
2026-04-11 2660 1460.537 0 0
2026-04-12 2660 1460.537 0 0
2026-04-13 2585 1525.851 65.314 4.472
2026-04-14 2572 1543.469 17.618 1.155
2026-04-15 2541 1578.704 35.235 2.283
2026-04-16 2511 1604.487 25.783 1.633
2026-04-17 2506 1622.964 18.477 1.152
2026-04-18 2508 1622.964 0 0
2026-04-19 2508 1622.964 0 0
2026-04-20 2503 1628.55 5.586 0.344
2026-04-21 2508 1619.526 -9.024 -0.554
2026-04-22 2494 1628.979 9.453 0.584
2026-04-23 2609 1518.547 -110.432 -6.779
2026-04-24 2571 1552.493 33.946 2.235
2026-04-25 2568 1552.493 0 0
2026-04-26 2568 1552.493 0 0
2026-04-27 2598 1526.281 -26.212 -1.688
2026-04-28 2617 1504.366 -21.915 -1.436
2026-04-29 2595 1526.711 22.345 1.485
2026-04-30 2606 1517.257 -9.454 -0.619
2026-05-01 2556 1557.649 40.392 2.662
2026-05-02 2559 1557.649 0 0
2026-05-04 2562 1559.368 1.719 0.11
2026-05-05 2595 1540.032 -19.336 -1.24
2026-05-06 2663 1493.624 -46.408 -3.013
2026-05-07 2588 1560.227 66.603 4.459
2026-05-08 2636 1523.273 -36.954 -2.369
2026-05-09 2636 1523.273 0 0
2026-05-10 2636 1523.273 0 0
<<<<<<< HEAD
2026-05-11 2649 1518.117 -5.156 -0.338
2026-05-12 2626 1519.406 1.289 0.085
2026-05-13 2721 1458.389 -61.017 -4.016
2026-05-14 2683 1479.444 21.055 1.444
2026-05-15 2653 1493.624 14.18 0.958
2026-05-16 2649 1493.624 0 0
2026-05-17 2649 1493.624 0 0
2026-05-18 2574 1546.907 53.283 3.567
2026-05-19 2595 1534.016 -12.891 -0.833
2026-05-20 2583 1548.196 14.18 0.924
2026-05-21 2583 1548.196 0 0
2026-05-22 2585 1540.461 -7.735 -0.5
2026-05-23 2585 1540.461 0 0
2026-05-24 2585 1540.461 0 0
2026-05-26 2617 1522.414 -18.047 -1.172
2026-05-27 2651 1493.194 -29.22 -1.919
2026-05-28 2648 1499.21 6.016 0.403
2026-05-29 2611 1518.117 18.907 1.261
2026-05-31 2617 1518.117 0 0
2026-06-01 2482 1629.839 111.722 7.359
2026-06-02 2535 1576.556 -53.283 -3.269
2026-06-03 2612 1517.257 -59.299 -3.761
2026-06-04 2594 1536.164 18.907 1.246
2026-06-05 2589 1530.578 -5.586 -0.364
2026-06-06 2585 1530.578 0 0
2026-06-07 2585 1530.578 0 0
2026-06-08 2564 1534.445 3.867 0.253
2026-06-09 2570 1538.313 3.868 0.252
2026-06-10 2591 1509.953 -28.36 -1.844
2026-06-11 2686 1429.169 -80.784 -5.35
2026-06-12 2692 1433.466 4.297 0.301
2026-06-13 2703 1433.466 0 0
2026-06-15 2721 1427.45 -6.016 -0.42
2026-06-16 2745 1411.981 -15.469 -1.084
2026-06-17 2793 1376.316 -35.665 -2.526
2026-06-18 2793 1378.035 1.719 0.125
2026-06-19 2787 1378.035 0 0
2026-06-20 2787 1378.035 0 0
2026-06-21 2787 1378.035 0 0
2026-06-23 2822 1336.783 -41.252 -2.994
2026-06-24 2809 1347.096 10.313 0.771
2026-06-25 2810 1349.245 2.149 0.16
2026-06-26 2740 1404.676 55.431 4.108
2026-06-27 2743 1404.676 0 0
2026-06-28 2743 1404.676 0 0
2026-06-29 2763 1392.644 -12.032 -0.857
2026-06-30 2757 1399.949 7.305 0.525
2026-07-01 2676 1459.678 59.729 4.267
2026-07-02 2625 1501.788 42.11 2.885
2026-07-03 2628 1501.788 0 0
2026-07-04 2628 1501.788 0 0
2026-07-05 2628 1501.788 0 0
2026-07-06 2616 1516.398 14.61 0.973
2026-07-07 2621 1509.523 -6.875 -0.453
2026-07-08 2655 1475.577 -33.946 -2.249
2026-07-09 2660 1473.858 -1.719 -0.116
2026-07-10 2661 1476.436 2.578 0.175
2026-07-11 2661 1476.436 0 0
2026-07-12 2661 1476.436 0 0
2026-07-13 2654 1479.874 3.438 0.233
2026-07-14 2683 1454.092 -25.782 -1.742
2026-07-15 2676 1470.85 16.758 1.152
2026-07-16 2581 1538.313 67.463 4.587
2026-07-17 2606 1505.226 -33.087 -2.151
2026-07-18 2605 1505.226 0 0
2026-07-19 2604 1505.226 0 0
2026-07-20 2590 1505.656 0.43 0.029
2026-07-21 2662 1458.818 -46.838 -3.111
2026-07-22 2750 1393.504 -65.314 -4.477
2026-07-23 2718 1409.832 16.328 1.172
2026-07-24 2642 1464.834 55.002 3.901
2026-07-25 2641 1464.834 0 0
2026-07-26 2641 1464.834 0 0
2026-07-27 2526 1564.095 99.261 6.776
2026-07-28 2431 1655.621 91.526 5.852
2026-07-29 2378 1703.747 48.126 2.907
2026-07-30 2455 1628.55 -75.197 -4.414
2026-07-31 2462 1638.433 9.883 0.607
2026-08-01 2463 1638.433 0 0
2026-08-02 2463 1638.433 0 0
2026-08-03 2456 1657.769 19.336 1.18
2026-08-04 2454 1665.934 8.165 0.493
2026-08-05 2464 1664.215 -1.719 -0.103
2026-08-06 2491 1634.995 -29.22 -1.756
2026-08-07 2506 1628.55 -6.445 -0.394
2026-08-08 2506 1628.55 0 0
2026-08-09 2506 1628.55 0 0
2026-08-10 2500 1632.847 4.297 0.264
2026-08-11 2459 1673.239 40.392 2.474
2026-08-12 2482 1650.894 -22.345 -1.335
2026-08-13 2443 1686.559 35.665 2.16
=======
2026-05-11 2644 1523.273 0 0
2026-05-12 2640 1518.117 0 0
2026-05-13 2618 1519.406 0 0
2026-05-14 2711 1458.389 0 0
2026-05-15 2685 1479.444 0 0
2026-05-16 2653 1493.624 0 0
2026-05-17 2649 1493.624 0 0
2026-05-18 2655 1493.624 0 0
2026-05-19 2579 1546.907 0 0
2026-05-20 2589 1534.016 0 0
2026-05-21 2588 1548.196 0 0
2026-05-22 2575 1548.196 0 0
2026-05-23 2585 1540.461 0 0
2026-05-24 2585 1540.461 0 0
2026-05-25 2591 1540.461 0 0
2026-05-26 2589 1540.461 0 0
2026-05-27 2616 1522.414 0 0
2026-05-28 2645 1493.194 0 0
2026-05-29 2643 1499.21 0 0
2026-05-30 2611 1518.117 0 0
2026-05-31 2617 1518.117 0 0
2026-06-01 2621 1518.117 0 0
2026-06-02 2479 1629.839 0 0
2026-06-03 2540 1576.556 0 0
2026-06-04 2608 1517.257 0 0
2026-06-05 2587 1536.164 0 0
2026-06-06 2589 1530.578 0 0
2026-06-07 2585 1530.578 0 0
2026-06-09 2574 1534.445 0 0
2026-06-10 2563 1538.313 0 0
2026-06-11 2587 1509.953 0 0
2026-06-12 2693 1429.169 0 0
2026-06-13 2692 1433.466 0 0
2026-06-14 2703 1433.466 0 0
2026-06-16 2721 1427.45 0 0
2026-06-17 2745 1411.981 0 0
2026-06-18 2796 1376.316 0 0
2026-06-19 2793 1378.035 0 0
2026-06-20 2787 1378.035 0 0
2026-06-21 2787 1378.035 0 0
2026-06-22 2780 1378.035 0 0
2026-06-23 2811 1356.12 0 0
2026-06-24 2822 1336.783 0 0
2026-06-25 2809 1347.096 0 0
2026-06-26 2801 1349.245 0 0
2026-06-27 2740 1404.676 0 0
2026-06-28 2743 1404.676 0 0
2026-06-29 2744 1404.676 0 0
2026-06-30 2761 1392.644 0 0
2026-07-01 2762 1399.949 0 0
2026-07-02 2677 1459.678 0 0
2026-07-03 2627 1501.788 0 0
2026-07-04 2628 1501.788 0 0
2026-07-05 2628 1501.788 0 0
2026-07-06 2633 1501.788 0 0
2026-07-07 2620 1516.398 0 0
2026-07-08 2614 1509.523 0 0
2026-07-09 2647 1475.577 0 0
2026-07-10 2665 1473.858 0 0
2026-07-11 2661 1476.436 0 0
2026-07-12 2661 1476.436 0 0
2026-07-13 2657 1476.436 0 0
2026-07-14 2651 1479.874 0 0
2026-07-15 2685 1454.092 0 0
2026-07-16 2673 1470.85 0 0
2026-07-17 2573 1538.313 0 0
2026-07-18 2606 1505.226 0 0
2026-07-19 2605 1505.226 0 0
2026-07-20 2604 1505.226 0 0
2026-07-21 2596 1505.656 0 0
2026-07-22 2661 1458.818 0 0
2026-07-23 2746 1393.504 0 0
2026-07-24 2714 1409.832 0 0
2026-07-25 2642 1464.834 0 0
2026-07-26 2641 1464.834 0 0
2026-07-27 2652 1464.834 0 0
2026-07-28 2524 1564.095 0 0
2026-07-29 2432 1655.621 0 0
2026-07-30 2379 1703.747 0 0
2026-07-31 2462 1628.55 0 0
2026-08-01 2462 1638.433 0 0
2026-08-02 2463 1638.433 0 0
2026-08-03 2463 1638.433 0 0
2026-08-04 2459 1657.769 0 0
2026-08-05 2459 1665.934 0 0
2026-08-06 2465 1664.215 0 0
2026-08-07 2489 1634.995 0 0
2026-08-08 2506 1628.55 0 0
2026-08-09 2506 1628.55 0 0
2026-08-10 2504 1628.55 0 0
2026-08-11 2494 1632.847 0 0
2026-08-12 2454 1673.239 0 0
2026-08-13 2481 1650.894 0 0
2026-08-14 2445 1686.559 0 0
>>>>>>> 2b550085baac25c543016ca743053a87bf115d5d
2026-08-15 2457 1672.809 0 0
2026-08-16 2464 1672.809 0 0
2026-08-17 2463 1672.809 0 0
2026-08-18 2528 1608.354 0 0
2026-08-19 2527 1604.057 0 0
2026-08-20 2468 1659.058 0 0
