2026-08-18 3378 1001.657 0 0
2026-08-19 3372 1001.625 -0.032 -0.003
2026-08-20 3380 1002.11 0.485 0.048
2026-08-21 3385 1002.232 0.122 0.012
2026-08-23 3391 1002.167 -0.065 -0.006
2026-08-24 3392 1002.167 0 0
2026-08-25 3393 1002.126 -0.041 -0.004
2026-08-26 3394 1002.151 0.025 0.002
2026-08-27 3396 1002.004 -0.147 -0.015
2026-08-28 3396 1002.004 0 0
2026-08-29 3402 1001.858 -0.146 -0.015
2026-08-30 3402 1001.858 0 0
2026-08-31 3393 1001.858 0 0
2026-09-01 3394 1001.858 0 0
2026-09-02 3387 1001.826 0 0
2026-09-03 3390 1001.705 0 0
