2026-02-11 768 5352.574 0 0
2026-02-12 763 5377.912 25.338 0.473
2026-02-13 766 5382.135 4.223 0.079
2026-02-14 764 5382.135 0 0
2026-02-15 764 5382.135 0 0
2026-02-16 766 5361.02 -21.115 -0.392
2026-02-17 764 5377.912 16.892 0.315
2026-02-18 766 5390.581 12.669 0.236
2026-02-19 779 5352.574 -38.007 -0.705
2026-02-20 778 5352.574 0 0
2026-02-21 780 5352.574 0 0
2026-02-22 780 5352.574 0 0
2026-02-23 764 5407.473 54.899 1.026
2026-02-24 775 5394.804 -12.669 -0.234
2026-02-25 782 5390.581 -4.223 -0.078
2026-02-26 776 5428.588 38.007 0.705
2026-02-27 789 5390.581 -38.007 -0.7
2026-02-28 789 5390.581 0 0
2026-03-01 788 5390.581 0 0
2026-03-02 783 5394.804 4.223 0.078
2026-03-03 797 5301.898 -92.906 -1.722
2026-03-04 799 5289.229 -12.669 -0.239
2026-03-05 784 5356.797 67.568 1.277
2026-03-06 796 5285.006 -71.791 -1.34
2026-03-07 796 5285.006 0 0
2026-03-08 796 5285.006 0 0
2026-03-09 788 5310.344 25.338 0.479
2026-03-10 781 5361.02 50.676 0.954
2026-03-11 793 5297.675 -63.345 -1.182
2026-03-12 775 5361.02 63.345 1.196
2026-03-13 787 5280.783 -80.237 -1.497
2026-03-14 782 5280.783 0 0
2026-03-15 782 5280.783 0 0
2026-03-16 779 5318.79 38.007 0.72
2026-03-17 778 5348.351 29.561 0.556
2026-03-18 775 5339.905 -8.446 -0.158
2026-03-19 778 5276.56 -63.345 -1.186
2026-03-20 776 5276.56 0 0
2026-03-21 776 5276.56 0 0
2026-03-22 776 5276.56 0 0
2026-03-23 786 5192.1 -84.46 -1.601
2026-03-24 790 5175.208 -16.892 -0.325
2026-03-25 783 5217.438 42.23 0.816
2026-03-27 771 5276.56 59.122 1.133
2026-03-28 770 5276.56 0 0
2026-03-29 771 5276.56 0 0
2026-03-30 776 5238.553 -38.007 -0.72
2026-03-31 768 5285.006 46.453 0.887
2026-04-01 764 5352.574 67.568 1.278
2026-04-02 761 5365.243 12.669 0.237
2026-04-03 761 5365.243 0 0
2026-04-04 761 5365.243 0 0
2026-04-05 761 5365.243 0 0
2026-04-06 765 5365.243 0 0
2026-04-07 773 5314.567 -50.676 -0.945
2026-04-08 774 5382.135 67.568 1.271
2026-04-09 779 5369.466 -12.669 -0.235
2026-04-10 770 5428.588 59.122 1.101
2026-04-11 770 5428.588 0 0
2026-04-12 770 5428.588 0 0
2026-04-13 764 5462.372 33.784 0.622
2026-04-14 769 5470.818 8.446 0.155
2026-04-15 766 5504.602 33.784 0.618
2026-04-16 764 5525.717 21.115 0.384
2026-04-17 748 5643.961 118.244 2.14
2026-04-18 752 5643.961 0 0
2026-04-19 752 5643.961 0 0
2026-04-20 751 5639.738 -4.223 -0.075
2026-04-21 744 5677.745 38.007 0.674
2026-04-22 754 5618.623 -59.122 -1.041
2026-04-23 746 5597.508 -21.115 -0.376
2026-04-24 746 5605.954 8.446 0.151
2026-04-25 746 5605.954 0 0
2026-04-26 746 5605.954 0 0
2026-04-27 743 5648.184 42.23 0.753
2026-04-28 736 5652.407 4.223 0.075
2026-04-29 748 5589.062 -63.345 -1.121
2026-04-30 754 5555.278 -33.784 -0.604
2026-05-01 747 5622.846 67.568 1.216
2026-05-02 749 5622.846 0 0
2026-05-04 753 5593.285 -29.561 -0.526
2026-05-05 759 5589.062 -4.223 -0.076
2026-05-06 764 5576.393 -12.669 -0.227
2026-05-07 782 5487.71 -88.683 -1.59
2026-05-08 783 5466.595 -21.115 -0.385
2026-05-09 781 5466.595 0 0
2026-05-10 781 5466.595 0 0
2026-05-11 789 5420.142 -46.453 -0.85
2026-05-12 786 5441.257 21.115 0.39
2026-05-13 780 5445.48 4.223 0.078
2026-05-14 787 5394.804 -50.676 -0.931
2026-05-15 792 5356.797 -38.007 -0.705
2026-05-16 792 5356.797 0 0
2026-05-17 792 5356.797 0 0
2026-05-18 799 5276.56 -80.237 -1.498
2026-05-19 794 5310.344 33.784 0.64
2026-05-20 795 5314.567 4.223 0.08
2026-05-21 792 5338.3 23.733 0.447
2026-05-22 798 5289.229 -49.071 -0.919
2026-05-23 799 5289.229 0 0
2026-05-24 799 5289.229 0 0
2026-05-26 796 5297.675 8.446 0.16
2026-05-27 801 5276.56 -21.115 -0.399
2026-05-28 792 5301.898 25.338 0.48
2026-05-29 787 5361.02 59.122 1.115
2026-05-31 787 5361.02 0 0
2026-06-01 802 5280.783 -80.237 -1.497
2026-06-02 799 5276.56 -4.223 -0.08
2026-06-03 793 5272.337 -4.223 -0.08
2026-06-04 792 5276.56 4.223 0.08
2026-06-05 786 5263.891 -12.669 -0.24
2026-06-06 786 5263.891 0 0
2026-06-07 786 5263.891 0 0
2026-06-08 782 5263.891 0 0
2026-06-09 777 5297.675 33.784 0.642
2026-06-10 777 5301.898 4.223 0.08
2026-06-11 782 5306.121 4.223 0.08
2026-06-12 785 5318.79 12.669 0.239
2026-06-13 786 5318.79 0 0
2026-06-15 787 5318.79 0 0
2026-06-16 793 5289.229 -29.561 -0.556
2026-06-17 797 5251.222 -38.007 -0.719
2026-06-18 799 5259.668 8.446 0.161
2026-06-19 795 5255.445 -4.223 -0.08
2026-06-20 795 5255.445 0 0
2026-06-21 795 5255.445 0 0
2026-06-23 803 5179.431 -76.014 -1.446
2026-06-24 797 5217.438 38.007 0.734
2026-06-25 805 5166.762 -50.676 -0.971
2026-06-26 806 5166.762 0 0
2026-06-27 807 5166.762 0 0
2026-06-28 807 5166.762 0 0
2026-06-29 814 5166.762 0 0
2026-06-30 812 5187.877 21.115 0.409
2026-07-01 814 5183.654 -4.223 -0.081
2026-07-02 814 5192.1 8.446 0.163
2026-07-03 803 5225.884 33.784 0.651
2026-07-04 803 5225.884 0 0
2026-07-05 803 5225.884 0 0
2026-07-06 802 5255.445 29.561 0.566
2026-07-07 794 5276.56 21.115 0.402
2026-07-08 794 5259.668 -16.892 -0.32
2026-07-09 794 5276.56 16.892 0.321
2026-07-10 798 5255.445 -21.115 -0.4
2026-07-11 799 5255.445 0 0
2026-07-12 799 5255.445 0 0
2026-07-13 794 5276.56 21.115 0.402
2026-07-14 792 5276.56 0 0
2026-07-15 798 5268.114 -8.446 -0.16
2026-07-16 796 5246.999 -21.115 -0.401
2026-07-17 768 5373.689 126.69 2.415
2026-07-18 768 5373.689 0 0
2026-07-19 768 5373.689 0 0
2026-07-20 774 5339.905 -33.784 -0.629
2026-07-21 761 5399.027 59.122 1.107
2026-07-22 768 5369.466 -29.561 -0.548
2026-07-23 774 5339.905 -29.561 -0.551
2026-07-24 771 5318.79 -21.115 -0.395
2026-07-25 772 5318.79 0 0
2026-07-26 772 5318.79 0 0
2026-07-27 778 5352.574 33.784 0.635
2026-07-28 775 5344.128 -8.446 -0.158
2026-07-29 780 5301.898 -42.23 -0.79
2026-07-30 760 5399.027 97.129 1.832
2026-07-31 773 5365.243 -33.784 -0.626
2026-08-01 770 5365.243 0 0
2026-08-02 770 5365.243 0 0
2026-08-03 769 5403.25 38.007 0.708
2026-08-04 765 5453.926 50.676 0.938
2026-08-05 765 5445.48 -8.446 -0.155
2026-08-06 761 5453.926 8.446 0.155
2026-08-07 762 5483.487 29.561 0.542
2026-08-08 762 5483.487 0 0
2026-08-09 762 5483.487 0 0
2026-08-10 761 5491.933 8.446 0.154
2026-08-11 760 5479.264 -12.669 -0.231
2026-08-12 751 5534.163 54.899 1.002
2026-08-13 741 5614.4 80.237 1.45
2026-08-15 745 5614.4 0 0
2026-08-16 745 5614.4 0 0
2026-08-17 737 5622.846 8.446 0.15
2026-08-18 750 5546.832 -76.014 -1.352
2026-08-19 739 5631.292 84.46 1.523
2026-08-20 739 5627.069 -4.223 -0.075
2026-08-21 743 5660.853 33.784 0.6
2026-08-23 744 5660.853 0 0
2026-08-24 736 5665.076 4.223 0.075
2026-08-25 754 5517.271 -147.805 -2.609
2026-08-26 754 5525.717 8.446 0.153
2026-08-27 759 5513.048 -12.669 -0.229
2026-08-28 757 5521.494 8.446 0.153
2026-08-29 760 5521.494 0 0
2026-08-30 760 5521.494 0 0
2026-08-31 760 5521.494 0 0
