2026-03-28 3287 1028.204 0 0
2026-03-29 3287 1028.204 0 0
2026-03-30  951.916 -76.288 -7.42
2026-04-02  984.982 33.066 3.474
2026-04-09 3250 1078.458 93.476 9.49
2026-04-10 3177 1123.896 45.438 4.213
2026-04-11 3178 1123.896 0 0
2026-04-12 3178 1123.896 0 0
2026-04-13 2993 1229.07 105.174 9.358
2026-04-14 3065 1202.392 -26.678 -2.171
2026-04-15 3106 1185.194 -17.198 -1.43
2026-04-16 3092 1192.243 7.049 0.595
2026-04-17 3107 1187.044 -5.199 -0.436
2026-04-18 3121 1180.438 -6.606 -0.557
2026-04-19 3121 1180.438 0 0
2026-04-20 3129 1179.186 -1.252 -0.106
2026-04-21 3062 1216.051 36.865 3.126
2026-04-22 3040 1222.59 6.539 0.538
2026-04-23 3033 1220.689 -1.901 -0.155
2026-04-24 2946 1270.764 50.075 4.102
2026-04-25 2948 1267.853 -2.911 -0.229
2026-04-26 2948 1267.853 0 0
2026-04-27 2950 1265.352 -2.501 -0.197
2026-04-28 2916 1295.753 30.401 2.403
2026-04-29 2897 1302.257 6.504 0.502
2026-04-30 3094 1177.433 -124.824 -9.585
2026-05-01 3106 1173.623 -3.81 -0.324
2026-05-02 3108 1173.623 0 0
2026-05-04 3078 1191.146 17.523 1.493
2026-05-05 3028 1216.373 25.227 2.118
2026-05-06 3035 1216.373 0 0
2026-05-07 3110 1184.967 -31.406 -2.582
2026-05-08 3044 1224.089 39.122 3.302
2026-05-09 3063 1210.23 -13.859 -1.132
2026-05-10 3063 1210.23 0 0
<<<<<<< HEAD
2026-05-11 2983 1267.04 56.81 4.694
2026-05-12 3293 1080.848 -186.192 -14.695
2026-05-13 3088 1197.687 116.839 10.81
2026-05-14 3085 1195.116 -2.571 -0.215
2026-05-15 3241 1102.773 -92.343 -7.727
2026-05-16 3251 1094.988 -7.785 -0.706
2026-05-17 3251 1094.988 0 0
2026-05-18 3068 1201.317 106.329 9.711
2026-05-19 3144 1152.275 -49.042 -4.082
2026-05-20 3163 1139.813 -12.462 -1.082
2026-05-21 3163 1140.418 0.605 0.053
2026-05-22 2746 1413.931 273.513 23.984
2026-05-23 2761 1404.748 -9.183 -0.649
2026-05-24 2761 1404.748 0 0
2026-05-26 2850 1341.098 -63.65 -4.531
2026-05-27 2964 1272.873 -68.225 -5.087
2026-05-28 3073 1200.601 -72.272 -5.678
2026-05-29 3185 1133.609 -66.992 -5.58
2026-05-31 3194 1130.449 -3.16 -0.279
2026-06-01 3219 1110.739 -19.71 -1.744
2026-06-02 3289 1068.339 -42.4 -3.817
2026-06-03 3295 1059.884 -8.455 -0.791
2026-06-04 3022 1216.607 156.723 14.787
2026-06-05 3103 1161.802 -54.805 -4.505
2026-06-06 3114 1153.847 -7.955 -0.685
2026-06-07 3114 1153.847 0 0
2026-06-08  957.449 -196.398 -17.021
2026-06-10 3227 1077.277 119.828 12.515
2026-06-11 2967 1229.306 152.029 14.112
2026-06-12 2636 1487.571 258.265 21.009
2026-06-13 2630 1497.213 9.642 0.648
2026-06-15 2902 1299.316 -197.897 -13.218
2026-06-16 3021 1217.894 -81.422 -6.267
2026-06-17 2976 1249.619 31.725 2.605
2026-06-18 2981 1248.67 -0.949 -0.076
2026-06-19 3023 1214.002 -34.668 -2.776
2026-06-20 3023 1214.002 0 0
2026-06-21 3023 1214.002 0 0
2026-06-23 3167 1113.071 -100.931 -8.314
2026-06-24 3079 1174.711 61.64 5.538
2026-06-25 3114 1150.354 -24.357 -2.073
2026-06-26 3081 1169.122 18.768 1.631
2026-06-27 3078 1175.445 6.323 0.541
2026-06-28 3078 1175.445 0 0
2026-06-29 3181 1106.489 -68.956 -5.866
2026-06-30 3137 1146.015 39.526 3.572
2026-07-01 3290 1044.464 -101.551 -8.861
2026-07-02  919.757 -124.707 -11.94
2026-08-13  994.53 74.773 8.13
=======
2026-05-11 3101 1192.556 0 0
2026-05-12 3120 1179.931 0 0
2026-05-13 3168 1147.012 0 0
2026-05-14 3092 1185.22 0 0
2026-05-15 3104 1185.153 0 0
2026-05-16 3241 1102.773 0 0
2026-05-17 3251 1094.988 0 0
2026-05-18 3049 1206.263 0 0
2026-05-19 3100 1175.353 0 0
2026-05-20 3181 1127.512 0 0
2026-05-21 2898 1312.207 0 0
2026-05-22 2732 1421.323 0 0
2026-05-23 2746 1413.931 0 0
2026-05-24 2761 1404.748 0 0
2026-05-25 2760 1404.748 0 0
2026-05-26 2883 1319.066 0 0
2026-05-27 2965 1270.104 0 0
2026-05-28 3068 1197.608 0 0
2026-05-29 3173 1138.754 0 0
2026-05-30 3185 1133.609 0 0
2026-05-31 3194 1130.449 0 0
2026-06-01 3221 1111.97 0 0
2026-06-02 3260 1088.564 0 0
2026-06-03 3287 1068.339 0 0
2026-06-04 3032 1206.812 0 0
2026-06-05 3056 1200.69 0 0
2026-06-06 3103 1161.802 0 0
2026-06-07 3114 1153.847 0 0
2026-06-09 3264 1059.865 0 0
2026-06-11 3033 1190.205 0 0
2026-06-12 2801 1343.759 0 0
2026-06-13 2636 1487.571 0 0
2026-06-14 2630 1497.213 0 0
2026-06-16 3026 1212.584 0 0
2026-06-17 2995 1232.632 0 0
2026-06-18 3012 1223.832 0 0
2026-06-19 3051 1202.042 0 0
2026-06-20 3023 1214.002 0 0
2026-06-21 3023 1214.002 0 0
2026-06-22 3013 1217.649 0 0
2026-06-23 3093 1170.238 0 0
2026-06-24 3148 1136.018 0 0
2026-06-25 3160 1120.473 0 0
2026-06-26 3047 1181.652 0 0
2026-06-27 3081 1169.122 0 0
2026-06-28 3078 1175.445 0 0
2026-06-29 3164 1119.796 0 0
2026-06-30 3115 1160.928 0 0
2026-07-01 3227 1079.919 0 0
2026-07-02 3372 925.834 0 0
2026-07-03 3376 891.113 0 0
2026-08-14 3355 1022.06 0 0
>>>>>>> 2b550085baac25c543016ca743053a87bf115d5d
2026-08-16 3296 1060.46 0 0
2026-08-17 3296 1060.46 0 0
2026-08-18 3177 1142.978 0 0
2026-08-19 3216 1113.913 0 0
2026-08-20 3206 1117.337 0 0
2026-08-21 3314 1048.646 0 0
2026-08-22 3275 1080.632 0 0
