2026-08-28 3399 1001.609 0 0
2026-08-29 3399 1003.275 1.666 0.166
2026-08-30 3399 1003.275 0 0
2026-08-31  989.134 -14.141 -1.409
2026-09-01 3377 1014.216 0 0
2026-09-03 3284 1077.435 0 0
2026-09-04 3303 1068.859 0 0
2026-09-05 3285 1081.605 0 0
2026-09-06 3279 1081.605 0 0
2026-09-07 3278 1081.605 0 0
2026-09-08 3284 1077.287 0 0
2026-09-09 3211 1122.056 0 0
2026-09-10 3183 1137.046 0 0
2026-09-11 3256 1079.612 0 0
2026-09-12 3277 1070.957 0 0
2026-09-13 3278 1069.836 0 0
2026-09-14 3276 1069.836 0 0
2026-09-15 3272 1070.521 0 0
2026-09-16 3306 1046.068 0 0
2026-09-17 3319 1035.305 0 0
2026-09-18 3320 1040.454 0 0
2026-09-19 3253 1075.716 0 0
2026-09-20 3253 1076.361 0 0
2026-09-21 3262 1078.343 0 0
