2025-10-09 3086 1024.311 0 0
2025-10-10  980.317 -43.994 -4.295
2025-10-14  965.683 -14.634 -1.493
2025-10-28 3029 1063.863 98.18 10.167
2025-10-29 2995 1091.962 28.099 2.641
2025-10-30 3018 1072.559 -19.403 -1.777
2025-10-31 3016 1070.689 -1.87 -0.174
2025-11-01 3017 1070.689 0 0
2025-11-02 3017 1070.689 0 0
2025-11-03 2989 1091.214 20.525 1.917
2025-11-04 3031 1052.923 -38.291 -3.509
2025-11-05 3055 1036.654 -16.269 -1.545
2025-11-06 3112 1003.319 -33.335 -3.216
2025-11-07 3113 1003.646 0.327 0.033
2025-11-08 3118 1003.646 0 0
2025-11-09 3118 1003.646 0 0
2025-11-10 3040 1054.607 50.961 5.078
2025-11-11 3086 1027.069 -27.538 -2.611
2025-11-12 3083 1030.062 2.993 0.291
2025-11-13  997.615 -32.447 -3.15
2025-11-15 3102 1013.09 15.475 1.551
2025-11-16 3102 1013.09 0 0
2025-11-17  996.4 -16.69 -1.647
2025-12-24 3129 1005.797 9.397 0.943
2025-12-25 3138 1005.797 0 0
2025-12-26 3126 1014.773 8.976 0.892
2025-12-27 3128 1014.773 0 0
2025-12-28 3128 1014.773 0 0
2025-12-29 3137 1003.974 -10.799 -1.064
2025-12-30 3143 1000.795 -3.179 -0.317
2025-12-31  995.932 -4.863 -0.486
2026-01-03 3141 1006.919 10.987 1.103
2026-01-05 3144 1003.506 -3.413 -0.339
2026-01-06  999.392 -4.114 -0.41
2026-01-08  989.106 -10.286 -1.029
2026-01-24 3189 1001.402 12.296 1.243
2026-01-25 3189 1001.402 0 0
2026-01-26  995.792 -5.61 -0.56
2026-01-28 3168 1019.402 23.61 2.371
2026-01-29 3163 1024.03 4.628 0.454
2026-01-30 3164 1017.579 -6.451 -0.63
2026-01-31 3167 1017.579 0 0
2026-02-01 3168 1017.579 0 0
2026-02-02  991.771 -25.808 -2.536
2026-02-10 3185 1005.47 13.699 1.381
2026-02-11 3179 1012.529 7.059 0.702
2026-02-12  997.989 -14.54 -1.436
2026-02-19 3184 1002.478 4.489 0.45
2026-02-20 3167 1011.454 8.976 0.895
2026-02-21 3166 1011.454 0 0
2026-02-22 3164 1011.454 0 0
2026-02-23 3159 1019.542 8.088 0.8
2026-02-24 3151 1025.62 6.078 0.596
2026-02-25 3140 1038.29 12.67 1.235
2026-02-26  988.405 -49.885 -4.805
2026-04-15 3361 1018.702 30.297 3.065
2026-04-16 3368 1016.504 -2.198 -0.216
2026-04-17 3355 1030.581 14.077 1.385
2026-04-18 3357 1030.581 0 0
2026-04-19 3357 1030.581 0 0
2026-04-20 3349 1032.187 1.606 0.156
2026-04-21 3364 1022.972 -9.215 -0.893
2026-04-22 3345 1034.047 11.075 1.083
2026-04-23 3355 1021.957 -12.09 -1.169
2026-04-24 3303 1058.439 36.482 3.57
2026-04-25 3301 1058.439 0 0
2026-04-26 3301 1058.439 0 0
2026-04-27 3250 1093.696 35.257 3.331
2026-04-28 3269 1079.154 -14.542 -1.33
2026-04-29 3140 1155.158 76.004 7.043
2026-04-30 3201 1111.25 -43.908 -3.801
2026-05-01 3218 1106.169 -5.081 -0.457
2026-05-02 3223 1106.169 0 0
2026-05-04 3221 1106.305 0.136 0.012
2026-05-05 3250 1097.324 -8.981 -0.812
2026-05-06 3164 1148.717 51.393 4.683
2026-05-07 3149 1165.364 16.647 1.449
2026-05-08 3120 1182.147 16.783 1.44
2026-05-09 3120 1182.147 0 0
2026-05-10 3120 1182.147 0 0
<<<<<<< HEAD
2026-05-11 3081 1201.38 19.233 1.627
2026-05-12 3071 1207.458 6.078 0.506
2026-05-13 3028 1230.365 22.907 1.897
2026-05-14 2971 1275.317 44.952 3.654
2026-05-15 3029 1228.052 -47.265 -3.706
2026-05-16 3020 1228.052 0 0
2026-05-17 3020 1228.052 0 0
2026-05-18 3035 1214.444 -13.608 -1.108
2026-05-19 3050 1206.687 -7.757 -0.639
2026-05-20 3032 1219.66 12.973 1.075
2026-05-21 3032 1219.66 0 0
2026-05-22 3095 1182.737 -36.923 -3.027
2026-05-23 3105 1182.737 0 0
2026-05-24 3106 1182.737 0 0
2026-05-26 3114 1180.605 -2.132 -0.18
2026-05-27 3119 1170.354 -10.251 -0.868
2026-05-28 3117 1177.838 7.484 0.639
2026-05-29 3132 1163.731 -14.107 -1.198
2026-05-31 3135 1163.731 0 0
2026-06-01 3025 1223.697 59.966 5.153
2026-06-02 3036 1216.712 -6.985 -0.571
2026-06-03 3091 1180.106 -36.606 -3.009
2026-06-04 3061 1197.842 17.736 1.503
2026-06-05 3150 1136.334 -61.508 -5.135
2026-06-06 3151 1136.334 0 0
2026-06-07 3151 1136.334 0 0
2026-06-08 3105 1152.391 16.057 1.413
2026-06-09 3113 1150.35 -2.041 -0.177
2026-06-10 3162 1115.105 -35.245 -3.064
2026-06-11 3129 1135.29 20.185 1.81
2026-06-12 3145 1136.742 1.452 0.128
2026-06-13 3149 1136.742 0 0
2026-06-15 3111 1169.673 32.931 2.897
2026-06-16 3151 1146.812 -22.861 -1.954
2026-06-17 3165 1134.292 -12.52 -1.092
2026-06-18 3119 1161.69 27.398 2.415
2026-06-19 3116 1161.69 0 0
2026-06-20 3116 1161.69 0 0
2026-06-21 3116 1161.69 0 0
2026-06-23 3166 1113.381 -48.309 -4.159
2026-06-24 3173 1108.664 -4.717 -0.424
2026-06-25 3197 1093.877 -14.787 -1.334
2026-06-26 3208 1079.316 -14.561 -1.331
2026-06-27 3209 1079.316 0 0
2026-06-28 3209 1079.316 0 0
2026-06-29 3208 1090.384 11.068 1.025
2026-06-30 3173 1113.608 23.224 2.13
2026-07-01 3195 1102.223 -11.385 -1.022
2026-07-02 3222 1089.749 -12.474 -1.132
2026-07-03 3226 1089.749 0 0
2026-07-04 3226 1089.749 0 0
2026-07-05 3226 1089.749 0 0
2026-07-06 3226 1093.015 3.266 0.3
2026-07-07 3210 1099.274 6.259 0.573
2026-07-08 3153 1131.888 32.614 2.967
2026-07-09 3166 1125.81 -6.078 -0.537
2026-07-10 3116 1162.915 37.105 3.296
2026-07-11 3120 1162.915 0 0
2026-07-12 3120 1162.915 0 0
2026-07-13 3158 1129.212 -33.703 -2.898
2026-07-14 3099 1166.725 37.513 3.322
2026-07-15 3104 1169.9 3.175 0.272
2026-07-16 3142 1146.766 -23.134 -1.977
2026-07-17 3145 1125.946 -20.82 -1.816
2026-07-18 3143 1125.946 0 0
2026-07-19 3142 1125.946 0 0
2026-07-20 3141 1128.078 2.132 0.189
2026-07-21 3121 1146.267 18.189 1.612
2026-07-22 3089 1167.904 21.637 1.888
2026-07-23 3109 1152.935 -14.969 -1.282
2026-07-24 3109 1144.226 -8.709 -0.755
2026-07-25 3111 1144.226 0 0
2026-07-26 3111 1144.226 0 0
2026-07-27 3189 1097.369 -46.857 -4.095
2026-07-28 3189 1099.637 2.268 0.207
2026-07-29 3251 1067.885 -31.752 -2.887
2026-07-30 3210 1090.701 22.816 2.137
2026-07-31 3179 1116.602 25.901 2.375
2026-08-01 3181 1116.602 0 0
2026-08-02 3181 1116.602 0 0
2026-08-03 3139 1143.319 26.717 2.393
2026-08-04 3109 1167.36 24.041 2.103
2026-08-05 3066 1200.382 33.022 2.829
2026-08-06 3076 1199.339 -1.043 -0.087
2026-08-07 3037 1221.883 22.544 1.88
2026-08-08 3040 1221.883 0 0
2026-08-09 3040 1221.883 0 0
2026-08-10 3100 1192.807 -29.076 -2.38
2026-08-11 3100 1192.58 -0.227 -0.019
2026-08-12 3038 1222.472 29.892 2.506
2026-08-13 3029 1227.961 5.489 0.449
=======
2026-05-11 3125 1182.147 0 0
2026-05-12 3079 1201.38 0 0
2026-05-13 3071 1207.458 0 0
2026-05-14 3024 1230.365 0 0
2026-05-15 2968 1275.317 0 0
2026-05-16 3029 1228.052 0 0
2026-05-17 3020 1228.052 0 0
2026-05-18 3011 1228.052 0 0
2026-05-19 3039 1214.444 0 0
2026-05-20 3046 1206.687 0 0
2026-05-21 3034 1219.66 0 0
2026-05-22 3071 1201.697 0 0
2026-05-23 3095 1182.737 0 0
2026-05-24 3105 1182.737 0 0
2026-05-25 3107 1182.737 0 0
2026-05-26 3107 1182.737 0 0
2026-05-27 3109 1180.605 0 0
2026-05-28 3120 1170.354 0 0
2026-05-29 3113 1177.838 0 0
2026-05-30 3132 1163.731 0 0
2026-05-31 3135 1163.731 0 0
2026-06-01 3138 1163.731 0 0
2026-06-02 3024 1223.697 0 0
2026-06-03 3035 1216.712 0 0
2026-06-04 3087 1180.106 0 0
2026-06-05 3060 1197.842 0 0
2026-06-06 3150 1136.334 0 0
2026-06-07 3151 1136.334 0 0
2026-06-09 3106 1152.391 0 0
2026-06-10 3105 1150.35 0 0
2026-06-11 3160 1115.105 0 0
2026-06-12 3151 1135.29 0 0
2026-06-13 3145 1136.742 0 0
2026-06-14 3149 1136.742 0 0
2026-06-16 3110 1169.673 0 0
2026-06-17 3144 1146.812 0 0
2026-06-18 3165 1134.292 0 0
2026-06-19 3120 1161.69 0 0
2026-06-20 3116 1161.69 0 0
2026-06-21 3116 1161.69 0 0
2026-06-22 3113 1161.69 0 0
2026-06-23 3135 1152.436 0 0
2026-06-24 3169 1113.381 0 0
2026-06-25 3168 1108.664 0 0
2026-06-26 3188 1093.877 0 0
2026-06-27 3208 1079.316 0 0
2026-06-28 3209 1079.316 0 0
2026-06-29 3218 1079.316 0 0
2026-06-30 3208 1090.384 0 0
2026-07-01 3179 1113.608 0 0
2026-07-02 3197 1102.223 0 0
2026-07-03 3226 1089.749 0 0
2026-07-04 3226 1089.749 0 0
2026-07-05 3226 1089.749 0 0
2026-07-06 3229 1089.749 0 0
2026-07-07 3223 1093.015 0 0
2026-07-08 3207 1099.274 0 0
2026-07-09 3148 1131.888 0 0
2026-07-10 3172 1125.81 0 0
2026-07-11 3116 1162.915 0 0
2026-07-12 3120 1162.915 0 0
2026-07-13 3113 1162.915 0 0
2026-07-14 3155 1129.212 0 0
2026-07-15 3105 1166.725 0 0
2026-07-16 3103 1169.9 0 0
2026-07-17 3126 1146.766 0 0
2026-07-18 3145 1125.946 0 0
2026-07-19 3143 1125.946 0 0
2026-07-20 3144 1125.946 0 0
2026-07-21 3143 1128.078 0 0
2026-07-22 3120 1146.267 0 0
2026-07-23 3088 1167.904 0 0
2026-07-24 3104 1152.935 0 0
2026-07-25 3109 1144.226 0 0
2026-07-26 3111 1144.226 0 0
2026-07-27 3113 1144.226 0 0
2026-07-28 3184 1097.369 0 0
2026-07-29 3196 1099.637 0 0
2026-07-30 3254 1067.885 0 0
2026-07-31 3218 1090.701 0 0
2026-08-01 3179 1116.602 0 0
2026-08-02 3181 1116.602 0 0
2026-08-03 3185 1116.602 0 0
2026-08-04 3147 1143.319 0 0
2026-08-05 3115 1167.36 0 0
2026-08-06 3070 1200.382 0 0
2026-08-07 3072 1199.339 0 0
2026-08-08 3037 1221.883 0 0
2026-08-09 3040 1221.883 0 0
2026-08-10 3039 1221.883 0 0
2026-08-11 3098 1192.807 0 0
2026-08-12 3103 1192.58 0 0
2026-08-13 3039 1222.472 0 0
2026-08-14 3029 1227.961 0 0
>>>>>>> 2b550085baac25c543016ca743053a87bf115d5d
2026-08-15 3025 1227.326 0 0
2026-08-16 3030 1227.326 0 0
2026-08-17 3029 1227.326 0 0
2026-08-18 3036 1226.645 0 0
2026-08-19 3079 1202.741 0 0
2026-08-20 3088 1192.852 0 0
