2026-03-10 1860 2247.421 0 0
2026-03-11 1851 2260.056 12.635 0.562
2026-03-12 1849 2254.593 -5.463 -0.242
2026-03-13 1840 2251.015 -3.578 -0.159
2026-03-14 1841 2244.472 -6.543 -0.291
2026-03-15 1841 2244.472 0 0
2026-03-16 1842 2244.472 0 0
2026-03-17 1841 2245.14 0.668 0.03
2026-03-18 1846 2245.14 0 0
2026-03-19 1836 2240.051 -5.089 -0.227
2026-03-20 1826 2240.051 0 0
2026-03-21 1841 2214.149 -25.902 -1.156
2026-03-22 1841 2214.149 0 0
2026-03-23 1832 2214.149 0 0
2026-03-24 1832 2208.11 -6.039 -0.273
2026-03-25 1849 2210.698 2.588 0.117
2026-03-27 1833 2210.698 0 0
2026-03-28 1852 2188.925 -21.773 -0.985
2026-03-29 1852 2188.925 0 0
2026-03-30 1851 2188.925 0 0
2026-03-31 1848 2187.829 -1.096 -0.05
2026-04-01 1868 2187.829 0 0
2026-04-02 1874 2187.829 0 0
2026-04-03 1828 2228.743 40.914 1.87
2026-04-04 1828 2228.743 0 0
2026-04-05 1828 2228.743 0 0
2026-04-06 1831 2228.743 0 0
2026-04-07 1827 2229.909 1.166 0.052
2026-04-08 1861 2229.909 0 0
2026-04-09 1859 2241.473 11.564 0.519
2026-04-10 1855 2239.446 -2.027 -0.09
2026-04-11 1859 2237.877 -1.569 -0.07
2026-04-12 1859 2237.877 0 0
2026-04-13 1856 2237.877 0 0
2026-04-14 1874 2222.12 -15.757 -0.704
2026-04-15 1890 2222.12 0 0
2026-04-16 1895 2222.151 0.031 0.001
2026-04-17 1899 2226.5 4.349 0.196
2026-04-18 1899 2233.209 6.709 0.301
2026-04-19 1899 2233.209 0 0
2026-04-20 1903 2233.209 0 0
2026-04-21 1900 2228.623 -4.586 -0.205
2026-04-22 1898 2219.475 -9.148 -0.41
2026-04-23 1903 2212.23 -7.245 -0.326
2026-04-24 1903 2205.06 -7.17 -0.324
2026-04-25 1903 2201.785 -3.275 -0.149
2026-04-26 1903 2201.785 0 0
2026-04-27 1899 2201.785 0 0
2026-04-28 1892 2203.683 1.898 0.086
2026-04-29 1722 2427.782 224.099 10.169
2026-04-30 1759 2370.213 -57.569 -2.371
2026-05-01 1759 2368.717 -1.496 -0.063
2026-05-02 1761 2368.717 0 0
2026-05-04 1757 2374.485 5.768 0.244
2026-05-05 1754 2393.952 19.467 0.82
2026-05-06 1763 2391.307 -2.645 -0.11
2026-05-07 1754 2436.089 44.782 1.873
2026-05-08 1718 2463.231 27.142 1.114
2026-05-09 1726 2457.201 -6.03 -0.245
2026-05-10 1726 2457.201 0 0
<<<<<<< HEAD
2026-05-11 1721 2455.478 -1.723 -0.07
2026-05-12 1698 2484.702 29.224 1.19
2026-05-13 1687 2505.467 20.765 0.836
2026-05-14 1665 2530.666 25.199 1.006
2026-05-15 1743 2421.019 -109.647 -4.333
2026-05-16 1742 2416.066 -4.953 -0.205
2026-05-17 1742 2416.066 0 0
2026-05-18 1718 2435.956 19.89 0.823
2026-05-19 1736 2417.248 -18.708 -0.768
2026-05-20 1748 2391.961 -25.287 -1.046
2026-05-21 1755 2384.55 -7.411 -0.31
2026-05-22 1769 2373.242 -11.308 -0.474
2026-05-23 1754 2400.731 27.489 1.158
2026-05-24 1754 2400.731 0 0
2026-05-26 1766 2386.047 -14.684 -0.612
2026-05-27 1793 2340.314 -45.733 -1.917
2026-05-28 1789 2340.162 -0.152 -0.006
2026-05-29 1782 2350.521 10.359 0.443
2026-05-31 1771 2367.655 17.134 0.729
2026-06-01 1778 2352.86 -14.795 -0.625
2026-06-02 1780 2347.594 -5.266 -0.224
2026-06-03 1782 2335.226 -12.368 -0.527
2026-06-04 1809 2304.985 -30.241 -1.295
2026-06-05 1762 2353.812 48.827 2.118
2026-06-06 1747 2375.011 21.199 0.901
2026-06-07 1747 2375.011 0 0
2026-06-08 1701 2411.012 36.001 1.516
2026-06-09 1717 2406.517 -4.495 -0.186
2026-06-10 1729 2376.497 -30.02 -1.247
2026-06-11 1698 2422.383 45.886 1.931
2026-06-12 1698 2436.999 14.616 0.603
2026-06-13 1693 2453.59 16.591 0.681
2026-06-15 1740 2405.364 -48.226 -1.966
2026-06-16 1741 2401.709 -3.655 -0.152
2026-06-17 1731 2402.643 0.934 0.039
2026-06-18 1680 2498.038 95.395 3.97
2026-06-19 1680 2482.282 -15.756 -0.631
2026-06-20 1680 2482.282 0 0
2026-06-21 1680 2482.282 0 0
2026-06-23 1712 2420.444 -61.838 -2.491
2026-06-24 1725 2405.901 -14.543 -0.601
2026-06-25 1733 2379.553 -26.348 -1.095
2026-06-26 1733 2386.152 6.599 0.277
2026-06-27 1733 2386.152 0 0
2026-06-28 1733 2386.152 0 0
2026-06-29 1716 2429.571 43.419 1.82
2026-06-30 1727 2410.448 -19.123 -0.787
2026-07-01 1739 2385.727 -24.721 -1.026
2026-07-02 1731 2396.74 11.013 0.462
2026-07-03 1747 2387.694 -9.046 -0.377
2026-07-04 1747 2387.694 0 0
2026-07-05 1747 2387.694 0 0
2026-07-06 1737 2401.653 13.959 0.585
2026-07-07 1748 2379.193 -22.46 -0.935
2026-07-08 1761 2332.943 -46.25 -1.944
2026-07-09 1773 2326.44 -6.503 -0.279
2026-07-10 1765 2341.595 15.155 0.651
2026-07-11 1766 2343.098 1.503 0.064
2026-07-12 1766 2343.098 0 0
2026-07-13 1775 2319.816 -23.282 -0.994
2026-07-14 1776 2321.342 1.526 0.066
2026-07-15 1789 2311.453 -9.889 -0.426
2026-07-16 1775 2332.729 21.276 0.92
2026-07-17 1717 2383.498 50.769 2.176
2026-07-18 1717 2385.263 1.765 0.074
2026-07-19 1716 2385.263 0 0
2026-07-20 1685 2432.747 47.484 1.991
2026-07-21 1704 2428.965 -3.782 -0.155
2026-07-22 1722 2393.359 -35.606 -1.466
2026-07-23 1722 2387.903 -5.456 -0.228
2026-07-24 1729 2359.132 -28.771 -1.205
2026-07-25 1729 2359.254 0.122 0.005
2026-07-26 1729 2359.254 0 0
2026-07-27 1701 2421.307 62.053 2.63
2026-07-28 1698 2419.088 -2.219 -0.092
2026-07-29 1694 2437.544 18.456 0.763
2026-07-30 1692 2423.96 -13.584 -0.557
2026-07-31 1655 2501.327 77.367 3.192
2026-08-01 1654 2508.24 6.913 0.276
2026-08-02 1655 2508.24 0 0
2026-08-03 1621 2575.695 67.455 2.689
2026-08-04 1646 2540.801 -34.894 -1.355
2026-08-05 1644 2561.734 20.933 0.824
2026-08-06 1638 2567.737 6.003 0.234
2026-08-07 1617 2612.842 45.105 1.757
2026-08-08 1618 2613.253 0.411 0.016
2026-08-09 1618 2613.253 0 0
2026-08-10 1588 2652.259 39.006 1.493
2026-08-11 1529 2771.764 119.505 4.506
2026-08-12 1552 2722.036 -49.728 -1.794
2026-08-13 1556 2714.934 -7.102 -0.261
=======
2026-05-11 1724 2457.201 0 0
2026-05-12 1725 2455.478 0 0
2026-05-13 1700 2484.702 0 0
2026-05-14 1682 2505.467 0 0
2026-05-15 1667 2530.666 0 0
2026-05-16 1743 2421.019 0 0
2026-05-17 1742 2416.066 0 0
2026-05-18 1753 2390.78 0 0
2026-05-19 1721 2435.956 0 0
2026-05-20 1732 2417.248 0 0
2026-05-21 1728 2430.435 0 0
2026-05-22 1762 2382.411 0 0
2026-05-23 1769 2373.242 0 0
2026-05-24 1754 2400.731 0 0
2026-05-25 1743 2420.208 0 0
2026-05-26 1771 2364.715 0 0
2026-05-27 1774 2369.198 0 0
2026-05-28 1792 2340.314 0 0
2026-05-29 1774 2361.963 0 0
2026-05-30 1782 2350.521 0 0
2026-05-31 1771 2367.655 0 0
2026-06-01 1792 2334.014 0 0
2026-06-02 1802 2323.735 0 0
2026-06-03 1784 2338.716 0 0
2026-06-04 1789 2325.442 0 0
2026-06-05 1799 2309.314 0 0
2026-06-06 1762 2353.812 0 0
2026-06-07 1747 2375.011 0 0
2026-06-09 1707 2411.012 0 0
2026-06-10 1711 2406.672 0 0
2026-06-11 1708 2399.927 0 0
2026-06-12 1702 2424.557 0 0
2026-06-13 1698 2436.999 0 0
2026-06-14 1693 2453.59 0 0
2026-06-16 1748 2384.985 0 0
2026-06-17 1742 2393.742 0 0
2026-06-18 1672 2502.786 0 0
2026-06-19 1642 2547.498 0 0
2026-06-20 1680 2482.282 0 0
2026-06-21 1680 2482.282 0 0
2026-06-22 1712 2437.424 0 0
2026-06-23 1733 2403.388 0 0
2026-06-24 1711 2420.444 0 0
2026-06-25 1723 2405.901 0 0
2026-06-26 1726 2379.553 0 0
2026-06-27 1733 2386.152 0 0
2026-06-28 1733 2386.152 0 0
2026-06-29 1736 2388.347 0 0
2026-06-30 1718 2429.571 0 0
2026-07-01 1717 2421.873 0 0
2026-07-02 1733 2385.727 0 0
2026-07-03 1732 2396.74 0 0
2026-07-04 1747 2387.694 0 0
2026-07-05 1747 2387.694 0 0
2026-07-06 1746 2387.694 0 0
2026-07-07 1737 2401.653 0 0
2026-07-08 1744 2379.193 0 0
2026-07-09 1760 2332.943 0 0
2026-07-10 1777 2326.44 0 0
2026-07-11 1765 2341.595 0 0
2026-07-12 1766 2343.098 0 0
2026-07-13 1764 2343.098 0 0
2026-07-14 1774 2319.816 0 0
2026-07-15 1780 2321.342 0 0
2026-07-16 1794 2311.453 0 0
2026-07-17 1764 2332.729 0 0
2026-07-18 1717 2383.498 0 0
2026-07-19 1717 2385.263 0 0
2026-07-20 1716 2385.263 0 0
2026-07-21 1689 2432.747 0 0
2026-07-22 1705 2428.965 0 0
2026-07-23 1725 2393.359 0 0
2026-07-24 1722 2387.903 0 0
2026-07-25 1729 2359.132 0 0
2026-07-26 1729 2359.254 0 0
2026-07-27 1735 2359.254 0 0
2026-07-28 1695 2421.307 0 0
2026-07-29 1699 2419.088 0 0
2026-07-30 1691 2437.544 0 0
2026-07-31 1700 2423.96 0 0
2026-08-01 1655 2501.327 0 0
2026-08-02 1654 2508.24 0 0
2026-08-03 1655 2508.24 0 0
2026-08-04 1622 2575.695 0 0
2026-08-05 1651 2540.801 0 0
2026-08-06 1644 2561.734 0 0
2026-08-07 1636 2567.737 0 0
2026-08-08 1617 2612.842 0 0
2026-08-09 1618 2613.253 0 0
2026-08-10 1617 2613.253 0 0
2026-08-11 1588 2652.259 0 0
2026-08-12 1528 2771.764 0 0
2026-08-13 1554 2722.036 0 0
2026-08-14 1559 2714.934 0 0
>>>>>>> 2b550085baac25c543016ca743053a87bf115d5d
2026-08-15 1543 2760.062 0 0
2026-08-16 1545 2760.496 0 0
2026-08-17 1543 2760.496 0 0
