2026-06-16 2514 1600 0 0
2026-06-17 2517 1600 0 0
2026-06-18 2516 1600 0 0
2026-06-19 2502 1600 0 0
2026-06-20 2502 1600 0 0
2026-06-21 2502 1600 0 0
2026-06-23 2485 1600 0 0
2026-06-24 2487 1600 0 0
2026-06-25 2487 1600 0 0
2026-06-26 2486 1600 0 0
2026-06-27 2486 1600 0 0
2026-06-28 2486 1600 0 0
2026-06-29 2503 1600 0 0
2026-06-30 2511 1600 0 0
2026-07-01 2508 1600 0 0
2026-07-02 2512 1600 0 0
2026-07-03 2514 1600 0 0
2026-07-04 2514 1600 0 0
2026-07-05 2514 1600 0 0
2026-07-06 2521 1600 0 0
2026-07-07 2511 1600 0 0
2026-07-08 2503 1600 0 0
2026-07-09 2506 1600 0 0
2026-07-10 2517 1600 0 0
2026-07-11 2516 1600 0 0
2026-07-12 2516 1600 0 0
2026-07-13 2503 1600 0 0
2026-07-14 2504 1600 0 0
2026-07-15 2511 1600 0 0
2026-07-16 2500 1600 0 0
2026-07-17 2483 1600 0 0
2026-07-18 2480 1600 0 0
2026-07-19 2479 1600 0 0
2026-07-20 2483 1600 0 0
2026-07-21 2487 1600 0 0
2026-07-22 2484 1600 0 0
2026-07-23 2481 1600 0 0
2026-07-24 2478 1600 0 0
2026-07-25 2477 1600 0 0
2026-07-26 2477 1600 0 0
2026-07-27 2483 1600 0 0
2026-07-28 2484 1600 0 0
2026-07-29 2482 1600 0 0
2026-07-30 2484 1600 0 0
2026-07-31 2491 1600 0 0
2026-08-01 2492 1600 0 0
2026-08-02 2492 1600 0 0
2026-08-03 2499 1600 0 0
2026-08-04 2517 1600 0 0
2026-08-05 2529 1600 0 0
2026-08-06 2528 1600 0 0
2026-08-07 2539 1600 0 0
2026-08-08 2540 1600 0 0
2026-08-09 2540 1600 0 0
2026-08-10 2543 1600 0 0
2026-08-11 2532 1600 0 0
2026-08-12 2533 1600 0 0
2026-08-13 2531 1600 0 0
2026-08-15 2540 1600 0 0
2026-08-16 2540 1600 0 0
2026-08-17 2539 1600 0 0
2026-08-18 2537 1600 0 0
2026-08-19 2523 1600 0 0
2026-08-20 2529 1600 0 0
2026-08-21 2537 1600 0 0
2026-08-23 2538 1600 0 0
2026-08-24 2529 1600 0 0
2026-08-25 2539 1600 0 0
2026-08-26 2540 1600 0 0
2026-08-27 2543 1600 0 0
2026-08-28 2545 1600 0 0
2026-08-29 2545 1600 0 0
2026-08-30 2545 1600 0 0
2026-08-31 2548 1600 0 0
