2026-03-10 3054 1208.139 0 0
2026-03-11 3004 1235.878 27.739 2.296
2026-03-12 2991 1233.919 -1.959 -0.159
2026-03-13 3112 1164.298 -69.621 -5.642
2026-03-14 3112 1160.914 -3.384 -0.291
2026-03-15 3112 1160.914 0 0
2026-03-16 3102 1167.443 6.529 0.562
2026-03-17 3101 1171.766 4.323 0.37
2026-03-18 3075 1185.162 13.396 1.143
2026-03-19 3050 1187.748 2.586 0.218
2026-03-20 3042 1185.761 -1.987 -0.167
2026-03-21 3054 1172.05 -13.711 -1.156
2026-03-22 3054 1172.05 0 0
2026-03-23 3100 1140.986 -31.064 -2.65
2026-03-24 3150 1117.637 -23.349 -2.046
2026-03-25 3185 1104.344 -13.293 -1.189
2026-03-26 3177 1104.344 0 0
2026-03-27 3254 1050.259 -54.085 -4.897
2026-03-28 3263 1039.915 -10.344 -0.985
2026-03-29 3263 1039.915 0 0
2026-03-30  998.532 -41.383 -3.979
2026-04-02  981.163 -17.369 -1.739
2026-04-07 3208 1085.254 104.091 10.609
2026-04-08 3254 1070.405 -14.849 -1.368
2026-04-09 3288 1054.217 -16.188 -1.512
2026-04-10 3302 1047.85 -6.367 -0.604
2026-04-11 3303 1047.115 -0.735 -0.07
2026-04-12 3303 1047.115 0 0
2026-04-13 3349 1017.09 -30.025 -2.867
2026-04-14 3357 1009.929 -7.161 -0.704
2026-04-15 3303 1065.976 56.047 5.55
2026-04-16 3292 1078.158 12.182 1.143
2026-04-17 3315 1063.833 -14.325 -1.329
2026-04-18 3311 1067.039 3.206 0.301
2026-04-19 3311 1067.039 0 0
2026-04-20 3270 1094.966 27.927 2.617
2026-04-21 3269 1095.379 0.413 0.038
2026-04-22 3305 1071.359 -24.02 -2.193
2026-04-23 3288 1075.219 3.86 0.36
2026-04-24 3265 1084.291 9.072 0.844
2026-04-25 3263 1082.68 -1.611 -0.149
2026-04-26 3263 1082.68 0 0
2026-04-27 3270 1083.019 0.339 0.031
2026-04-28 3295 1069.982 -13.037 -1.204
2026-04-29 3294 1060.456 -9.526 -0.89
2026-04-30 3276 1072.245 11.789 1.112
2026-05-01 3281 1071.569 -0.676 -0.063
2026-05-02 3282 1071.569 0 0
2026-05-04 3271 1078.48 6.911 0.645
2026-05-05 3181 1135.74 57.26 5.309
2026-05-06 3174 1142.104 6.364 0.56
2026-05-07 3215 1124.635 -17.469 -1.53
2026-05-08 3224 1124.812 0.177 0.016
2026-05-09 3232 1122.059 -2.753 -0.245
2026-05-10 3232 1122.059 0 0
<<<<<<< HEAD
2026-05-11 3199 1139.868 17.809 1.587
2026-05-12 3195 1135.563 -4.305 -0.378
2026-05-13 3230 1112.155 -23.408 -2.061
2026-05-14 3243 1102.278 -9.877 -0.888
2026-05-15 3233 1105.06 2.782 0.252
2026-05-16 3233 1102.799 -2.261 -0.205
2026-05-17 3233 1102.799 0 0
2026-05-18 3290 1069.408 -33.391 -3.028
2026-05-19 3302 1061.292 -8.116 -0.759
2026-05-20 3340 1033.039 -28.253 -2.662
2026-05-21 3348 1029.838 -3.201 -0.31
2026-05-22 3341 1035.127 5.289 0.514
2026-05-23 3328 1047.117 11.99 1.158
2026-05-24 3328 1047.117 0 0
2026-05-26 3275 1089.482 42.365 4.046
2026-05-27 3245 1101.697 12.215 1.121
2026-05-28 3236 1101.625 -0.072 -0.007
2026-05-29 3306 1059.4 -42.225 -3.833
2026-05-31 3300 1067.122 7.722 0.729
2026-06-01 3018 1228.824 161.702 15.153
2026-06-02 2934 1287.737 58.913 4.794
2026-06-03 2969 1251.881 -35.856 -2.784
2026-06-04 2987 1233.27 -18.611 -1.487
2026-06-05 3001 1221.567 -11.703 -0.949
2026-06-06 2974 1232.568 11.001 0.901
2026-06-07 2974 1232.568 0 0
2026-06-08 2999 1214.026 -18.542 -1.504
2026-06-09 2967 1232.058 18.032 1.485
2026-06-10 2965 1232.91 0.852 0.069
2026-06-11 3012 1205.474 -27.436 -2.225
2026-06-12 2975 1225.628 20.154 1.672
2026-06-13 2974 1233.972 8.344 0.681
2026-06-15 2978 1237.835 3.863 0.313
2026-06-16 3076 1187.886 -49.949 -4.035
2026-06-17 3075 1185.83 -2.056 -0.173
2026-06-18 3113 1164.866 -20.964 -1.768
2026-06-19 2994 1229.875 65.009 5.581
2026-06-20 2994 1229.875 0 0
2026-06-21 2994 1229.875 0 0
2026-06-23 3089 1170.687 -59.188 -4.813
2026-06-24 3106 1160.009 -10.678 -0.912
2026-06-25 3096 1162.808 2.799 0.241
2026-06-26 3099 1166.033 3.225 0.277
2026-06-27 3098 1166.033 0 0
2026-06-28 3098 1166.033 0 0
2026-06-29 3119 1152.468 -13.565 -1.163
2026-06-30 3136 1146.171 -6.297 -0.546
2026-07-01 3122 1158.998 12.827 1.119
2026-07-02 3125 1159.948 0.95 0.082
2026-07-03 3113 1174.817 14.869 1.282
2026-07-04 3113 1174.817 0 0
2026-07-05 3113 1174.817 0 0
2026-07-06 3102 1181.201 6.384 0.543
2026-07-07 3139 1151.594 -29.607 -2.507
2026-07-08 3157 1129.928 -21.666 -1.881
2026-07-09 3131 1146.093 16.165 1.431
2026-07-10 3111 1165.688 19.595 1.71
2026-07-11 3111 1166.436 0.748 0.064
2026-07-12 3111 1166.436 0 0
2026-07-13 3089 1171.752 5.316 0.456
2026-07-14 3118 1155.939 -15.813 -1.35
2026-07-15 3130 1155.248 -0.691 -0.06
2026-07-16 3134 1149.856 -5.392 -0.467
2026-07-17 3078 1174.805 24.949 2.17
2026-07-18 3076 1175.675 0.87 0.074
2026-07-19 3075 1175.675 0 0
2026-07-20 3055 1183.056 7.381 0.628
2026-07-21 3095 1165.812 -17.244 -1.458
2026-07-22 3088 1168.002 2.19 0.188
2026-07-23 3089 1166.835 -1.167 -0.1
2026-07-24 3089 1159.446 -7.389 -0.633
2026-07-25 3092 1159.506 0.06 0.005
2026-07-26 3092 1159.506 0 0
2026-07-27 3081 1172.419 12.913 1.114
2026-07-28 3070 1175.572 3.153 0.269
2026-07-29 3066 1181.791 6.219 0.529
2026-07-30 3070 1175.186 -6.605 -0.559
2026-07-31 3095 1170.719 -4.467 -0.38
2026-08-01 3085 1173.955 3.236 0.276
2026-08-02 3085 1173.955 0 0
2026-08-03 3071 1189.188 15.233 1.298
2026-08-04 3063 1198.81 9.622 0.809
2026-08-05 3067 1200.097 1.287 0.107
2026-08-06 3053 1210.625 10.528 0.877
2026-08-07 2973 1264.362 53.737 4.439
2026-08-08 2976 1264.561 0.199 0.016
2026-08-09 2976 1264.561 0 0
2026-08-10 2948 1283.653 19.092 1.51
2026-08-11 2993 1254.437 -29.216 -2.276
2026-08-12 3003 1247.086 -7.351 -0.586
2026-08-13 2972 1265.642 18.556 1.488
=======
2026-05-11 3230 1122.059 0 0
2026-05-12 3194 1139.868 0 0
2026-05-13 3195 1135.563 0 0
2026-05-14 3223 1112.155 0 0
2026-05-15 3246 1102.278 0 0
2026-05-16 3233 1105.06 0 0
2026-05-17 3233 1102.799 0 0
2026-05-18 3240 1098.717 0 0
2026-05-19 3296 1069.408 0 0
2026-05-20 3298 1061.292 0 0
2026-05-21 3340 1033.039 0 0
2026-05-22 3350 1027.074 0 0
2026-05-23 3341 1035.127 0 0
2026-05-24 3328 1047.117 0 0
2026-05-25 3313 1057.212 0 0
2026-05-26 3292 1073.281 0 0
2026-05-27 3247 1098.961 0 0
2026-05-28 3241 1101.697 0 0
2026-05-29 3241 1101.906 0 0
2026-05-30 3306 1059.4 0 0
2026-05-31 3300 1067.122 0 0
2026-06-01 3014 1232.091 0 0
2026-06-02 2953 1276.093 0 0
2026-06-03 2935 1286.487 0 0
2026-06-04 2949 1267.84 0 0
2026-06-05 2983 1233.27 0 0
2026-06-06 3001 1221.567 0 0
2026-06-07 2974 1232.568 0 0
2026-06-09 3000 1214.026 0 0
2026-06-10 2984 1221.127 0 0
2026-06-11 2992 1218.353 0 0
2026-06-12 2985 1222.738 0 0
2026-06-13 2975 1225.628 0 0
2026-06-14 2974 1233.972 0 0
2026-06-16 2985 1237.228 0 0
2026-06-17 3080 1184.7 0 0
2026-06-18 3068 1187.095 0 0
2026-06-19 3070 1192.718 0 0
2026-06-20 2994 1229.875 0 0
2026-06-21 2994 1229.875 0 0
2026-06-22 2988 1233.737 0 0
2026-06-23 3055 1197.014 0 0
2026-06-24 3091 1170.687 0 0
2026-06-25 3101 1160.009 0 0
2026-06-26 3084 1162.808 0 0
2026-06-27 3099 1166.033 0 0
2026-06-28 3098 1166.033 0 0
2026-06-29 3109 1157.933 0 0
2026-06-30 3134 1143.919 0 0
2026-07-01 3120 1157.559 0 0
2026-07-02 3130 1158.998 0 0
2026-07-03 3130 1159.948 0 0
2026-07-04 3113 1174.817 0 0
2026-07-05 3113 1174.817 0 0
2026-07-06 3115 1174.817 0 0
2026-07-07 3094 1181.201 0 0
2026-07-08 3131 1151.594 0 0
2026-07-09 3152 1129.928 0 0
2026-07-10 3140 1146.093 0 0
2026-07-11 3111 1165.688 0 0
2026-07-12 3111 1166.436 0 0
2026-07-13 3103 1166.436 0 0
2026-07-14 3086 1171.752 0 0
2026-07-15 3118 1155.939 0 0
2026-07-16 3128 1155.248 0 0
2026-07-17 3121 1149.856 0 0
2026-07-18 3078 1174.805 0 0
2026-07-19 3076 1175.675 0 0
2026-07-20 3078 1175.675 0 0
2026-07-21 3058 1183.056 0 0
2026-07-22 3096 1165.812 0 0
2026-07-23 3087 1168.002 0 0
2026-07-24 3082 1166.835 0 0
2026-07-25 3089 1159.446 0 0
2026-07-26 3092 1159.506 0 0
2026-07-27 3093 1159.506 0 0
2026-07-28 3075 1172.419 0 0
2026-07-29 3076 1175.572 0 0
2026-07-30 3063 1181.791 0 0
2026-07-31 3084 1175.186 0 0
2026-08-01 3095 1170.719 0 0
2026-08-02 3085 1173.955 0 0
2026-08-03 3086 1173.955 0 0
2026-08-04 3074 1189.188 0 0
2026-08-05 3067 1198.81 0 0
2026-08-06 3071 1200.097 0 0
2026-08-07 3057 1210.625 0 0
2026-08-08 2973 1264.362 0 0
2026-08-09 2976 1264.561 0 0
2026-08-10 2975 1264.561 0 0
2026-08-11 2950 1283.653 0 0
2026-08-12 2995 1254.437 0 0
2026-08-13 3010 1247.086 0 0
2026-08-14 2970 1265.642 0 0
>>>>>>> 2b550085baac25c543016ca743053a87bf115d5d
