2026-03-10 2010 2078.167 0 0
2026-03-11 1979 2108.769 30.602 1.473
2026-03-12 1970 2109.222 0.453 0.021
2026-03-13 1980 2090.834 -18.388 -0.872
2026-03-14 1993 2065.941 -24.893 -1.191
2026-03-15 1993 2065.941 0 0
2026-03-16 1991 2065.941 0 0
2026-03-17 1980 2081.099 15.158 0.734
2026-03-18 1987 2081.099 0 0
2026-03-19 1967 2087.579 6.48 0.311
2026-03-20 1961 2075.535 -12.044 -0.577
2026-03-21 1961 2074.805 -0.73 -0.035
2026-03-22 1961 2074.805 0 0
2026-03-23 1951 2074.805 0 0
2026-03-24 1961 2063.34 -11.465 -0.553
2026-03-25 1984 2054.431 -8.909 -0.432
2026-03-27 1965 2054.431 0 0
2026-03-28 1984 2032.071 -22.36 -1.088
2026-03-29 1984 2032.071 0 0
2026-03-30 1978 2032.071 0 0
2026-03-31 1984 2022.32 -9.751 -0.48
2026-04-01 2001 2020.38 -1.94 -0.096
2026-04-02 1982 2048.582 28.202 1.396
2026-04-03 1983 2039.094 -9.488 -0.463
2026-04-04 1983 2039.094 0 0
2026-04-05 1983 2039.094 0 0
2026-04-06 1987 2039.094 0 0
2026-04-07 1980 2041.776 2.682 0.132
2026-04-08 2002 2041.776 0 0
2026-04-09 1985 2082.274 40.498 1.983
2026-04-10 1986 2082.715 0.441 0.021
2026-04-11 1984 2089.649 6.934 0.333
2026-04-12 1984 2089.649 0 0
2026-04-13 1985 2089.649 0 0
2026-04-14 1998 2084.186 -5.463 -0.261
2026-04-15 1988 2106.962 22.776 1.093
2026-04-16 1984 2111.184 4.222 0.2
2026-04-17 1988 2112.847 1.663 0.079
2026-04-18 1984 2124.411 11.564 0.547
2026-04-19 1984 2124.411 0 0
2026-04-20 1986 2124.411 0 0
2026-04-21 1994 2112.696 -11.715 -0.551
2026-04-22 1991 2113.756 1.06 0.05
2026-04-23 1983 2112.091 -1.665 -0.079
2026-04-24 1977 2112.545 0.454 0.021
2026-04-25 1982 2106.36 -6.185 -0.293
2026-04-26 1982 2106.36 0 0
2026-04-27 1977 2106.36 0 0
2026-04-28 1967 2121.814 15.454 0.734
2026-04-29 1970 2113.907 -7.907 -0.373
2026-04-30 1971 2106.661 -7.246 -0.343
2026-05-01 1969 2120.898 14.237 0.676
2026-05-02 1964 2128.857 7.959 0.375
2026-05-04 1966 2128.857 0 0
2026-05-05 1976 2120.289 -8.568 -0.402
2026-05-06 1981 2120.289 0 0
2026-05-07 1984 2135.948 15.659 0.739
2026-05-08 1985 2141.064 5.116 0.24
2026-05-09 1984 2137.031 -4.033 -0.188
2026-05-10 1984 2137.031 0 0
2026-05-11 1980 2137.031 0 0
2026-05-12 1973 2140.287 3.256 0.152
2026-05-13 1968 2132.859 -7.428 -0.347
2026-05-14 1974 2140.908 8.049 0.377
2026-05-15 1967 2132.088 -8.82 -0.412
2026-05-16 1978 2110.58 -21.508 -1.009
2026-05-17 1978 2110.58 0 0
2026-05-18 1966 2110.58 0 0
2026-05-19 1968 2111.789 1.209 0.057
2026-05-20 2000 2090.241 -21.548 -1.02
2026-05-21 1977 2110.58 20.339 0.973
2026-05-22 1986 2110.58 0 0
2026-05-23 1994 2102.607 -7.973 -0.378
2026-05-24 1994 2102.607 0 0
2026-05-26 1995 2102.607 0 0
2026-05-27 1978 2114.362 11.755 0.559
2026-05-28 1991 2102.607 -11.755 -0.556
2026-05-29 1989 2109.373 6.766 0.322
2026-05-31 1984 2122.424 13.051 0.619
2026-06-01 1974 2122.424 0 0
2026-06-02 1980 2106.812 -15.612 -0.736
2026-06-03 1958 2119.375 12.563 0.596
2026-06-04 1970 2108.167 -11.208 -0.529
2026-06-05 1966 2106.36 -1.807 -0.086
2026-06-06 1981 2088.909 -17.451 -0.828
2026-06-07 1981 2088.909 0 0
2026-06-08 1977 2088.909 0 0
2026-06-09 1984 2082.274 -6.635 -0.318
2026-06-10 1985 2076.85 -5.424 -0.26
2026-06-11 1986 2071.163 -5.687 -0.274
2026-06-12 2006 2060.746 -10.417 -0.503
2026-06-13 1995 2080.218 19.472 0.945
2026-06-15 2006 2080.218 0 0
2026-06-16 2001 2090.538 10.32 0.496
2026-06-17 2003 2087.874 -2.664 -0.127
2026-06-18 2003 2084.776 -3.098 -0.148
2026-06-19 2004 2075.535 -9.241 -0.443
2026-06-20 2005 2075.535 0 0
2026-06-21 2005 2075.535 0 0
2026-06-23 1998 2068.114 -7.421 -0.358
2026-06-24 2014 2044.606 -23.508 -1.137
2026-06-25 2027 2033.191 -11.415 -0.558
2026-06-26 2023 2037.686 4.495 0.221
2026-06-27 2026 2035.577 -2.109 -0.103
2026-06-28 2026 2035.577 0 0
2026-06-29 2027 2035.577 0 0
2026-06-30 2035 2029.694 -5.883 -0.289
2026-07-01 2021 2043.756 14.062 0.693
2026-07-02 2030 2036.42 -7.336 -0.359
2026-07-03 2031 2045.457 9.037 0.444
2026-07-04 2031 2045.457 0 0
2026-07-05 2031 2045.457 0 0
2026-07-06 2027 2045.457 0 0
2026-07-07 2012 2046.592 1.135 0.055
2026-07-08 2002 2047.728 1.136 0.056
2026-07-09 2014 2040.787 -6.941 -0.339
2026-07-10 2015 2046.876 6.089 0.298
2026-07-11 2015 2048.866 1.99 0.097
2026-07-12 2015 2048.866 0 0
2026-07-13 2002 2048.866 0 0
2026-07-14 2003 2045.74 -3.126 -0.153
2026-07-15 2002 2061.322 15.582 0.762
2026-07-16 1996 2064.784 3.462 0.168
2026-07-17 1981 2066.231 1.447 0.07
2026-07-18 1986 2059.163 -7.068 -0.342
2026-07-19 1985 2059.163 0 0
2026-07-20 1977 2059.163 0 0
2026-07-21 1991 2064.929 5.766 0.28
2026-07-22 1992 2066.231 1.302 0.063
2026-07-23 1995 2063.918 -2.313 -0.112
2026-07-24 1985 2056.866 -7.052 -0.342
2026-07-25 1984 2061.61 4.744 0.231
2026-07-26 1984 2061.61 0 0
2026-07-27 1995 2061.61 0 0
2026-07-28 1985 2062.763 1.153 0.056
2026-07-29 1987 2055.433 -7.33 -0.355
2026-07-30 1997 2042.765 -12.668 -0.616
2026-07-31 2002 2066.231 23.466 1.149
2026-08-01 1998 2071.89 5.659 0.274
2026-08-02 1998 2071.89 0 0
2026-08-03 2001 2071.89 0 0
2026-08-04 2007 2064.64 -7.25 -0.35
2026-08-05 2008 2076.265 11.625 0.563
2026-08-06 2005 2081.98 5.715 0.275
2026-08-07 2016 2077.142 -4.838 -0.232
2026-08-08 2014 2082.862 5.72 0.275
2026-08-09 2014 2082.862 0 0
2026-08-10 2017 2082.862 0 0
2026-08-11 2018 2082.862 0 0
2026-08-12 2019 2084.039 1.177 0.057
2026-08-13 2013 2085.955 1.916 0.092
2026-08-15 2019 2092.168 6.213 0.298
2026-08-16 2018 2092.168 0 0
2026-08-17 2018 2092.168 0 0
2026-08-18 2009 2097.971 5.803 0.277
2026-08-19 2003 2094.397 -3.574 -0.17
2026-08-20 1994 2100.511 6.114 0.292
2026-08-21 2004 2101.409 0.898 0.043
2026-08-23 1998 2113.301 11.892 0.566
2026-08-24 1984 2113.301 0 0
2026-08-25 1987 2110.58 -2.721 -0.129
2026-08-26 1990 2111.184 0.604 0.029
2026-08-27 1996 2113.756 2.572 0.122
2026-08-28 1984 2121.508 7.752 0.367
2026-08-29 1986 2119.679 -1.829 -0.086
2026-08-30 1986 2119.679 0 0
2026-08-31 1983 2119.679 0 0
2026-09-01 1985 2119.679 0 0
2026-09-02 1979 2114.059 0 0
2026-09-03 1979 2110.882 0 0
