2026-03-10 3270 1067.702 0 0
2026-03-11 3264 1072.676 4.974 0.466
2026-03-12 3274 1065.232 -7.444 -0.694
2026-03-13 3268 1061.182 -4.05 -0.38
2026-03-14 3270 1054.017 -7.165 -0.675
2026-03-15 3270 1054.017 0 0
2026-03-16 3278 1054.017 0 0
2026-03-17 3269 1057.77 3.753 0.356
2026-03-18 3274 1057.77 0 0
2026-03-19 3259 1060.327 2.557 0.242
2026-03-20 3245 1060.449 0.122 0.012
2026-03-21 3239 1063.265 2.816 0.266
2026-03-22 3239 1063.265 0 0
2026-03-23 3229 1063.265 0 0
2026-03-24 3227 1067.084 3.819 0.359
2026-03-25 3239 1066.342 -0.742 -0.07
2026-03-27 3230 1066.342 0 0
2026-03-28 3237 1061.06 -5.282 -0.495
2026-03-29 3236 1061.06 0 0
2026-03-30 3231 1061.06 0 0
2026-03-31 3242 1055.95 -5.11 -0.482
2026-04-01 3246 1061.182 5.232 0.495
2026-04-02 3232 1070.557 9.375 0.883
2026-04-03 3243 1063.879 -6.678 -0.624
2026-04-04 3243 1063.879 0 0
2026-04-05 3243 1063.879 0 0
2026-04-06 3243 1063.879 0 0
2026-04-07 3241 1063.019 -0.86 -0.081
2026-04-08 3268 1063.019 0 0
2026-04-09 3255 1077.067 14.048 1.322
2026-04-10 3263 1076.186 -0.881 -0.082
2026-04-11 3261 1080.225 4.039 0.375
2026-04-12 3261 1080.225 0 0
2026-04-13 3261 1080.225 0 0
2026-04-14 3276 1078.581 -1.644 -0.152
2026-04-15 3271 1087.624 9.043 0.838
2026-04-16 3280 1086.597 -1.027 -0.094
2026-04-17 3283 1084.167 -2.43 -0.224
2026-04-18 3277 1088.009 3.842 0.354
2026-04-19 3277 1088.009 0 0
2026-04-20 3283 1088.009 0 0
2026-04-21 3284 1084.167 -3.842 -0.353
2026-04-22 3286 1082.383 -1.784 -0.165
2026-04-23 3277 1079.213 -3.17 -0.293
2026-04-24 3273 1078.581 -0.632 -0.059
2026-04-25 3269 1078.076 -0.505 -0.047
2026-04-26 3269 1078.076 0 0
2026-04-27 3279 1078.076 0 0
2026-04-28 3267 1080.859 2.783 0.258
2026-04-29 3270 1077.697 -3.162 -0.293
2026-04-30 3263 1077.571 -0.126 -0.012
2026-05-01 3265 1080.352 2.781 0.258
2026-05-02 3259 1083.784 3.432 0.318
2026-05-04 3260 1083.784 0 0
2026-05-05 3275 1078.328 -5.456 -0.503
2026-05-06 3276 1078.328 0 0
2026-05-07 3288 1082.765 4.437 0.411
2026-05-08 3292 1084.678 1.913 0.177
2026-05-09 3291 1084.422 -0.256 -0.024
2026-05-10 3291 1084.422 0 0
<<<<<<< HEAD
2026-05-11 3290 1084.422 0 0
2026-05-12 3281 1084.933 0.511 0.047
2026-05-13 3290 1080.859 -4.074 -0.376
2026-05-14 3288 1078.328 -2.531 -0.234
2026-05-15 3288 1075.683 -2.645 -0.245
2026-05-16 3290 1071.179 -4.504 -0.419
2026-05-17 3290 1071.179 0 0
2026-05-18 3284 1071.179 0 0
2026-05-19 3291 1072.177 0.998 0.093
2026-05-20 3296 1068.074 -4.103 -0.383
2026-05-21 3294 1070.184 2.11 0.198
2026-05-22 3294 1070.184 0 0
2026-05-23 3296 1068.198 -1.986 -0.186
2026-05-24 3296 1068.198 0 0
2026-05-26 3305 1068.198 0 0
2026-05-27 3298 1070.557 2.359 0.221
2026-05-28 3290 1070.806 0.249 0.023
2026-05-29 3287 1072.676 1.87 0.175
2026-05-31 3287 1074.805 2.129 0.198
2026-06-01 3288 1074.805 0 0
2026-06-02 3287 1069.935 -4.87 -0.453
2026-06-03 3273 1072.427 2.492 0.233
2026-06-04 3284 1069.438 -2.989 -0.279
2026-06-05 3263 1071.179 1.741 0.163
2026-06-06 3271 1064.617 -6.562 -0.613
2026-06-07 3271 1064.617 0 0
2026-06-08 3258 1064.617 0 0
2026-06-09 3263 1063.019 -1.598 -0.15
2026-06-10 3248 1064.863 1.844 0.173
2026-06-11 3242 1064.002 -0.861 -0.081
2026-06-12 3265 1060.815 -3.187 -0.3
2026-06-13 3262 1065.972 5.157 0.486
2026-06-15 3276 1065.972 0 0
2026-06-16 3279 1069.066 3.094 0.29
2026-06-17 3269 1069.066 0 0
2026-06-18 3271 1067.331 -1.735 -0.162
2026-06-19 3282 1057.891 -9.44 -0.884
2026-06-20 3282 1057.891 0 0
2026-06-21 3282 1057.891 0 0
2026-06-23 3270 1054.138 -3.753 -0.355
2026-06-24 3274 1048.378 -5.76 -0.546
2026-06-25 3272 1044.455 -3.923 -0.374
2026-06-26 3264 1047.782 3.327 0.319
2026-06-27 3264 1049.453 1.671 0.159
2026-06-28 3264 1049.453 0 0
2026-06-29 3270 1049.453 0 0
2026-06-30 3268 1051.97 2.517 0.24
2026-07-01 3278 1052.932 0.962 0.091
2026-07-02 3286 1049.333 -3.599 -0.342
2026-07-03 3291 1053.896 4.563 0.435
2026-07-04 3291 1053.896 0 0
2026-07-05 3291 1053.896 0 0
2026-07-06 3289 1053.896 0 0
2026-07-07 3285 1051.61 -2.286 -0.217
2026-07-08 3274 1053.053 1.443 0.137
2026-07-09 3281 1050.53 -2.523 -0.24
2026-07-10 3289 1052.932 2.402 0.229
2026-07-11 3296 1052.09 -0.842 -0.08
2026-07-12 3296 1052.09 0 0
2026-07-13 3280 1052.09 0 0
2026-07-14 3288 1050.411 -1.679 -0.16
2026-07-15 3288 1054.017 3.606 0.343
2026-07-16 3286 1053.294 -0.723 -0.069
2026-07-17 3274 1053.896 0.602 0.057
2026-07-18 3273 1053.655 -0.241 -0.023
2026-07-19 3272 1053.655 0 0
2026-07-20 3266 1053.655 0 0
2026-07-21 3279 1050.53 -3.125 -0.297
2026-07-22 3271 1050.411 -0.119 -0.011
2026-07-23 3275 1050.89 0.479 0.046
2026-07-24 3269 1047.305 -3.585 -0.341
2026-07-25 3267 1048.02 0.715 0.068
2026-07-26 3267 1048.02 0 0
2026-07-27 3281 1048.02 0 0
2026-07-28 3279 1047.305 -0.715 -0.068
2026-07-29 3279 1048.617 1.312 0.125
2026-07-30 3275 1048.259 -0.358 -0.034
2026-07-31 3276 1059.473 11.214 1.07
2026-08-01 3276 1059.717 0.244 0.023
2026-08-02 3276 1059.717 0 0
2026-08-03 3286 1059.717 0 0
2026-08-04 3297 1060.449 0.732 0.069
2026-08-05 3300 1061.304 0.855 0.081
2026-08-06 3294 1064.002 2.698 0.254
2026-08-07 3299 1062.406 -1.596 -0.15
2026-08-08 3297 1064.125 1.719 0.162
2026-08-09 3297 1064.125 0 0
2026-08-10 3299 1064.125 0 0
2026-08-11 3299 1064.125 0 0
2026-08-12 3296 1063.019 -1.106 -0.104
2026-08-13 3300 1063.019 0 0
=======
2026-05-11 3288 1084.422 0 0
2026-05-12 3286 1084.422 0 0
2026-05-13 3286 1084.933 0 0
2026-05-14 3279 1080.859 0 0
2026-05-15 3289 1078.328 0 0
2026-05-16 3288 1075.683 0 0
2026-05-17 3290 1071.179 0 0
2026-05-18 3285 1071.179 0 0
2026-05-19 3291 1071.179 0 0
2026-05-20 3285 1072.177 0 0
2026-05-21 3293 1068.074 0 0
2026-05-22 3289 1070.184 0 0
2026-05-23 3294 1070.184 0 0
2026-05-24 3296 1068.198 0 0
2026-05-25 3302 1068.198 0 0
2026-05-26 3299 1068.198 0 0
2026-05-27 3305 1068.198 0 0
2026-05-28 3290 1070.557 0 0
2026-05-29 3290 1070.806 0 0
2026-05-30 3287 1072.676 0 0
2026-05-31 3287 1074.805 0 0
2026-06-01 3282 1074.805 0 0
2026-06-02 3285 1074.805 0 0
2026-06-03 3283 1069.935 0 0
2026-06-04 3267 1072.427 0 0
2026-06-05 3282 1069.438 0 0
2026-06-06 3263 1071.179 0 0
2026-06-07 3271 1064.617 0 0
2026-06-09 3258 1064.617 0 0
2026-06-10 3255 1063.019 0 0
2026-06-11 3240 1064.863 0 0
2026-06-12 3251 1064.002 0 0
2026-06-13 3265 1060.815 0 0
2026-06-14 3262 1065.972 0 0
2026-06-16 3278 1065.972 0 0
2026-06-17 3274 1069.066 0 0
2026-06-18 3271 1069.066 0 0
2026-06-19 3271 1067.331 0 0
2026-06-20 3282 1057.891 0 0
2026-06-21 3282 1057.891 0 0
2026-06-22 3274 1057.891 0 0
2026-06-23 3275 1057.891 0 0
2026-06-24 3271 1054.138 0 0
2026-06-25 3273 1048.378 0 0
2026-06-26 3266 1044.455 0 0
2026-06-27 3264 1047.782 0 0
2026-06-28 3264 1049.453 0 0
2026-06-29 3271 1049.453 0 0
2026-06-30 3268 1049.453 0 0
2026-07-01 3274 1051.97 0 0
2026-07-02 3280 1052.932 0 0
2026-07-03 3289 1049.333 0 0
2026-07-04 3291 1053.896 0 0
2026-07-05 3291 1053.896 0 0
2026-07-06 3290 1053.896 0 0
2026-07-07 3281 1053.896 0 0
2026-07-08 3283 1051.61 0 0
2026-07-09 3273 1053.053 0 0
2026-07-10 3288 1050.53 0 0
2026-07-11 3289 1052.932 0 0
2026-07-12 3296 1052.09 0 0
2026-07-13 3290 1052.09 0 0
2026-07-14 3280 1052.09 0 0
2026-07-15 3291 1050.411 0 0
2026-07-16 3290 1054.017 0 0
2026-07-17 3279 1053.294 0 0
2026-07-18 3274 1053.896 0 0
2026-07-19 3273 1053.655 0 0
2026-07-20 3277 1053.655 0 0
2026-07-21 3274 1053.655 0 0
2026-07-22 3274 1050.53 0 0
2026-07-23 3275 1050.411 0 0
2026-07-24 3262 1050.89 0 0
2026-07-25 3269 1047.305 0 0
2026-07-26 3267 1048.02 0 0
2026-07-27 3277 1048.02 0 0
2026-07-28 3274 1048.02 0 0
2026-07-29 3283 1047.305 0 0
2026-07-30 3277 1048.617 0 0
2026-07-31 3278 1048.259 0 0
2026-08-01 3276 1059.473 0 0
2026-08-02 3276 1059.717 0 0
2026-08-03 3282 1059.717 0 0
2026-08-04 3288 1059.717 0 0
2026-08-05 3297 1060.449 0 0
2026-08-06 3303 1061.304 0 0
2026-08-07 3295 1064.002 0 0
2026-08-08 3299 1062.406 0 0
2026-08-09 3297 1064.125 0 0
2026-08-10 3300 1064.125 0 0
2026-08-11 3299 1064.125 0 0
2026-08-12 3299 1064.125 0 0
2026-08-13 3296 1063.019 0 0
2026-08-14 3299 1063.019 0 0
>>>>>>> 2b550085baac25c543016ca743053a87bf115d5d
2026-08-15 3290 1063.265 0 0
2026-08-16 3289 1066.589 0 0
2026-08-17 3289 1066.589 0 0
2026-08-18 3293 1066.589 0 0
2026-08-19 3285 1067.207 0 0
2026-08-20 3283 1066.713 0 0
2026-08-21 3273 1074.178 0 0
2026-08-22 3281 1076.06 0 0
2026-08-24 3284 1075.055 0 0
2026-08-25 3277 1075.055 0 0
2026-08-26 3286 1074.428 0 0
2026-08-27 3294 1074.805 0 0
2026-08-28 3296 1072.552 0 0
2026-08-29 3297 1072.552 0 0
