2026-02-12 2717 1337.011 0 0
2026-02-13 2716 1336.33 -0.681 -0.051
2026-02-14 2717 1333.001 -3.329 -0.249
2026-02-15 2716 1333.001 0 0
2026-02-16 2720 1333.001 0 0
2026-02-17 2718 1333.001 0 0
2026-02-18 2718 1333.001 0 0
2026-02-19 2715 1333.001 0 0
2026-02-20 2718 1333.001 0 0
2026-02-21 2725 1333.001 0 0
2026-02-22 2725 1333.001 0 0
2026-02-23 2713 1337.062 4.061 0.305
2026-02-24 2720 1340.231 3.169 0.237
2026-02-25 2732 1334.782 -5.449 -0.407
2026-02-26 2714 1341.169 6.387 0.479
2026-02-27 2725 1346.39 5.221 0.389
2026-02-28 2727 1346.39 0 0
2026-03-01 2726 1346.39 0 0
2026-03-02 2761 1314.953 -31.437 -2.335
2026-03-03 2796 1271.808 -43.145 -3.281
2026-03-04 2908 1183.923 -87.885 -6.91
2026-03-05 2758 1294.054 110.131 9.302
2026-03-06 2710 1321.423 27.369 2.115
2026-03-07 2709 1322.444 1.021 0.077
2026-03-08 2709 1322.444 0 0
2026-03-09 2788 1261.204 -61.24 -4.631
2026-03-10 2937 1275.431 14.227 1.128
2026-03-11 2803 1363.037 87.606 6.869
2026-03-12 2702 1428.683 65.646 4.816
2026-03-13 2702 1420.37 -8.313 -0.582
2026-03-14 2701 1415.907 -4.463 -0.314
2026-03-15 2702 1415.907 0 0
2026-03-16 2746 1389.231 -26.676 -1.884
2026-03-17 2565 1522.353 133.122 9.582
2026-03-18 2402 1658.747 136.394 8.959
2026-03-19 2419 1630.887 -27.86 -1.68
2026-03-20 2456 1583.821 -47.066 -2.886
2026-03-21 2455 1581.422 -2.399 -0.151
2026-03-22 2455 1581.422 0 0
2026-03-23 2511 1543.453 -37.969 -2.401
2026-03-24 2595 1461.731 -81.722 -5.295
2026-03-25 2524 1546.112 84.381 5.773
2026-03-27 2501 1553.43 7.318 0.473
2026-03-28 2489 1561.931 8.501 0.547
2026-03-29 2486 1561.931 0 0
2026-03-30 2532 1517.115 -44.816 -2.869
2026-03-31 2618 1440.413 -76.702 -5.056
2026-04-01 2541 1525.924 85.511 5.937
2026-04-02 2470 1576.974 51.05 3.346
2026-04-03 2473 1574.83 -2.144 -0.136
2026-04-04 2473 1574.83 0 0
2026-04-05 2473 1574.83 0 0
2026-04-06 2471 1574.83 0 0
2026-04-07 2517 1545.495 -29.335 -1.863
2026-04-08 2373 1698.171 152.676 9.879
2026-04-09 2372 1705.229 7.058 0.416
2026-04-10 2370 1706.761 1.532 0.09
2026-04-11 2373 1707.353 0.592 0.035
2026-04-12 2373 1707.353 0 0
2026-04-13 2425 1653.58 -53.773 -3.149
2026-04-14 2328 1759.165 105.585 6.385
2026-04-15 2215 1884.59 125.425 7.13
2026-04-16 2138 1969.414 84.824 4.501
2026-04-17 2230 1884.623 -84.791 -4.305
2026-04-18 2235 1881.4 -3.223 -0.171
2026-04-19 2235 1881.4 0 0
2026-04-20 2142 1965.164 83.764 4.452
2026-04-21 2023 2082.017 116.853 5.946
2026-04-22 1922 2197.616 115.599 5.552
2026-04-23 1967 2138.042 -59.574 -2.711
2026-04-24 1874 2230.239 92.197 4.312
2026-04-25 1866 2235.306 5.067 0.227
2026-04-26 1866 2235.306 0 0
2026-04-27 1918 2185.152 -50.154 -2.244
2026-04-28 1894 2202.824 17.672 0.809
2026-04-29 1845 2257.585 54.761 2.486
2026-04-30 1857 2242.378 -15.207 -0.674
2026-05-01 1868 2234.416 -7.962 -0.355
2026-05-02 1871 2234.416 0 0
2026-05-04 1734 2411.467 177.051 7.924
2026-05-05 1652 2539.52 128.053 5.31
2026-05-06 1658 2539.52 0 0
2026-05-07 1747 2441.925 -97.595 -3.843
2026-05-08 1823 2321.056 -120.869 -4.95
2026-05-09 1822 2320.908 -0.148 -0.006
2026-05-10 1822 2320.908 0 0
<<<<<<< HEAD
2026-05-11 1743 2439.159 118.251 5.095
2026-05-12 1710 2463.664 24.505 1.005
2026-05-13 1744 2426.65 -37.014 -1.502
2026-05-14 1747 2425.798 -0.852 -0.035
2026-05-15 1798 2343.896 -81.902 -3.376
2026-05-16 1790 2342.409 -1.487 -0.063
2026-05-17 1790 2342.409 0 0
2026-05-18 1897 2201.043 -141.366 -6.035
2026-05-19 1929 2168.577 -32.466 -1.475
2026-05-20 1974 2112.621 -55.956 -2.58
2026-05-21 1976 2112.054 -0.567 -0.027
2026-05-22 1741 2411.072 299.018 14.158
2026-05-23 1731 2424.545 13.473 0.559
2026-05-24 1731 2424.545 0 0
2026-05-26 1787 2351.405 -73.14 -3.017
2026-05-27 1691 2490.359 138.954 5.909
2026-05-28 1729 2440.518 -49.841 -2.001
2026-05-29 1632 2589.801 149.283 6.117
2026-05-31 1630 2597.076 7.275 0.281
2026-06-01 1663 2535.794 -61.282 -2.36
2026-06-02 1699 2477.357 -58.437 -2.304
2026-06-03 1709 2452.725 -24.632 -0.994
2026-06-04 1681 2496.339 43.614 1.778
2026-06-05 1743 2389.726 -106.613 -4.271
2026-06-06 1739 2385.518 -4.208 -0.176
2026-06-07 1739 2385.518 0 0
2026-06-08 1728 2388.225 2.707 0.113
2026-06-09 1702 2426 37.775 1.582
2026-06-10 1786 2287.494 -138.506 -5.709
2026-06-11 1722 2385.886 98.392 4.301
2026-06-12 1648 2501.117 115.231 4.83
2026-06-13 1650 2504.795 3.678 0.147
2026-06-15 1727 2419.123 -85.672 -3.42
2026-06-16 1693 2471.571 52.448 2.168
2026-06-17 1666 2514.088 42.517 1.72
2026-06-18 1624 2578.477 64.389 2.561
2026-06-19 1619 2580.112 1.635 0.063
2026-06-20 1619 2580.112 0 0
2026-06-21 1619 2580.112 0 0
2026-06-23 1654 2513.168 -66.944 -2.595
2026-06-24 1671 2485.029 -28.139 -1.12
2026-06-25 1747 2354.188 -130.841 -5.265
2026-06-26 1945 2107.352 -246.836 -10.485
2026-06-27 1954 2103.159 -4.193 -0.199
2026-06-28 1954 2103.159 0 0
2026-06-29 2012 2049.028 -54.131 -2.574
2026-06-30 1866 2222.24 173.212 8.453
2026-07-01 1786 2312.074 89.834 4.042
2026-07-02 1736 2391.477 79.403 3.434
2026-07-03 1792 2321.875 -69.602 -2.91
2026-07-04 1792 2321.875 0 0
2026-07-05 1792 2321.875 0 0
2026-07-06 1908 2188.99 -132.885 -5.723
2026-07-07 1944 2126.311 -62.679 -2.863
2026-07-08 1999 2054.973 -71.338 -3.355
2026-07-09 2048 2013.155 -41.818 -2.035
2026-07-10 2059 2007.06 -6.095 -0.303
2026-07-11 2060 2007.06 0 0
2026-07-12 2060 2007.06 0 0
2026-07-13 2077 1985.933 -21.127 -1.053
2026-07-14 2158 1909.906 -76.027 -3.828
2026-07-15 2017 2042.348 132.442 6.934
2026-07-16 2013 2043.172 0.824 0.04
2026-07-17 2175 1898.546 -144.626 -7.079
2026-07-18 2178 1893.355 -5.191 -0.273
2026-07-19 2177 1893.355 0 0
2026-07-20 2166 1888.281 -5.074 -0.268
2026-07-21 1989 2066.561 178.28 9.441
2026-07-22 1820 2260.59 194.029 9.389
2026-07-23 1808 2269.727 9.137 0.404
2026-07-24 1895 2154.712 -115.015 -5.067
2026-07-25 1911 2146.014 -8.698 -0.404
2026-07-26 1911 2146.014 0 0
2026-07-27 1923 2140.952 -5.062 -0.236
2026-07-28 2124 1938.921 -202.031 -9.437
2026-07-29 2186 1883.773 -55.148 -2.844
2026-07-30 2134 1929.818 46.045 2.444
2026-07-31 1958 2114.836 185.018 9.587
2026-08-01 1948 2124.881 10.045 0.475
2026-08-02 1947 2124.881 0 0
2026-08-03 1761 2335.415 210.534 9.908
2026-08-04 1849 2257.019 -78.396 -3.357
2026-08-05 1789 2329.802 72.783 3.225
2026-08-06 1718 2449.079 119.277 5.12
2026-08-07 1747 2395.401 -53.678 -2.192
2026-08-08 1755 2388.103 -7.298 -0.305
2026-08-09 1755 2388.103 0 0
2026-08-10 1738 2416.404 28.301 1.185
2026-08-11 1748 2401.891 -14.513 -0.601
2026-08-12 1662 2540.48 138.589 5.77
2026-08-13 1645 2562.802 22.322 0.879
=======
2026-05-11 1766 2401.781 0 0
2026-05-12 1710 2475.858 0 0
2026-05-13 1767 2387.547 0 0
2026-05-14 1744 2421.916 0 0
2026-05-15 1753 2418.357 0 0
2026-05-16 1798 2343.896 0 0
2026-05-17 1790 2342.409 0 0
2026-05-18 1907 2194.279 0 0
2026-05-19 1968 2113.112 0 0
2026-05-20 1957 2136.141 0 0
2026-05-21 1858 2256.107 0 0
2026-05-22 1847 2268.971 0 0
2026-05-23 1741 2411.072 0 0
2026-05-24 1731 2424.545 0 0
2026-05-25 1701 2461.116 0 0
2026-05-26 1759 2386.621 0 0
2026-05-27 1673 2511.231 0 0
2026-05-28 1730 2436.753 0 0
2026-05-29 1586 2653.234 0 0
2026-05-30 1632 2589.801 0 0
2026-05-31 1630 2597.076 0 0
2026-06-01 1675 2521.494 0 0
2026-06-02 1686 2500.386 0 0
2026-06-03 1716 2454.917 0 0
2026-06-04 1656 2529.963 0 0
2026-06-05 1746 2400.616 0 0
2026-06-06 1743 2389.726 0 0
2026-06-07 1739 2385.518 0 0
2026-06-09 1731 2384.841 0 0
2026-06-10 1736 2366.617 0 0
2026-06-11 1762 2309.748 0 0
2026-06-12 1661 2478.787 0 0
2026-06-13 1648 2501.117 0 0
2026-06-14 1650 2504.795 0 0
2026-06-16 1687 2479.161 0 0
2026-06-17 1686 2493.885 0 0
2026-06-18 1644 2554.626 0 0
2026-06-19 1622 2578.477 0 0
2026-06-20 1619 2580.112 0 0
2026-06-21 1619 2580.112 0 0
2026-06-22 1587 2633.524 0 0
2026-06-23 1649 2534.812 0 0
2026-06-24 1727 2396.452 0 0
2026-06-25 1728 2395.438 0 0
2026-06-26 1929 2122.734 0 0
2026-06-27 1945 2107.352 0 0
2026-06-28 1954 2103.159 0 0
2026-06-29 2054 2007.595 0 0
2026-06-30 1872 2216.768 0 0
2026-07-01 1762 2349.966 0 0
2026-07-02 1768 2340.195 0 0
2026-07-03 1769 2341.962 0 0
2026-07-04 1792 2321.875 0 0
2026-07-05 1792 2321.875 0 0
2026-07-06 1885 2217.036 0 0
2026-07-07 2113 1971.967 0 0
2026-07-08 1983 2083.124 0 0
2026-07-09 2080 1972.538 0 0
2026-07-10 2056 2013.155 0 0
2026-07-11 2059 2007.06 0 0
2026-07-12 2060 2007.06 0 0
2026-07-13 2069 1998.318 0 0
2026-07-14 2248 1827.111 0 0
2026-07-15 2009 2048.469 0 0
2026-07-16 2013 2045.264 0 0
2026-07-17 2096 1966.633 0 0
2026-07-18 2175 1898.546 0 0
2026-07-19 2178 1893.355 0 0
2026-07-20 2194 1873.783 0 0
2026-07-21 2009 2031.085 0 0
2026-07-22 1817 2271.624 0 0
2026-07-23 1815 2270.721 0 0
2026-07-24 1883 2171.103 0 0
2026-07-25 1895 2154.712 0 0
2026-07-26 1911 2146.014 0 0
2026-07-27 1915 2142.398 0 0
2026-07-28 2021 2025.984 0 0
2026-07-29 2196 1876.42 0 0
2026-07-30 2061 1998.077 0 0
2026-07-31 1947 2121.14 0 0
2026-08-01 1958 2114.836 0 0
2026-08-02 1948 2124.881 0 0
2026-08-03 1761 2335.415 0 0
2026-08-04 1757 2346.305 0 0
2026-08-05 1768 2346.666 0 0
2026-08-06 1727 2435.968 0 0
2026-08-07 1708 2457.069 0 0
2026-08-08 1747 2395.401 0 0
2026-08-09 1755 2388.103 0 0
2026-08-10 1687 2494.776 0 0
2026-08-11 1743 2410.599 0 0
2026-08-12 1707 2458.493 0 0
2026-08-13 1608 2624.05 0 0
2026-08-14 1602 2635.611 0 0
>>>>>>> 2b550085baac25c543016ca743053a87bf115d5d
2026-08-15 1622 2597.083 0 0
2026-08-16 1618 2609.253 0 0
2026-08-17 1618 2609.253 0 0
2026-08-18 1679 2511.037 0 0
2026-08-19 1662 2530.038 0 0
2026-08-20 1785 2340.944 0 0
2026-08-21 1791 2333.84 0 0
2026-08-22 1853 2268.107 0 0
2026-08-24 1849 2276.577 0 0
2026-08-25 1877 2241.971 0 0
2026-08-26 1824 2307.249 0 0
