2026-03-10 1943 2157.843 0 0
2026-03-11 1917 2189.619 31.776 1.473
2026-03-12 1905 2190.088 0.469 0.021
2026-03-13 1917 2170.995 -19.093 -0.872
2026-03-14 1928 2145.148 -25.847 -1.191
2026-03-15 1928 2145.148 0 0
2026-03-16 1929 2145.148 0 0
2026-03-17 1920 2160.887 15.739 0.734
2026-03-18 1920 2160.887 0 0
2026-03-19 1895 2167.616 6.729 0.311
2026-03-20 1894 2155.11 -12.506 -0.577
2026-03-21 1895 2154.352 -0.758 -0.035
2026-03-22 1895 2154.352 0 0
2026-03-23 1880 2154.352 0 0
2026-03-24 1898 2142.448 -11.904 -0.553
2026-03-25 1920 2133.197 -9.251 -0.432
2026-03-27 1905 2133.197 0 0
2026-03-28 1918 2109.98 -23.217 -1.088
2026-03-29 1918 2109.98 0 0
2026-03-30 1916 2109.98 0 0
2026-03-31 1931 2099.854 -10.126 -0.48
2026-04-01 1949 2097.841 -2.013 -0.096
2026-04-02 1921 2127.123 29.282 1.396
2026-04-03 1928 2117.272 -9.851 -0.463
2026-04-04 1928 2117.272 0 0
2026-04-05 1928 2117.272 0 0
2026-04-06 1929 2117.272 0 0
2026-04-07 1924 2120.056 2.784 0.131
2026-04-08 1948 2120.056 0 0
2026-04-09 1921 2162.107 42.051 1.983
2026-04-10 1926 2162.565 0.458 0.021
2026-04-11 1922 2169.765 7.2 0.333
2026-04-12 1922 2169.765 0 0
2026-04-13 1916 2169.765 0 0
2026-04-14 1926 2164.093 -5.672 -0.261
2026-04-15 1918 2187.742 23.649 1.093
2026-04-16 1920 2192.126 4.384 0.2
2026-04-17 1927 2193.853 1.727 0.079
2026-04-18 1918 2205.86 12.007 0.547
2026-04-19 1918 2205.86 0 0
2026-04-20 1922 2205.86 0 0
2026-04-21 1934 2193.696 -12.164 -0.551
2026-04-22 1927 2194.796 1.1 0.05
2026-04-23 1919 2193.068 -1.728 -0.079
2026-04-24 1920 2193.539 0.471 0.021
2026-04-25 1921 2187.117 -6.422 -0.293
2026-04-26 1921 2187.117 0 0
2026-04-27 1917 2187.117 0 0
2026-04-28 1893 2203.163 16.046 0.734
2026-04-29 1905 2194.953 -8.21 -0.373
2026-04-30 1915 2187.429 -7.524 -0.343
2026-05-01 1898 2202.213 14.784 0.676
2026-05-02 1898 2210.477 8.264 0.375
2026-05-04 1901 2210.477 0 0
2026-05-05 1918 2201.579 -8.898 -0.403
2026-05-06 1923 2201.579 0 0
2026-05-07 1920 2217.839 16.26 0.739
2026-05-08 1914 2223.151 5.312 0.24
2026-05-09 1915 2218.964 -4.187 -0.188
2026-05-10 1915 2218.964 0 0
<<<<<<< HEAD
2026-05-11 1923 2218.964 0 0
2026-05-12 1907 2222.345 3.381 0.152
2026-05-13 1906 2214.632 -7.713 -0.347
2026-05-14 1900 2222.99 8.358 0.377
2026-05-15 1901 2213.832 -9.158 -0.412
2026-05-16 1915 2191.499 -22.333 -1.009
2026-05-17 1915 2191.499 0 0
2026-05-18 1908 2191.499 0 0
2026-05-19 1906 2192.754 1.255 0.057
2026-05-20 1929 2170.38 -22.374 -1.02
2026-05-21 1918 2191.499 21.119 0.973
2026-05-22 1928 2191.499 0 0
2026-05-23 1933 2183.22 -8.279 -0.378
2026-05-24 1933 2183.22 0 0
2026-05-26 1933 2183.22 0 0
2026-05-27 1918 2195.425 12.205 0.559
2026-05-28 1929 2183.22 -12.205 -0.556
2026-05-29 1924 2190.245 7.025 0.322
2026-05-31 1911 2203.797 13.552 0.619
2026-06-01 1903 2203.797 0 0
2026-06-02 1912 2187.586 -16.211 -0.736
2026-06-03 1893 2200.63 13.044 0.596
2026-06-04 1905 2188.993 -11.637 -0.529
2026-06-05 1903 2187.117 -1.876 -0.086
2026-06-06 1914 2168.997 -18.12 -0.828
2026-06-07 1914 2168.997 0 0
2026-06-08 1901 2168.997 0 0
2026-06-09 1919 2162.107 -6.89 -0.318
2026-06-10 1915 2156.475 -5.632 -0.26
2026-06-11 1916 2150.57 -5.905 -0.274
2026-06-12 1939 2139.754 -10.816 -0.503
2026-06-13 1921 2159.973 20.219 0.945
2026-06-15 1934 2159.973 0 0
2026-06-16 1931 2170.688 10.715 0.496
2026-06-17 1924 2167.922 -2.766 -0.127
2026-06-18 1921 2164.705 -3.217 -0.148
2026-06-19 1927 2155.11 -9.595 -0.443
2026-06-20 1928 2155.11 0 0
2026-06-21 1928 2155.11 0 0
2026-06-23 1921 2147.404 -7.706 -0.358
2026-06-24 1938 2122.995 -24.409 -1.137
2026-06-25 1953 2111.143 -11.852 -0.558
2026-06-26 1938 2115.81 4.667 0.221
2026-06-27 1944 2113.62 -2.19 -0.104
2026-06-28 1944 2113.62 0 0
2026-06-29 1950 2113.62 0 0
2026-06-30 1961 2107.512 -6.108 -0.289
2026-07-01 1957 2122.113 14.601 0.693
2026-07-02 1972 2114.495 -7.618 -0.359
2026-07-03 1970 2123.878 9.383 0.444
2026-07-04 1970 2123.878 0 0
2026-07-05 1970 2123.878 0 0
2026-07-06 1962 2123.878 0 0
2026-07-07 1946 2125.057 1.179 0.056
2026-07-08 1929 2126.237 1.18 0.056
2026-07-09 1943 2119.03 -7.207 -0.339
2026-07-10 1943 2125.352 6.322 0.298
2026-07-11 1939 2127.419 2.067 0.097
2026-07-12 1939 2127.419 0 0
2026-07-13 1930 2127.419 0 0
2026-07-14 1936 2124.173 -3.246 -0.153
2026-07-15 1923 2140.352 16.179 0.762
2026-07-16 1929 2143.947 3.595 0.168
2026-07-17 1909 2145.449 1.502 0.07
2026-07-18 1912 2138.111 -7.338 -0.342
2026-07-19 1911 2138.111 0 0
2026-07-20 1909 2138.111 0 0
2026-07-21 1916 2144.097 5.986 0.28
2026-07-22 1913 2145.449 1.352 0.063
2026-07-23 1912 2143.047 -2.402 -0.112
2026-07-24 1917 2135.725 -7.322 -0.342
2026-07-25 1917 2140.651 4.926 0.231
2026-07-26 1917 2140.651 0 0
2026-07-27 1924 2140.651 0 0
2026-07-28 1916 2141.848 1.197 0.056
2026-07-29 1925 2134.237 -7.611 -0.355
2026-07-30 1935 2121.084 -13.153 -0.616
2026-07-31 1929 2145.449 24.365 1.149
2026-08-01 1924 2151.326 5.877 0.274
2026-08-02 1924 2151.326 0 0
2026-08-03 1932 2151.326 0 0
2026-08-04 1943 2143.797 -7.529 -0.35
2026-08-05 1940 2155.868 12.071 0.563
2026-08-06 1931 2161.802 5.934 0.275
2026-08-07 1946 2156.779 -5.023 -0.232
2026-08-08 1942 2162.718 5.939 0.275
2026-08-09 1942 2162.718 0 0
2026-08-10 1946 2162.718 0 0
2026-08-11 1945 2162.718 0 0
2026-08-12 1946 2163.94 1.222 0.057
2026-08-13 1937 2165.93 1.99 0.092
=======
2026-05-11 1920 2218.964 0 0
2026-05-12 1922 2218.964 0 0
2026-05-13 1906 2222.345 0 0
2026-05-14 1900 2214.632 0 0
2026-05-15 1902 2222.99 0 0
2026-05-16 1901 2213.832 0 0
2026-05-17 1915 2191.499 0 0
2026-05-18 1908 2191.499 0 0
2026-05-19 1906 2191.499 0 0
2026-05-20 1906 2192.754 0 0
2026-05-21 1930 2170.38 0 0
2026-05-22 1922 2191.499 0 0
2026-05-23 1928 2191.499 0 0
2026-05-24 1933 2183.22 0 0
2026-05-25 1936 2183.22 0 0
2026-05-26 1931 2183.22 0 0
2026-05-27 1926 2183.22 0 0
2026-05-28 1917 2195.425 0 0
2026-05-29 1933 2183.22 0 0
2026-05-30 1924 2190.245 0 0
2026-05-31 1911 2203.797 0 0
2026-06-01 1911 2203.797 0 0
2026-06-02 1897 2203.797 0 0
2026-06-03 1913 2187.586 0 0
2026-06-04 1885 2200.63 0 0
2026-06-05 1908 2188.993 0 0
2026-06-06 1903 2187.117 0 0
2026-06-07 1914 2168.997 0 0
2026-06-09 1907 2168.997 0 0
2026-06-10 1911 2162.107 0 0
2026-06-11 1907 2156.475 0 0
2026-06-12 1929 2150.57 0 0
2026-06-13 1939 2139.754 0 0
2026-06-14 1921 2159.973 0 0
2026-06-16 1937 2159.973 0 0
2026-06-17 1929 2170.688 0 0
2026-06-18 1914 2167.922 0 0
2026-06-19 1920 2164.705 0 0
2026-06-20 1927 2155.11 0 0
2026-06-21 1928 2155.11 0 0
2026-06-22 1925 2155.11 0 0
2026-06-23 1928 2155.11 0 0
2026-06-24 1922 2147.404 0 0
2026-06-25 1941 2122.995 0 0
2026-06-26 1940 2111.143 0 0
2026-06-27 1938 2115.81 0 0
2026-06-28 1944 2113.62 0 0
2026-06-29 1951 2113.62 0 0
2026-06-30 1953 2113.62 0 0
2026-07-01 1966 2107.512 0 0
2026-07-02 1957 2122.113 0 0
2026-07-03 1975 2114.495 0 0
2026-07-04 1970 2123.878 0 0
2026-07-05 1970 2123.878 0 0
2026-07-06 1969 2123.878 0 0
2026-07-07 1955 2123.878 0 0
2026-07-08 1940 2125.057 0 0
2026-07-09 1927 2126.237 0 0
2026-07-10 1948 2119.03 0 0
2026-07-11 1943 2125.352 0 0
2026-07-12 1939 2127.419 0 0
2026-07-13 1935 2127.419 0 0
2026-07-14 1930 2127.419 0 0
2026-07-15 1933 2124.173 0 0
2026-07-16 1930 2140.352 0 0
2026-07-17 1920 2143.947 0 0
2026-07-18 1909 2145.449 0 0
2026-07-19 1912 2138.111 0 0
2026-07-20 1912 2138.111 0 0
2026-07-21 1910 2138.111 0 0
2026-07-22 1922 2144.097 0 0
2026-07-23 1917 2145.449 0 0
2026-07-24 1912 2143.047 0 0
2026-07-25 1917 2135.725 0 0
2026-07-26 1917 2140.651 0 0
2026-07-27 1917 2140.651 0 0
2026-07-28 1915 2140.651 0 0
2026-07-29 1920 2141.848 0 0
2026-07-30 1925 2134.237 0 0
2026-07-31 1948 2121.084 0 0
2026-08-01 1929 2145.449 0 0
2026-08-02 1924 2151.326 0 0
2026-08-03 1923 2151.326 0 0
2026-08-04 1934 2151.326 0 0
2026-08-05 1945 2143.797 0 0
2026-08-06 1938 2155.868 0 0
2026-08-07 1932 2161.802 0 0
2026-08-08 1946 2156.779 0 0
2026-08-09 1942 2162.718 0 0
2026-08-10 1943 2162.718 0 0
2026-08-11 1945 2162.718 0 0
2026-08-12 1946 2162.718 0 0
2026-08-13 1942 2163.94 0 0
2026-08-14 1934 2165.93 0 0
>>>>>>> 2b550085baac25c543016ca743053a87bf115d5d
2026-08-15 1932 2164.246 0 0
2026-08-16 1934 2172.381 0 0
2026-08-17 1932 2172.381 0 0
2026-08-18 1939 2172.381 0 0
2026-08-19 1932 2178.407 0 0
2026-08-20 1930 2174.695 0 0
2026-08-21 1921 2181.044 0 0
2026-08-22 1930 2181.976 0 0
