2026-03-10 2893 1300 0 0
2026-03-11 2899 1300 0 0
2026-03-12 2888 1300 0 0
2026-03-13 2878 1300 0 0
2026-03-14 2874 1300 0 0
2026-03-15 2874 1300 0 0
2026-03-16 2873 1300 0 0
2026-03-17 2872 1300 0 0
2026-03-18 2868 1300 0 0
2026-03-19 2845 1300 0 0
2026-03-20 2842 1300 0 0
2026-03-21 2842 1300 0 0
2026-03-22 2842 1300 0 0
2026-03-23 2829 1300 0 0
2026-03-24 2833 1300 0 0
2026-03-25 2847 1300 0 0
2026-03-27 2834 1300 0 0
2026-03-28 2830 1300 0 0
2026-03-29 2830 1300 0 0
2026-03-30 2830 1300 0 0
2026-03-31 2835 1300 0 0
2026-04-01 2850 1300 0 0
2026-04-02 2849 1300 0 0
2026-04-03 2838 1300 0 0
2026-04-04 2838 1300 0 0
2026-04-05 2838 1300 0 0
2026-04-06 2841 1300 0 0
2026-04-07 2835 1300 0 0
2026-04-08 2868 1300 0 0
2026-04-09 2867 1300 0 0
2026-04-10 2873 1300 0 0
2026-04-11 2877 1300 0 0
2026-04-12 2877 1300 0 0
2026-04-13 2881 1300 0 0
2026-04-14 2894 1300 0 0
2026-04-15 2910 1300 0 0
2026-04-16 2918 1300 0 0
2026-04-17 2918 1300 0 0
2026-04-18 2920 1300 0 0
2026-04-19 2920 1300 0 0
2026-04-20 2926 1300 0 0
2026-04-21 2924 1300 0 0
2026-04-22 2922 1300 0 0
2026-04-23 2911 1300 0 0
2026-04-24 2902 1300 0 0
2026-04-25 2901 1300 0 0
2026-04-26 2901 1300 0 0
2026-04-27 2904 1300 0 0
2026-04-28 2901 1300 0 0
2026-04-29 2900 1300 0 0
2026-04-30 2901 1300 0 0
2026-05-01 2909 1300 0 0
2026-05-02 2910 1300 0 0
2026-05-04 2918 1300 0 0
<<<<<<< HEAD
2026-05-05 2918 1300 0 0
2026-05-06 2919 1300 0 0
2026-05-07 2926 1300 0 0
2026-05-08 2932 1300 0 0
2026-05-09 2930 1300 0 0
2026-05-10 2930 1300 0 0
2026-05-11 2935 1300 0 0
2026-05-12 2926 1300 0 0
2026-05-13 2922 1300 0 0
2026-05-14 2917 1300 0 0
2026-05-15 2905 1300 0 0
2026-05-16 2902 1300 0 0
2026-05-17 2902 1300 0 0
2026-05-18 2903 1300 0 0
2026-05-19 2910 1300 0 0
2026-05-20 2911 1300 0 0
2026-05-21 2911 1300 0 0
2026-05-22 2921 1300 0 0
2026-05-23 2922 1300 0 0
2026-05-24 2922 1300 0 0
2026-05-26 2919 1300 0 0
2026-05-27 2916 1300 0 0
2026-05-28 2910 1300 0 0
2026-05-29 2905 1300 0 0
2026-05-31 2912 1300 0 0
2026-06-01 2907 1300 0 0
2026-06-02 2903 1300 0 0
2026-06-03 2895 1300 0 0
2026-06-04 2889 1300 0 0
2026-06-05 2883 1300 0 0
2026-06-06 2886 1300 0 0
2026-06-07 2886 1300 0 0
2026-06-08 2864 1300 0 0
2026-06-09 2870 1300 0 0
2026-06-10 2864 1300 0 0
2026-06-11 2857 1300 0 0
2026-06-12 2878 1300 0 0
2026-06-13 2882 1300 0 0
2026-06-15 2892 1300 0 0
2026-06-16 2898 1300 0 0
2026-06-17 2892 1300 0 0
2026-06-18 2892 1300 0 0
2026-06-19 2889 1300 0 0
2026-06-20 2889 1300 0 0
2026-06-21 2889 1300 0 0
2026-06-23 2877 1300 0 0
2026-06-24 2876 1300 0 0
2026-06-25 2872 1300 0 0
2026-06-26 2872 1300 0 0
2026-06-27 2874 1300 0 0
2026-06-28 2874 1300 0 0
2026-06-29 2874 1300 0 0
2026-06-30 2883 1300 0 0
2026-07-01 2892 1300 0 0
2026-07-02 1563 2683.432 1383.432 106.418
2026-07-03 1568 2683.432 0 0
2026-07-04 1568 2683.432 0 0
2026-07-05 1568 2683.432 0 0
2026-07-06 1551 2708.825 25.393 0.946
2026-07-07 1518 2754.383 45.558 1.682
2026-07-08 1622 2556.468 -197.915 -7.185
2026-07-09 1623 2563.189 6.721 0.263
2026-07-10 1694 2457.883 -105.306 -4.108
2026-07-11 1694 2457.883 0 0
2026-07-12 1694 2457.883 0 0
2026-07-13 1740 2373.489 -84.394 -3.434
2026-07-14 1712 2427.263 53.774 2.266
2026-07-15 1668 2490.745 63.482 2.615
2026-07-16 1729 2398.882 -91.863 -3.688
2026-07-17 1692 2419.794 20.912 0.872
2026-07-18 1690 2419.794 0 0
2026-07-19 1689 2419.794 0 0
2026-07-20 1644 2495.973 76.179 3.148
2026-07-21 1629 2530.328 34.355 1.376
2026-07-22 1634 2522.859 -7.469 -0.295
2026-07-23 1657 2490.745 -32.114 -1.273
2026-07-24 1616 2543.771 53.026 2.129
2026-07-25 1621 2543.771 0 0
2026-07-26 1621 2543.771 0 0
2026-07-27 1658 2484.023 -59.748 -2.349
2026-07-28 1686 2441.453 -42.57 -1.714
2026-07-29 1689 2442.2 0.747 0.031
2026-07-30 1596 2594.557 152.357 6.239
2026-07-31 1582 2628.912 34.355 1.324
2026-08-01 1580 2628.912 0 0
2026-08-02 1581 2628.912 0 0
2026-08-03 1538 2705.091 76.179 2.898
2026-08-04 1511 2796.953 91.862 3.396
2026-08-05 1312 3267.469 470.516 16.822
2026-08-06 1286 3372.028 104.559 3.2
2026-08-07 1304 3319.748 -52.28 -1.55
2026-08-08 1304 3319.748 0 0
2026-08-09 1304 3319.748 0 0
2026-08-10 1138 3841.05 521.302 15.703
2026-08-11 1087 3991.166 150.116 3.908
2026-08-12 1184 3658.071 -333.095 -8.346
2026-08-13 1389 3056.11 -601.961 -16.456
=======
2026-05-05 2918 1300.0 0 0
2026-05-06 2922 1300.0 0 0
2026-05-07 2923 1300.0 0 0
2026-05-08 2928 1300.0 0 0
2026-05-09 2934 1300.0 0 0
2026-05-10 2932 1300.0 0 0
2026-05-11 2937 1300.0 0 0
2026-05-12 2936 1300.0 0 0
2026-05-13 2926 1300.0 0 0
2026-05-14 2920 1300.0 0 0
2026-05-15 2920 1300.0 0 0
2026-05-16 2907 1300.0 0 0
2026-05-17 2904 1300.0 0 0
2026-05-18 2901 1300.0 0 0
2026-05-19 2903 1300.0 0 0
2026-05-20 2906 1300.0 0 0
2026-05-21 2916 1300.0 0 0
2026-05-22 2916 1300.0 0 0
2026-05-23 2923 1300.0 0 0
2026-05-24 2924 1300.0 0 0
2026-05-25 2921 1300.0 0 0
2026-05-26 2923 1300.0 0 0
2026-05-27 2918 1300.0 0 0
2026-05-28 2908 1300.0 0 0
2026-05-29 2912 1300.0 0 0
2026-05-30 2907 1300.0 0 0
2026-05-31 2914 1300.0 0 0
2026-06-01 2919 1300.0 0 0
2026-06-02 2903 1300.0 0 0
2026-06-03 2901 1300.0 0 0
2026-06-04 2890 1300.0 0 0
2026-06-05 2892 1300.0 0 0
2026-06-06 2885 1300.0 0 0
2026-06-07 2888 1300.0 0 0
2026-06-09 2874 1300.0 0 0
2026-06-10 2868 1300.0 0 0
2026-06-11 2853 1300.0 0 0
2026-06-12 2879 1300.0 0 0
2026-06-13 2880 1300.0 0 0
2026-06-14 2884 1300.0 0 0
2026-06-16 2893 1300.0 0 0
2026-06-17 2901 1300.0 0 0
2026-06-18 2893 1300.0 0 0
2026-06-19 2894 1300.0 0 0
2026-06-20 2891 1300.0 0 0
2026-06-21 2891 1300.0 0 0
2026-06-22 2888 1300.0 0 0
2026-06-23 2887 1300.0 0 0
2026-06-24 2874 1300.0 0 0
2026-06-25 2879 1300.0 0 0
2026-06-26 2864 1300.0 0 0
2026-06-27 2874 1300.0 0 0
2026-06-28 2876 1300.0 0 0
2026-06-29 2880 1300.0 0 0
2026-06-30 2883 1300.0 0 0
2026-07-01 2889 1300.0 0 0
2026-07-02 2888 1300.0 0 0
2026-07-03 1567 2683.432 0 0
2026-07-04 1568 2683.432 0 0
2026-07-05 1568 2683.432 0 0
2026-07-06 1572 2683.432 0 0
2026-07-07 1546 2708.825 0 0
2026-07-08 1516 2754.383 0 0
2026-07-09 1618 2556.468 0 0
2026-07-10 1624 2563.189 0 0
2026-07-11 1694 2457.883 0 0
2026-07-12 1694 2457.883 0 0
2026-07-13 1690 2457.883 0 0
2026-07-14 1742 2373.489 0 0
2026-07-15 1716 2427.263 0 0
2026-07-16 1674 2490.745 0 0
2026-07-17 1716 2398.882 0 0
2026-07-18 1692 2419.794 0 0
2026-07-19 1690 2419.794 0 0
2026-07-20 1692 2419.794 0 0
2026-07-21 1651 2495.973 0 0
2026-07-22 1629 2530.328 0 0
2026-07-23 1640 2522.859 0 0
2026-07-24 1650 2490.745 0 0
2026-07-25 1616 2543.771 0 0
2026-07-26 1621 2543.771 0 0
2026-07-27 1618 2543.771 0 0
2026-07-28 1654 2484.023 0 0
2026-07-29 1685 2441.453 0 0
2026-07-30 1686 2442.2 0 0
2026-07-31 1603 2594.557 0 0
2026-08-01 1582 2628.912 0 0
2026-08-02 1580 2628.912 0 0
2026-08-03 1576 2628.912 0 0
2026-08-04 1538 2705.091 0 0
2026-08-05 1511 2796.953 0 0
2026-08-06 1307 3267.469 0 0
2026-08-07 1286 3372.028 0 0
2026-08-08 1304 3319.748 0 0
2026-08-09 1304 3319.748 0 0
2026-08-10 1306 3319.748 0 0
2026-08-11 1137 3841.05 0 0
2026-08-12 1085 3991.166 0 0
2026-08-13 1182 3658.071 0 0
2026-08-14 1389 3056.11 0 0
>>>>>>> 2b550085baac25c543016ca743053a87bf115d5d
2026-08-15 1442 2935.867 0 0
2026-08-16 1445 2935.867 0 0
2026-08-17 1444 2935.867 0 0
2026-08-18 1483 2875.373 0 0
2026-08-19 1461 2894.044 0 0
2026-08-20 1378 3096.44 0 0
2026-08-21 1430 2982.172 0 0
2026-08-22 1390 3088.225 0 0
2026-08-23 1391 3088.225 0 0
2026-08-24 1391 3088.225 0 0
2026-08-25 1388 3075.528 0 0
2026-08-26 1359 3171.872 0 0
2026-08-27 1359 3165.897 0 0
2026-08-28 1271 3446.713 0 0
