<<<<<<< HEAD
2026-07-10 3358 1003.347 0 0
2026-07-11 3373 1003.347 0 0
2026-07-12 3373 1003.347 0 0
2026-07-13  993.401 -9.946 -0.991
2026-07-15 3308 1039.478 46.077 4.638
2026-07-16  998.369 -41.109 -3.955
2026-08-04 3315 1042.609 44.24 4.431
2026-08-05 3360 1011.785 -30.824 -2.956
2026-08-06 3381 1001.198 -10.587 -1.046
2026-08-07  996.642 -4.556 -0.455
=======
2026-07-11 3358 1003.347 0 0
2026-07-12 3373 1003.347 0 0
2026-07-13 3366 1003.347 0 0
2026-07-14 3369 993.401 0 0
2026-07-16 3307 1039.478 0 0
2026-07-17 3370 998.369 0 0
2026-08-05 3315 1042.609 0 0
2026-08-06 3359 1011.785 0 0
2026-08-07 3379 1001.198 0 0
2026-08-08 3393 996.642 0 0
>>>>>>> 2b550085baac25c543016ca743053a87bf115d5d
