<<<<<<< HEAD
2026-06-16 2753 1406.95 0 0
2026-06-17 2749 1406.95 0 0
2026-06-18 2750 1406.95 0 0
2026-06-19 2748 1406.95 0 0
2026-06-20 2748 1406.95 0 0
2026-06-21 2748 1406.95 0 0
2026-06-23 2738 1406.95 0 0
2026-06-24 2738 1406.95 0 0
2026-06-25 2734 1406.95 0 0
2026-06-26 2736 1406.95 0 0
2026-06-27 2739 1406.95 0 0
2026-06-28 2739 1406.95 0 0
2026-06-29 2742 1406.95 0 0
2026-06-30 2744 1406.95 0 0
2026-07-01 2759 1406.95 0 0
2026-07-02 2753 1406.95 0 0
2026-07-03 2751 1406.95 0 0
2026-07-04 2751 1406.95 0 0
2026-07-05 2751 1406.95 0 0
2026-07-06 2750 1406.95 0 0
2026-07-07 2745 1406.95 0 0
2026-07-08 2733 1406.95 0 0
2026-07-09 2741 1406.95 0 0
2026-07-10 2747 1406.95 0 0
2026-07-11 2750 1406.95 0 0
2026-07-12 2750 1406.95 0 0
2026-07-13 2738 1406.95 0 0
2026-07-14 2742 1406.95 0 0
2026-07-15 2751 1406.95 0 0
2026-07-16 2752 1406.95 0 0
2026-07-17 2734 1406.95 0 0
2026-07-18 2734 1406.95 0 0
2026-07-19 2733 1406.95 0 0
2026-07-20 2727 1406.95 0 0
2026-07-21 2737 1406.95 0 0
2026-07-22 2727 1406.95 0 0
2026-07-23 2724 1406.95 0 0
2026-07-24 2717 1406.95 0 0
2026-07-25 2720 1406.95 0 0
2026-07-26 2720 1406.95 0 0
2026-07-27 2734 1406.95 0 0
2026-07-28 2731 1406.95 0 0
2026-07-29 2730 1406.95 0 0
2026-07-30 2724 1406.95 0 0
2026-07-31 2739 1406.95 0 0
2026-08-01 2741 1406.95 0 0
2026-08-02 2741 1406.95 0 0
2026-08-03 2740 1406.95 0 0
2026-08-04 2752 1406.95 0 0
2026-08-05 2766 1406.95 0 0
2026-08-06 2765 1406.95 0 0
2026-08-07 2772 1406.95 0 0
2026-08-08 2772 1406.95 0 0
2026-08-09 2772 1406.95 0 0
2026-08-10 2782 1406.95 0 0
2026-08-11 2780 1406.95 0 0
2026-08-12 2776 1406.95 0 0
2026-08-13 2779 1406.95 0 0
=======
2026-06-17 2753 1406.95 0 0
2026-06-18 2747 1406.95 0 0
2026-06-19 2753 1406.95 0 0
2026-06-20 2748 1406.95 0 0
2026-06-21 2748 1406.95 0 0
2026-06-22 2743 1406.95 0 0
2026-06-23 2743 1406.95 0 0
2026-06-24 2744 1406.95 0 0
2026-06-25 2740 1406.95 0 0
2026-06-26 2728 1406.95 0 0
2026-06-27 2736 1406.95 0 0
2026-06-28 2739 1406.95 0 0
2026-06-29 2741 1406.95 0 0
2026-06-30 2740 1406.95 0 0
2026-07-01 2748 1406.95 0 0
2026-07-02 2759 1406.95 0 0
2026-07-03 2753 1406.95 0 0
2026-07-04 2751 1406.95 0 0
2026-07-05 2751 1406.95 0 0
2026-07-06 2749 1406.95 0 0
2026-07-07 2750 1406.95 0 0
2026-07-08 2742 1406.95 0 0
2026-07-09 2732 1406.95 0 0
2026-07-10 2746 1406.95 0 0
2026-07-11 2747 1406.95 0 0
2026-07-12 2750 1406.95 0 0
2026-07-13 2745 1406.95 0 0
2026-07-14 2737 1406.95 0 0
2026-07-15 2740 1406.95 0 0
2026-07-16 2750 1406.95 0 0
2026-07-17 2741 1406.95 0 0
2026-07-18 2734 1406.95 0 0
2026-07-19 2734 1406.95 0 0
2026-07-20 2732 1406.95 0 0
2026-07-21 2728 1406.95 0 0
2026-07-22 2735 1406.95 0 0
2026-07-23 2729 1406.95 0 0
2026-07-24 2718 1406.95 0 0
2026-07-25 2717 1406.95 0 0
2026-07-26 2720 1406.95 0 0
2026-07-27 2730 1406.95 0 0
2026-07-28 2730 1406.95 0 0
2026-07-29 2729 1406.95 0 0
2026-07-30 2730 1406.95 0 0
2026-07-31 2736 1406.95 0 0
2026-08-01 2739 1406.95 0 0
2026-08-02 2741 1406.95 0 0
2026-08-03 2739 1406.95 0 0
2026-08-04 2740 1406.95 0 0
2026-08-05 2763 1406.95 0 0
2026-08-06 2766 1406.95 0 0
2026-08-07 2766 1406.95 0 0
2026-08-08 2772 1406.95 0 0
2026-08-09 2772 1406.95 0 0
2026-08-10 2777 1406.95 0 0
2026-08-11 2781 1406.95 0 0
2026-08-12 2781 1406.95 0 0
2026-08-13 2771 1406.95 0 0
2026-08-14 2777 1406.95 0 0
>>>>>>> 2b550085baac25c543016ca743053a87bf115d5d
2026-08-15 2772 1406.95 0 0
2026-08-16 2777 1406.95 0 0
2026-08-17 2771 1406.95 0 0
2026-08-18 2777 1406.95 0 0
2026-08-19 2772 1406.95 0 0
2026-08-20 2775 1406.95 0 0
2026-08-21 2784 1406.95 0 0
2026-08-22 2789 1406.95 0 0
2026-08-24 2795 1406.95 0 0
2026-08-25 2787 1406.95 0 0
