2026-03-10 3233 1095.525 0 0
2026-03-11 3223 1100.629 5.104 0.466
2026-03-12 3231 1092.991 -7.638 -0.694
2026-03-13 3228 1088.835 -4.156 -0.38
2026-03-14 3231 1081.483 -7.352 -0.675
2026-03-15 3231 1081.483 0 0
2026-03-16 3234 1081.483 0 0
2026-03-17 3235 1085.334 3.851 0.356
2026-03-18 3237 1085.334 0 0
2026-03-19 3217 1087.958 2.624 0.242
2026-03-20 3211 1088.083 0.125 0.011
2026-03-21 3205 1090.972 2.889 0.266
2026-03-22 3205 1090.972 0 0
2026-03-23 3188 1090.972 0 0
2026-03-24 3189 1094.891 3.919 0.359
2026-03-25 3203 1094.13 -0.761 -0.07
2026-03-27 3193 1094.13 0 0
2026-03-28 3197 1088.71 -5.42 -0.495
2026-03-29 3196 1088.71 0 0
2026-03-30 3188 1088.71 0 0
2026-03-31 3204 1083.467 -5.243 -0.482
2026-04-01 3203 1088.835 5.368 0.495
2026-04-02 3191 1098.454 9.619 0.883
2026-04-03 3198 1091.602 -6.852 -0.624
2026-04-04 3198 1091.602 0 0
2026-04-05 3198 1091.602 0 0
2026-04-06 3200 1091.602 0 0
2026-04-07 3199 1090.72 -0.882 -0.081
2026-04-08 3219 1090.72 0 0
2026-04-09 3200 1105.134 14.414 1.322
2026-04-10 3210 1104.23 -0.904 -0.082
2026-04-11 3207 1108.374 4.144 0.375
2026-04-12 3207 1108.374 0 0
2026-04-13 3209 1108.374 0 0
2026-04-14 3227 1106.687 -1.687 -0.152
2026-04-15 3222 1115.966 9.279 0.838
2026-04-16 3226 1114.913 -1.053 -0.094
2026-04-17 3236 1112.419 -2.494 -0.224
2026-04-18 3230 1116.361 3.942 0.354
2026-04-19 3230 1116.361 0 0
2026-04-20 3228 1116.361 0 0
2026-04-21 3232 1112.419 -3.942 -0.353
2026-04-22 3229 1110.589 -1.83 -0.165
2026-04-23 3232 1107.335 -3.254 -0.293
2026-04-24 3228 1106.687 -0.648 -0.059
2026-04-25 3223 1106.169 -0.518 -0.047
2026-04-26 3223 1106.169 0 0
2026-04-27 3223 1106.169 0 0
2026-04-28 3212 1109.025 2.856 0.258
2026-04-29 3213 1105.78 -3.245 -0.293
2026-04-30 3213 1105.651 -0.129 -0.012
2026-05-01 3212 1108.504 2.853 0.258
2026-05-02 3206 1112.026 3.522 0.318
2026-05-04 3211 1112.026 0 0
2026-05-05 3235 1106.428 -5.598 -0.503
2026-05-06 3237 1106.428 0 0
2026-05-07 3239 1110.98 4.552 0.411
2026-05-08 3248 1112.943 1.963 0.177
2026-05-09 3247 1112.681 -0.262 -0.024
2026-05-10 3247 1112.681 0 0
<<<<<<< HEAD
2026-05-11 3239 1112.681 0 0
2026-05-12 3226 1113.205 0.524 0.047
2026-05-13 3236 1109.025 -4.18 -0.375
2026-05-14 3238 1106.428 -2.597 -0.234
2026-05-15 3238 1103.714 -2.714 -0.245
2026-05-16 3243 1099.093 -4.621 -0.419
2026-05-17 3243 1099.093 0 0
2026-05-18 3236 1099.093 0 0
2026-05-19 3238 1100.116 1.023 0.093
2026-05-20 3250 1095.906 -4.21 -0.383
2026-05-21 3250 1098.071 2.165 0.198
2026-05-22 3249 1098.071 0 0
2026-05-23 3251 1096.033 -2.038 -0.186
2026-05-24 3251 1096.033 0 0
2026-05-26 3262 1096.033 0 0
2026-05-27 3255 1098.454 2.421 0.221
2026-05-28 3246 1098.709 0.255 0.023
2026-05-29 3235 1100.629 1.92 0.175
2026-05-31 3240 1102.812 2.183 0.198
2026-06-01 3231 1102.812 0 0
2026-06-02 3242 1097.816 -4.996 -0.453
2026-06-03 3216 1100.373 2.557 0.233
2026-06-04 3221 1097.306 -3.067 -0.279
2026-06-05 3216 1099.093 1.787 0.163
2026-06-06 3228 1092.359 -6.734 -0.613
2026-06-07 3228 1092.359 0 0
2026-06-08 3214 1092.359 0 0
2026-06-09 3212 1090.72 -1.639 -0.15
2026-06-10 3197 1092.612 1.892 0.173
2026-06-11 3198 1091.728 -0.884 -0.081
2026-06-12 3220 1088.459 -3.269 -0.299
2026-06-13 3217 1093.75 5.291 0.486
2026-06-15 3234 1093.75 0 0
2026-06-16 3226 1096.924 3.174 0.29
2026-06-17 3225 1096.924 0 0
2026-06-18 3228 1095.144 -1.78 -0.162
2026-06-19 3235 1085.458 -9.686 -0.884
2026-06-20 3235 1085.458 0 0
2026-06-21 3235 1085.458 0 0
2026-06-23 3231 1081.607 -3.851 -0.355
2026-06-24 3231 1075.697 -5.91 -0.546
2026-06-25 3232 1071.672 -4.025 -0.374
2026-06-26 3220 1075.085 3.413 0.318
2026-06-27 3215 1076.8 1.715 0.16
2026-06-28 3215 1076.8 0 0
2026-06-29 3226 1076.8 0 0
2026-06-30 3226 1079.383 2.583 0.24
2026-07-01 3233 1080.37 0.987 0.091
2026-07-02 3243 1076.678 -3.692 -0.342
2026-07-03 3244 1081.359 4.681 0.435
2026-07-04 3244 1081.359 0 0
2026-07-05 3244 1081.359 0 0
2026-07-06 3248 1081.359 0 0
2026-07-07 3239 1079.013 -2.346 -0.217
2026-07-08 3231 1080.494 1.481 0.137
2026-07-09 3233 1077.906 -2.588 -0.24
2026-07-10 3244 1080.37 2.464 0.229
2026-07-11 3247 1079.507 -0.863 -0.08
2026-07-12 3247 1079.507 0 0
2026-07-13 3238 1079.507 0 0
2026-07-14 3242 1077.783 -1.724 -0.16
2026-07-15 3242 1081.483 3.7 0.343
2026-07-16 3240 1080.741 -0.742 -0.069
2026-07-17 3220 1081.359 0.618 0.057
2026-07-18 3219 1081.112 -0.247 -0.023
2026-07-19 3218 1081.112 0 0
2026-07-20 3212 1081.112 0 0
2026-07-21 3235 1077.906 -3.206 -0.297
2026-07-22 3229 1077.783 -0.123 -0.011
2026-07-23 3230 1078.275 0.492 0.046
2026-07-24 3222 1074.596 -3.679 -0.341
2026-07-25 3221 1075.33 0.734 0.068
2026-07-26 3221 1075.33 0 0
2026-07-27 3236 1075.33 0 0
2026-07-28 3234 1074.596 -0.734 -0.068
2026-07-29 3237 1075.942 1.346 0.125
2026-07-30 3237 1075.575 -0.367 -0.034
2026-07-31 3231 1087.082 11.507 1.07
2026-08-01 3236 1087.332 0.25 0.023
2026-08-02 3236 1087.332 0 0
2026-08-03 3242 1087.332 0 0
2026-08-04 3249 1088.083 0.751 0.069
2026-08-05 3253 1088.961 0.878 0.081
2026-08-06 3254 1091.728 2.767 0.254
2026-08-07 3258 1090.091 -1.637 -0.15
2026-08-08 3258 1091.854 1.763 0.162
2026-08-09 3258 1091.854 0 0
2026-08-10 3259 1091.854 0 0
2026-08-11 3257 1091.854 0 0
2026-08-12 3258 1090.72 -1.134 -0.104
2026-08-13 3261 1090.72 0 0
=======
2026-05-11 3243 1112.681 0 0
2026-05-12 3239 1112.681 0 0
2026-05-13 3230 1113.205 0 0
2026-05-14 3230 1109.025 0 0
2026-05-15 3239 1106.428 0 0
2026-05-16 3238 1103.714 0 0
2026-05-17 3243 1099.093 0 0
2026-05-18 3238 1099.093 0 0
2026-05-19 3242 1099.093 0 0
2026-05-20 3234 1100.116 0 0
2026-05-21 3253 1095.906 0 0
2026-05-22 3245 1098.071 0 0
2026-05-23 3249 1098.071 0 0
2026-05-24 3251 1096.033 0 0
2026-05-25 3255 1096.033 0 0
2026-05-26 3253 1096.033 0 0
2026-05-27 3259 1096.033 0 0
2026-05-28 3250 1098.454 0 0
2026-05-29 3247 1098.709 0 0
2026-05-30 3235 1100.629 0 0
2026-05-31 3240 1102.812 0 0
2026-06-01 3237 1102.812 0 0
2026-06-02 3230 1102.812 0 0
2026-06-03 3238 1097.816 0 0
2026-06-04 3207 1100.373 0 0
2026-06-05 3224 1097.306 0 0
2026-06-06 3216 1099.093 0 0
2026-06-07 3228 1092.359 0 0
2026-06-09 3211 1092.359 0 0
2026-06-10 3204 1090.72 0 0
2026-06-11 3194 1092.612 0 0
2026-06-12 3209 1091.728 0 0
2026-06-13 3220 1088.459 0 0
2026-06-14 3217 1093.75 0 0
2026-06-16 3231 1093.75 0 0
2026-06-17 3226 1096.924 0 0
2026-06-18 3220 1096.924 0 0
2026-06-19 3224 1095.144 0 0
2026-06-20 3235 1085.458 0 0
2026-06-21 3235 1085.458 0 0
2026-06-22 3225 1085.458 0 0
2026-06-23 3232 1085.458 0 0
2026-06-24 3229 1081.607 0 0
2026-06-25 3230 1075.697 0 0
2026-06-26 3220 1071.672 0 0
2026-06-27 3220 1075.085 0 0
2026-06-28 3215 1076.8 0 0
2026-06-29 3222 1076.8 0 0
2026-06-30 3223 1076.8 0 0
2026-07-01 3230 1079.383 0 0
2026-07-02 3237 1080.37 0 0
2026-07-03 3244 1076.678 0 0
2026-07-04 3244 1081.359 0 0
2026-07-05 3244 1081.359 0 0
2026-07-06 3246 1081.359 0 0
2026-07-07 3248 1081.359 0 0
2026-07-08 3239 1079.013 0 0
2026-07-09 3227 1080.494 0 0
2026-07-10 3244 1077.906 0 0
2026-07-11 3244 1080.37 0 0
2026-07-12 3247 1079.507 0 0
2026-07-13 3244 1079.507 0 0
2026-07-14 3234 1079.507 0 0
2026-07-15 3243 1077.783 0 0
2026-07-16 3245 1081.483 0 0
2026-07-17 3234 1080.741 0 0
2026-07-18 3220 1081.359 0 0
2026-07-19 3219 1081.112 0 0
2026-07-20 3219 1081.112 0 0
2026-07-21 3212 1081.112 0 0
2026-07-22 3232 1077.906 0 0
2026-07-23 3238 1077.783 0 0
2026-07-24 3220 1078.275 0 0
2026-07-25 3222 1074.596 0 0
2026-07-26 3221 1075.33 0 0
2026-07-27 3226 1075.33 0 0
2026-07-28 3234 1075.33 0 0
2026-07-29 3241 1074.596 0 0
2026-07-30 3237 1075.942 0 0
2026-07-31 3248 1075.575 0 0
2026-08-01 3231 1087.082 0 0
2026-08-02 3236 1087.332 0 0
2026-08-03 3239 1087.332 0 0
2026-08-04 3238 1087.332 0 0
2026-08-05 3256 1088.083 0 0
2026-08-06 3258 1088.961 0 0
2026-08-07 3249 1091.728 0 0
2026-08-08 3258 1090.091 0 0
2026-08-09 3258 1091.854 0 0
2026-08-10 3260 1091.854 0 0
2026-08-11 3258 1091.854 0 0
2026-08-12 3262 1091.854 0 0
2026-08-13 3260 1090.72 0 0
2026-08-14 3261 1090.72 0 0
>>>>>>> 2b550085baac25c543016ca743053a87bf115d5d
2026-08-15 3255 1090.972 0 0
2026-08-16 3254 1094.383 0 0
