2026-03-10 2793 1366.198 0 0
2026-03-11 2797 1370.127 3.929 0.288
2026-03-12 2730 1413.717 43.59 3.181
2026-03-13 2782 1375.459 -38.258 -2.706
2026-03-14 2779 1369.959 -5.5 -0.4
2026-03-15 2779 1369.959 0 0
2026-03-16 2872 1300.393 -69.566 -5.078
2026-03-17 2885 1295.395 -4.998 -0.384
2026-03-18 2892 1290.756 -4.639 -0.358
2026-03-19 2986 1217.955 -72.801 -5.64
2026-03-20 3051 1176.331 -41.624 -3.418
2026-03-21 3047 1179.596 3.265 0.278
2026-03-22 3047 1179.596 0 0
2026-03-23 3076 1152.851 -26.745 -2.267
2026-03-24 3029 1175.388 22.537 1.955
2026-03-25 3009 1202.545 27.157 2.31
2026-03-26 3046 1175.172 -27.373 -2.276
2026-03-27 3037 1182.833 7.661 0.652
2026-03-28 3038 1178.965 -3.868 -0.327
2026-03-29 3038 1178.965 0 0
2026-03-30 3034 1179.102 0.137 0.012
2026-03-31 3080 1147.023 -32.079 -2.721
2026-04-01 3038 1182.82 35.797 3.121
2026-04-02 2974 1223.2 40.38 3.414
2026-04-03 3031 1187.505 -35.695 -2.918
2026-04-04 3031 1187.505 0 0
2026-04-05 3031 1187.505 0 0
2026-04-06 3034 1187.505 0 0
2026-04-07 3085 1153.522 -33.983 -2.862
2026-04-08 3008 1217.766 64.244 5.569
2026-04-09 2987 1226.201 8.435 0.693
2026-04-10 2955 1246.168 19.967 1.628
2026-04-11 2952 1247.554 1.386 0.111
2026-04-12 2952 1247.554 0 0
2026-04-13 3065 1195.684 -51.87 -4.158
2026-04-14 3029 1215.925 20.241 1.693
2026-04-15 3043 1218.983 3.058 0.251
2026-04-16 3012 1239.139 20.156 1.654
2026-04-17 3029 1233.456 -5.683 -0.459
2026-04-18 3033 1232.209 -1.247 -0.101
2026-04-19 3033 1232.209 0 0
2026-04-20 2886 1324.909 92.7 7.523
2026-04-21 2818 1372.06 47.151 3.559
2026-04-22 2815 1374.729 2.669 0.195
2026-04-23 2818 1360.171 -14.558 -1.059
2026-04-24 2789 1380.169 19.998 1.47
2026-04-25 2788 1380.028 -0.141 -0.01
2026-04-26 2788 1380.028 0 0
2026-04-27 2827 1356.731 -23.297 -1.688
2026-04-28 2808 1363.566 6.835 0.504
2026-04-29 2785 1386.49 22.924 1.681
2026-04-30 2700 1446.371 59.881 4.319
2026-05-01 2701 1446.287 -0.084 -0.006
2026-05-02 2702 1446.287 0 0
2026-05-04 2707 1446.287 0 0
2026-05-05 2622 1521.233 74.946 5.182
2026-05-06 2627 1521.233 0 0
2026-05-07 2605 1547.882 26.649 1.752
2026-05-08 2662 1501.448 -46.434 -3
2026-05-09 2662 1501.382 -0.066 -0.004
2026-05-10 2662 1501.382 0 0
2026-05-11 2615 1539.983 38.601 2.571
2026-05-12 2654 1500.402 -39.581 -2.57
2026-05-13 2666 1494.799 -5.603 -0.373
2026-05-14 2693 1470.503 -24.296 -1.625
2026-05-15 2548 1569.162 98.659 6.709
2026-05-16 2553 1564.896 -4.266 -0.272
2026-05-17 2553 1564.896 0 0
2026-05-18 2595 1533.649 -31.247 -1.997
2026-05-19 2569 1553.893 20.244 1.32
2026-05-20 2574 1552.188 -1.705 -0.11
2026-05-21 2575 1551.664 -0.524 -0.034
2026-05-22 2656 1493.768 -57.896 -3.731
2026-05-23 2651 1496.274 2.506 0.168
2026-05-24 2651 1496.274 0 0
2026-05-26 2679 1475.353 -20.921 -1.398
2026-05-27 2725 1426.359 -48.994 -3.321
2026-05-28 2730 1431.93 5.571 0.391
2026-05-29 2769 1399.129 -32.801 -2.291
2026-05-31 2764 1401.506 2.377 0.17
2026-06-01 2775 1399.697 -1.809 -0.129
2026-06-02 2773 1396.5 -3.197 -0.228
2026-06-03 2795 1373.203 -23.297 -1.668
2026-06-04 2777 1386.189 12.986 0.946
2026-06-05 2735 1407.186 20.997 1.515
2026-06-06 2733 1408.329 1.143 0.081
2026-06-07 2733 1408.329 0 0
2026-06-08 2795 1344.62 -63.709 -4.524
2026-06-09 2790 1356.608 11.988 0.892
2026-06-10 2842 1313.392 -43.216 -3.186
2026-06-11 2877 1292.473 -20.919 -1.593
2026-06-12 2874 1301.794 9.321 0.721
2026-06-13 2875 1304.894 3.1 0.238
2026-06-15 2783 1384.873 79.979 6.129
2026-06-16 2758 1401.596 16.723 1.208
2026-06-17 2788 1380.75 -20.846 -1.487
2026-06-18 2740 1411.424 30.674 2.222
2026-06-19 2739 1410.359 -1.065 -0.075
2026-06-20 2739 1410.359 0 0
2026-06-21 2739 1410.359 0 0
2026-06-23 2844 1319.412 -90.947 -6.448
2026-06-24 2952 1252.217 -67.195 -5.093
2026-06-25 2962 1245.409 -6.808 -0.544
2026-06-26 2981 1227.935 -17.474 -1.403
2026-06-27 2982 1227.719 -0.216 -0.018
2026-06-28 2982 1227.719 0 0
2026-06-29 2956 1249.05 21.331 1.737
2026-06-30 2954 1251.882 2.832 0.227
2026-07-01 2981 1239.421 -12.461 -0.995
2026-07-02 2968 1250.337 10.916 0.881
2026-07-03 2925 1291.247 40.91 3.272
2026-07-04 2925 1291.247 0 0
2026-07-05 2925 1291.247 0 0
2026-07-06 2926 1285.703 -5.544 -0.429
2026-07-07 2970 1247.912 -37.791 -2.939
2026-07-08 3024 1206.303 -41.609 -3.334
2026-07-09 3029 1205.178 -1.125 -0.093
2026-07-10 3056 1196.56 -8.618 -0.715
2026-07-11 3064 1199.225 2.665 0.223
2026-07-12 3064 1199.225 0 0
2026-07-13 3149 1132.66 -66.565 -5.551
2026-07-14 3187 1112.255 -20.405 -1.802
2026-07-15 3278 1058.709 -53.546 -4.814
2026-07-16 3259 1069.248 10.539 0.995
2026-07-17 3309 1028.54 -40.708 -3.807
2026-07-18 3312 1027.144 -1.396 -0.136
2026-07-19 3311 1027.144 0 0
2026-07-20 3287 1039.03 11.886 1.157
2026-07-21 3248 1071.083 32.053 3.085
2026-07-22 3250 1064.43 -6.653 -0.621
2026-07-23 3196 1097.52 33.09 3.109
2026-07-24 3221 1074.645 -22.875 -2.084
2026-07-25 3226 1074.074 -0.571 -0.053
2026-07-26 3226 1074.074 0 0
2026-07-27 3229 1080.258 6.184 0.576
2026-07-28 3237 1073.7 -6.558 -0.607
2026-07-29 3158 1119.974 46.274 4.31
2026-07-30 3127 1139.517 19.543 1.745
2026-07-31 3105 1164.647 25.13 2.205
2026-08-01 3095 1166.201 1.554 0.133
2026-08-02 3095 1166.201 0 0
2026-08-03 3005 1224.93 58.729 5.036
2026-08-04 2959 1262.844 37.914 3.095
2026-08-05 2922 1295.367 32.523 2.575
2026-08-06 2928 1292.871 -2.496 -0.193
2026-08-07 2909 1309.052 16.181 1.252
2026-08-08 2910 1309.362 0.31 0.024
2026-08-09 2910 1309.362 0 0
2026-08-10 2884 1330.316 20.954 1.6
2026-08-11 2937 1292.03 -38.286 -2.878
2026-08-12 2920 1302.944 10.914 0.845
2026-08-13 2888 1320.738 17.794 1.366
2026-08-15 2883 1329.089 8.351 0.632
2026-08-16 2883 1329.089 0 0
2026-08-17 2862 1346.257 17.168 1.292
2026-08-18 2872 1336.426 -9.831 -0.73
2026-08-19 2894 1320.324 -16.102 -1.205
2026-08-20 2872 1343.304 22.98 1.74
2026-08-21 2837 1375.206 31.902 2.375
2026-08-23 2836 1375.901 0.695 0.051
2026-08-24 2920 1303.242 -72.659 -5.281
2026-08-25 2904 1323.245 20.003 1.535
2026-08-26 2915 1320.823 -2.422 -0.183
2026-08-27 2914 1318.913 -1.91 -0.145
2026-08-28 2950 1291.744 -27.169 -2.06
2026-08-29 2948 1291.648 -0.096 -0.007
2026-08-30 2948 1291.648 0 0
2026-08-31 2929 1305.763 14.115 1.093
2026-09-01 2969 1272.999 0 0
2026-09-02 3067 1209.949 0 0
2026-09-03 3058 1213.348 0 0
