2026-09-16 99 25486.0 0 0
2026-09-17 98 25486.0 0 0
2026-09-18 99 25486.0 0 0
2026-09-19 98 25486.0 0 0
2026-09-20 98 25486.0 0 0
2026-09-21 98 25486.0 0 0
2026-09-22 97 25486.0 0 0
2026-09-23 98 25486.0 0 0
2026-09-24 97 25486.0 0 0
2026-09-25 97 25486.0 0 0
2026-09-26 97 25486.0 0 0
2026-09-27 97 25486.0 0 0
2026-09-28 96 25486.0 0 0
2026-09-29 97 25486.0 0 0
2026-09-30 97 25486.0 0 0
2026-10-01 98 25486.0 0 0
2026-10-02 96 25486.0 0 0
2026-10-03 97 25486.0 0 0
2026-10-04 97 25486.0 0 0
2026-10-05 97 25486.0 0 0
