2025-12-18 1069 3733.875 0 0
2025-12-19 1055 3788.027 54.152 1.45
2025-12-20 1060 3788.027 0 0
2025-12-21 1061 3788.027 0 0
2025-12-22 1063 3801.375 13.348 0.352
2025-12-23 1058 3836.333 34.958 0.92
2025-12-24 1053 3852.681 16.348 0.426
2025-12-25 1055 3852.681 0 0
2025-12-26 1057 3848.909 -3.772 -0.098
2025-12-27 1057 3848.909 0 0
2025-12-28 1057 3848.909 0 0
2025-12-29 1068 3795.337 -53.572 -1.392
2025-12-30 1066 3793.325 -2.012 -0.053
2025-12-31 1063 3795.337 2.012 0.053
2026-01-01 1061 3795.337 0 0
2026-01-02 1076 3760.629 -34.708 -0.914
2026-01-03 1076 3760.629 0 0
2026-01-05 1093 3719.885 -40.744 -1.083
2026-01-06 1094 3739.251 19.366 0.521
2026-01-07 1095 3755.85 16.599 0.444
2026-01-08 1086 3776.474 20.624 0.549
2026-01-09 1084 3758.114 -18.36 -0.486
2026-01-10 1084 3758.114 0 0
2026-01-11 1084 3758.114 0 0
2026-01-12 1075 3813.446 55.332 1.472
2026-01-13 1072 3816.716 3.27 0.086
2026-01-14 1063 3830.8 14.084 0.369
2026-01-15 1074 3813.194 -17.606 -0.46
2026-01-16 1059 3848.657 35.463 0.93
2026-01-17 1057 3848.657 0 0
2026-01-18 1056 3848.657 0 0
2026-01-19 1054 3848.657 0 0
2026-01-20 1047 3849.412 0.755 0.02
2026-01-21 1056 3828.033 -21.379 -0.555
2026-01-22 1035 3894.935 66.902 1.748
2026-01-23 1036 3895.941 1.006 0.026
2026-01-24 1034 3895.941 0 0
2026-01-25 1034 3895.941 0 0
2026-01-26 1051 3866.766 -29.175 -0.749
2026-01-27 1038 3903.738 36.972 0.956
2026-01-28 1065 3853.687 -50.051 -1.282
2026-01-29 1077 3838.848 -14.839 -0.385
2026-01-30 1063 3850.669 11.821 0.308
2026-01-31 1061 3850.669 0 0
2026-02-01 1058 3850.669 0 0
2026-02-02 1045 3871.293 20.624 0.536
2026-02-03 1054 3863.748 -7.545 -0.195
2026-02-04 1053 3870.035 6.287 0.163
2026-02-05 1046 3900.971 30.936 0.799
2026-02-06 1039 3928.637 27.666 0.709
2026-02-07 1039 3928.637 0 0
2026-02-08 1038 3928.637 0 0
2026-02-09 1043 3930.398 1.761 0.045
2026-02-10 1063 3878.084 -52.314 -1.331
2026-02-11 1072 3871.796 -6.288 -0.162
2026-02-12 1077 3860.478 -11.318 -0.292
2026-02-13 1087 3859.472 -1.006 -0.026
2026-02-14 1085 3859.472 0 0
2026-02-15 1085 3859.472 0 0
2026-02-16 1086 3859.472 0 0
2026-02-17 1081 3899.965 40.493 1.049
2026-02-18 1067 3938.949 38.984 1
2026-02-19 1073 3936.182 -2.767 -0.07
2026-02-20 1060 3991.514 55.332 1.406
2026-02-21 1069 3991.514 0 0
2026-02-22 1069 3991.514 0 0
2026-02-23 1072 3987.49 -4.024 -0.101
2026-02-24 1073 3996.293 8.803 0.221
2026-02-25 1085 3950.77 -45.523 -1.139
2026-02-26 1086 3968.627 17.857 0.452
2026-02-27 1095 3933.919 -34.708 -0.875
2026-02-28 1096 3933.919 0 0
2026-03-01 1097 3933.919 0 0
2026-03-02 1104 3892.168 -41.751 -1.061
2026-03-03 1111 3855.448 -36.72 -0.943
2026-03-04 1114 3817.47 -37.978 -0.985
2026-03-05 1111 3846.897 29.427 0.771
2026-03-06 1111 3841.363 -5.534 -0.144
2026-03-07 1112 3841.363 0 0
2026-03-08 1112 3841.363 0 0
2026-03-09 1107 3830.8 -10.563 -0.275
2026-03-10 1122 3817.47 -13.33 -0.348
2026-03-11 1126 3805.146 -12.324 -0.323
2026-03-12 1118 3771.947 -33.199 -0.872
2026-03-13 1106 3781.756 9.809 0.26
2026-03-14 1107 3781.756 0 0
2026-03-15 1107 3781.756 0 0
2026-03-16 1109 3789.05 7.294 0.193
2026-03-17 1112 3799.361 10.311 0.272
2026-03-18 1111 3801.877 2.516 0.066
2026-03-19 1092 3835.327 33.45 0.88
2026-03-20 1096 3813.697 -21.63 -0.564
2026-03-21 1094 3813.697 0 0
2026-03-22 1094 3813.697 0 0
2026-03-23 1084 3807.41 -6.287 -0.165
2026-03-24 1088 3796.092 -11.318 -0.297
2026-03-25 1093 3812.188 16.096 0.424
2026-03-26 1091 3807.535 -4.653 -0.122
2026-03-27 1098 3779.241 -28.294 -0.743
2026-03-28 1093 3779.241 0 0
2026-03-29 1092 3779.241 0 0
2026-03-30 1079 3810.931 31.69 0.839
2026-03-31 1069 3858.215 47.284 1.241
2026-04-01 1082 3845.639 -12.576 -0.326
2026-04-02 1083 3852.681 7.042 0.183
2026-04-03 1080 3852.681 0 0
2026-04-04 1080 3852.681 0 0
2026-04-05 1080 3852.681 0 0
2026-04-06 1093 3842.621 -10.06 -0.261
2026-04-07 1093 3823.506 -19.115 -0.497
2026-04-08 1098 3854.19 30.684 0.803
2026-04-09 1088 3888.144 33.954 0.881
2026-04-10 1094 3885.88 -2.264 -0.058
2026-04-11 1097 3885.88 0 0
2026-04-12 1097 3885.88 0 0
2026-04-13 1084 3926.625 40.745 1.049
2026-04-14 1088 3937.943 11.318 0.288
2026-04-15 1090 3944.482 6.539 0.166
2026-04-16 1099 3919.583 -24.899 -0.631
2026-04-17 1100 3937.188 17.605 0.449
2026-04-18 1101 3937.188 0 0
2026-04-19 1101 3937.188 0 0
2026-04-20 1097 3952.782 15.594 0.396
2026-04-21 1096 3933.919 -18.863 -0.477
2026-04-22 1102 3925.116 -8.803 -0.224
2026-04-23 1106 3901.726 -23.39 -0.596
2026-04-24 1113 3864.754 -36.972 -0.948
2026-04-25 1113 3864.754 0 0
2026-04-26 1113 3864.754 0 0
2026-04-27 1111 3876.575 11.821 0.306
2026-04-28 1121 3851.675 -24.9 -0.642
2026-04-29 1126 3830.549 -21.126 -0.548
2026-04-30 1113 3857.46 26.911 0.703
2026-05-01 1112 3864.502 7.042 0.183
2026-05-02 1115 3864.502 0 0
2026-05-04 1121 3850.418 -14.084 -0.364
2026-05-05 1111 3878.838 28.42 0.738
2026-05-06 1142 3795.589 -83.249 -2.146
2026-05-07 1142 3791.816 -3.773 -0.099
2026-05-08 1164 3732.963 -58.853 -1.552
2026-05-09 1161 3732.963 0 0
2026-05-10 1161 3732.963 0 0
2026-05-11 1163 3726.172 -6.791 -0.182
2026-05-12 1166 3708.567 -17.605 -0.472
2026-05-13 1154 3712.591 4.024 0.109
2026-05-14 1158 3717.37 4.779 0.129
2026-05-15 1175 3649.211 -68.159 -1.834
2026-05-16 1176 3649.211 0 0
2026-05-17 1176 3649.211 0 0
2026-05-18 1173 3644.935 -4.276 -0.117
2026-05-19 1165 3687.188 42.253 1.159
2026-05-20 1175 3650.72 -36.468 -0.989
2026-05-21 1178 3650.72 0 0
2026-05-22 1174 3669.834 19.114 0.524
2026-05-23 1176 3669.834 0 0
2026-05-24 1176 3669.834 0 0
2026-05-26 1176 3648.456 -21.378 -0.583
2026-05-27 1179 3640.408 -8.048 -0.221
2026-05-28 1175 3664.553 24.145 0.663
2026-05-29 1178 3658.516 -6.037 -0.165
2026-05-31 1182 3658.516 0 0
2026-06-01 1178 3638.144 -20.372 -0.557
2026-06-02 1196 3573.758 -64.386 -1.77
2026-06-03 1182 3605.951 32.193 0.901
2026-06-04 1179 3605.448 -0.503 -0.014
2026-06-05 1183 3584.321 -21.127 -0.586
2026-06-06 1182 3584.321 0 0
2026-06-07 1182 3584.321 0 0
2026-06-08 1178 3589.1 4.779 0.133
2026-06-09 1162 3644.683 55.583 1.549
2026-06-10 1152 3658.013 13.33 0.366
2026-06-11 1149 3672.852 14.839 0.406
2026-06-12 1159 3659.774 -13.078 -0.356
2026-06-13 1169 3659.774 0 0
2026-06-15 1171 3677.883 18.109 0.495
2026-06-16 1174 3671.846 -6.037 -0.164
2026-06-17 1180 3654.995 -16.851 -0.459
2026-06-18 1181 3642.923 -12.072 -0.33
2026-06-19 1174 3642.923 0 0
2026-06-20 1174 3642.923 0 0
2026-06-21 1174 3642.923 0 0
2026-06-23 1186 3626.826 -16.097 -0.442
2026-06-24 1174 3645.69 18.864 0.52
2026-06-25 1164 3688.949 43.259 1.187
2026-06-26 1151 3716.615 27.666 0.75
2026-06-27 1151 3716.615 0 0
2026-06-28 1151 3716.615 0 0
2026-06-29 1147 3735.227 18.612 0.501
2026-06-30 1154 3730.951 -4.276 -0.114
2026-07-01 1137 3788.547 57.596 1.544
2026-07-02 1125 3825.267 36.72 0.969
2026-07-03 1129 3825.267 0 0
2026-07-04 1129 3825.267 0 0
2026-07-05 1129 3825.267 0 0
2026-07-06 1132 3814.2 -11.067 -0.289
2026-07-07 1130 3820.74 6.54 0.171
2026-07-08 1137 3752.581 -68.159 -1.784
2026-07-09 1141 3766.414 13.833 0.369
2026-07-10 1138 3771.192 4.778 0.127
2026-07-11 1137 3771.192 0 0
2026-07-12 1137 3771.192 0 0
2026-07-13 1134 3759.623 -11.569 -0.307
2026-07-14 1146 3711.333 -48.29 -1.284
2026-07-15 1144 3730.951 19.618 0.529
2026-07-16 1133 3772.953 42.002 1.126
2026-07-17 1132 3739.754 -33.199 -0.88
2026-07-18 1130 3739.754 0 0
2026-07-19 1130 3739.754 0 0
2026-07-20 1136 3716.867 -22.887 -0.612
2026-07-21 1140 3722.148 5.281 0.142
2026-07-22 1151 3674.11 -48.038 -1.291
2026-07-23 1150 3685.428 11.318 0.308
2026-07-24 1139 3713.597 28.169 0.764
2026-07-25 1140 3713.597 0 0
2026-07-26 1140 3713.597 0 0
2026-07-27 1140 3737.49 23.893 0.643
2026-07-28 1129 3757.862 20.372 0.545
2026-07-29 1131 3747.048 -10.814 -0.288
2026-07-30 1139 3722.903 -24.145 -0.644
2026-07-31 1143 3726.927 4.024 0.108
2026-08-01 1143 3726.927 0 0
2026-08-02 1143 3726.927 0 0
2026-08-03 1134 3756.856 29.929 0.803
2026-08-04 1130 3796.343 39.487 1.051
2026-08-05 1179 3661.157 -135.186 -3.561
2026-08-06 1202 3606.957 -54.2 -1.48
2026-08-07 1198 3625.066 18.109 0.502
2026-08-08 1199 3625.066 0 0
2026-08-09 1199 3625.066 0 0
2026-08-10 1212 3589.352 -35.714 -0.985
2026-08-11 1198 3620.287 30.935 0.862
2026-08-12 1194 3631.857 11.57 0.32
2026-08-13 1192 3633.869 2.012 0.055
2026-08-15 1188 3637.893 4.024 0.111
2026-08-16 1187 3637.893 0 0
2026-08-17 1197 3616.263 -21.63 -0.595
2026-08-18 1199 3597.148 -19.115 -0.529
2026-08-19 1197 3591.867 -5.281 -0.147
2026-08-20 1213 3558.416 -33.451 -0.931
2026-08-21 1202 3600.669 42.253 1.187
2026-08-23 1204 3600.669 0 0
2026-08-24 1200 3611.736 11.067 0.307
2026-08-25 1188 3635.378 23.642 0.655
2026-08-26 1204 3608.718 -26.66 -0.733
2026-08-27 1205 3610.478 1.76 0.049
2026-08-28 1193 3626.323 15.845 0.439
2026-08-29 1192 3626.323 0 0
2026-08-30 1192 3626.323 0 0
2026-08-31 1198 3620.036 -6.287 -0.173
2026-09-01 1193 3620.036 0 0
2026-09-02 1132 3813.686 0 0
