2026-03-10 2064 2016.296 0 0
2026-03-11 2031 2043.365 27.069 1.343
2026-03-12 2086 1994.514 -48.851 -2.391
2026-03-13 2056 2009.883 15.369 0.771
2026-03-14 2058 2002.899 -6.984 -0.347
2026-03-15 2058 2002.899 0 0
2026-03-16 2142 1918.229 -84.67 -4.227
2026-03-17 2141 1928.583 10.354 0.54
2026-03-18 2107 1955.669 27.086 1.404
2026-03-19 2129 1932.797 -22.872 -1.17
2026-03-20 2143 1901.583 -31.214 -1.615
2026-03-21 2137 1911.271 9.688 0.509
2026-03-22 2137 1911.271 0 0
2026-03-23 2053 1978.75 67.479 3.531
2026-03-24 2104 1932.119 -46.631 -2.357
2026-03-25 1965 2073.87 141.751 7.337
2026-03-27 2070 1959.637 -114.233 -5.508
2026-03-28 2068 1952.717 -6.92 -0.353
2026-03-29 2068 1952.717 0 0
2026-03-30 2149 1881.848 -70.869 -3.629
2026-03-31 2119 1902.521 20.673 1.099
2026-04-01 2127 1906.94 4.419 0.232
2026-04-02 2118 1918.946 12.006 0.63
2026-04-03 2167 1868.558 -50.388 -2.626
2026-04-04 2167 1868.558 0 0
2026-04-05 2167 1868.558 0 0
2026-04-06 2141 1893.611 25.053 1.341
2026-04-07 2149 1882.066 -11.545 -0.61
2026-04-08 2178 1882.066 0 0
2026-04-09 2077 1996.402 114.336 6.075
2026-04-10 1960 2109.867 113.465 5.683
2026-04-11 1953 2131.305 21.438 1.016
2026-04-12 1953 2131.305 0 0
2026-04-13 2009 2061.1 -70.205 -3.294
2026-04-14 1919 2170.726 109.626 5.319
2026-04-15 1983 2115.389 -55.337 -2.549
2026-04-16 2002 2099.235 -16.154 -0.764
2026-04-17 2007 2098.639 -0.596 -0.028
2026-04-18 1986 2122.818 24.179 1.152
2026-04-19 1986 2122.818 0 0
2026-04-20 2035 2065.676 -57.142 -2.692
2026-04-21 2042 2047.255 -18.421 -0.892
2026-04-22 2053 2037.683 -9.572 -0.468
2026-04-23 2002 2083.529 45.846 2.25
2026-04-24 2016 2066.772 -16.757 -0.804
2026-04-25 2013 2066.899 0.127 0.006
2026-04-26 2013 2066.899 0 0
2026-04-27 2032 2038.579 -28.32 -1.37
2026-04-28 2011 2067.368 28.789 1.412
2026-04-29 1962 2121.603 54.235 2.623
2026-04-30 1967 2108.065 -13.538 -0.638
2026-05-01 1938 2161.768 53.703 2.548
2026-05-02 1934 2167.018 5.25 0.243
2026-05-04 1845 2272.326 105.308 4.86
<<<<<<< HEAD
2026-05-05 1767 2380.807 108.481 4.774
2026-05-06 1781 2358.459 -22.348 -0.939
2026-05-07 1811 2330.776 -27.683 -1.174
2026-05-08 1787 2370.036 39.26 1.684
2026-05-09 1785 2370.791 0.755 0.032
2026-05-10 1785 2370.791 0 0
2026-05-11 1766 2399.944 29.153 1.23
2026-05-12 1759 2402.57 2.626 0.109
2026-05-13 1825 2307.124 -95.446 -3.973
2026-05-14 1859 2274.242 -32.882 -1.425
2026-05-15 1883 2230.586 -43.656 -1.92
2026-05-16 1890 2218.574 -12.012 -0.539
2026-05-17 1890 2218.574 0 0
2026-05-18 1916 2177.802 -40.772 -1.838
2026-05-19 1908 2190.733 12.931 0.594
2026-05-20 1894 2205.714 14.981 0.684
2026-05-21 1881 2224.908 19.194 0.87
2026-05-22 1889 2224.908 0 0
2026-05-23 1879 2233.397 8.489 0.382
2026-05-24 1879 2233.397 0 0
2026-05-26 1826 2296.246 62.849 2.814
2026-05-27 1846 2272.776 -23.47 -1.022
2026-05-28 1900 2209.723 -63.053 -2.774
2026-05-29 1940 2166.493 -43.23 -1.956
2026-05-31 1933 2179.743 13.25 0.612
2026-06-01 2023 2062.44 -117.303 -5.382
2026-06-02 2021 2067.014 4.574 0.222
2026-06-03 2116 1968.771 -98.243 -4.753
2026-06-04 2125 1968.593 -0.178 -0.009
2026-06-05 2094 1977.573 8.98 0.456
2026-06-06 2112 1954.747 -22.826 -1.154
2026-06-07 2112 1954.747 0 0
2026-06-08 2054 2000.719 45.972 2.352
2026-06-09 2105 1959.266 -41.453 -2.072
2026-06-10 2163 1903.052 -56.214 -2.869
2026-06-11 2131 1925.802 22.75 1.195
2026-06-12 2088 1976.538 50.736 2.635
2026-06-13 2064 2002.488 25.95 1.313
2026-06-15 2188 1906.004 -96.484 -4.818
2026-06-16 2188 1906.452 0.448 0.024
2026-06-17 2207 1898.695 -7.757 -0.407
2026-06-18 2176 1918.692 19.997 1.053
2026-06-19 2208 1884.664 -34.028 -1.773
2026-06-20 2208 1884.664 0 0
2026-06-21 2208 1884.664 0 0
2026-06-23 2236 1846.675 -37.989 -2.016
2026-06-24 2175 1889.79 43.115 2.335
2026-06-25 2213 1859.916 -29.874 -1.581
2026-06-26 2208 1861.59 1.674 0.09
2026-06-27 2220 1850.609 -10.981 -0.59
2026-06-28 2219 1850.609 0 0
2026-06-29 2226 1852.696 2.087 0.113
2026-06-30 2260 1821.745 -30.951 -1.671
2026-07-01 2212 1876.666 54.921 3.015
2026-07-02 2157 1919.242 42.576 2.269
2026-07-03 2165 1921.685 2.443 0.127
2026-07-04 2165 1921.685 0 0
2026-07-05 2165 1921.685 0 0
2026-07-06 2124 1964.574 42.889 2.232
2026-07-07 2123 1956.28 -8.294 -0.422
2026-07-08 2222 1860.012 -96.268 -4.921
2026-07-09 2271 1816.288 -43.724 -2.351
2026-07-10 2235 1857.449 41.161 2.266
2026-07-11 2233 1860.068 2.619 0.141
2026-07-12 2233 1860.068 0 0
2026-07-13 2187 1885.035 24.967 1.342
2026-07-14 2179 1892.149 7.114 0.377
2026-07-15 2143 1933.051 40.902 2.162
2026-07-16 2153 1921.798 -11.253 -0.582
2026-07-17 2126 1933.182 11.384 0.592
2026-07-18 2137 1924.87 -8.312 -0.43
2026-07-19 2136 1924.87 0 0
2026-07-20 2124 1926.932 2.062 0.107
2026-07-21 2115 1954.281 27.349 1.419
2026-07-22 2022 2023.561 69.28 3.545
2026-07-23 2026 2018.257 -5.304 -0.262
2026-07-24 2062 1986.923 -31.334 -1.553
2026-07-25 2041 2002.759 15.836 0.797
2026-07-26 2041 2002.759 0 0
2026-07-27 2094 1979.114 -23.645 -1.181
2026-07-28 2099 1960.989 -18.125 -0.916
2026-07-29 2155 1903.905 -57.084 -2.911
2026-07-30 2123 1939.734 35.829 1.882
2026-07-31 2102 1975.466 35.732 1.842
2026-08-01 2103 1977.108 1.642 0.083
2026-08-02 2103 1977.108 0 0
2026-08-03 2052 2014.952 37.844 1.914
2026-08-04 2093 1997.173 -17.779 -0.882
2026-08-05 2104 1996.602 -0.571 -0.029
2026-08-06 2107 1987.204 -9.398 -0.471
2026-08-07 2108 1995.773 8.569 0.431
2026-08-08 2094 2000.979 5.206 0.261
2026-08-09 2094 2000.979 0 0
2026-08-10 2146 1968.61 -32.369 -1.618
2026-08-11 2200 1914.315 -54.295 -2.758
2026-08-12 2191 1930.509 16.194 0.846
2026-08-13 2173 1943.944 13.435 0.696
=======
2026-05-05 1828 2286.154 0 0
2026-05-06 1790 2341.431 0 0
2026-05-07 1785 2358.459 0 0
2026-05-08 1807 2330.776 0 0
2026-05-09 1788 2370.036 0 0
2026-05-10 1786 2370.791 0 0
2026-05-11 1787 2370.791 0 0
2026-05-12 1766 2399.944 0 0
2026-05-13 1760 2402.57 0 0
2026-05-14 1824 2307.124 0 0
2026-05-15 1858 2274.242 0 0
2026-05-16 1884 2230.586 0 0
2026-05-17 1891 2218.574 0 0
2026-05-18 1880 2218.574 0 0
2026-05-19 1916 2177.802 0 0
2026-05-20 1909 2190.733 0 0
2026-05-21 1899 2205.714 0 0
2026-05-22 1886 2224.908 0 0
2026-05-23 1890 2224.908 0 0
2026-05-24 1880 2233.397 0 0
2026-05-25 1880 2233.397 0 0
2026-05-26 1779 2358.01 0 0
2026-05-27 1830 2296.246 0 0
2026-05-28 1859 2259.551 0 0
2026-05-29 1903 2209.723 0 0
2026-05-30 1941 2166.493 0 0
2026-05-31 1934 2179.743 0 0
2026-06-01 1936 2179.743 0 0
2026-06-02 2021 2062.44 0 0
2026-06-03 2020 2067.014 0 0
2026-06-04 2117 1968.771 0 0
2026-06-05 2121 1968.593 0 0
2026-06-06 2095 1977.573 0 0
2026-06-07 2113 1954.747 0 0
2026-06-09 2056 2000.719 0 0
2026-06-10 2109 1959.266 0 0
2026-06-11 2158 1903.052 0 0
2026-06-12 2142 1925.802 0 0
2026-06-13 2089 1976.538 0 0
2026-06-14 2065 2002.488 0 0
2026-06-16 2192 1906.004 0 0
2026-06-17 2193 1906.452 0 0
2026-06-18 2207 1898.695 0 0
2026-06-19 2176 1918.692 0 0
2026-06-20 2209 1884.664 0 0
2026-06-21 2209 1884.664 0 0
2026-06-22 2203 1884.664 0 0
2026-06-23 2219 1870.813 0 0
2026-06-24 2236 1846.675 0 0
2026-06-25 2178 1889.79 0 0
2026-06-26 2199 1859.916 0 0
2026-06-27 2209 1861.59 0 0
2026-06-28 2221 1850.609 0 0
2026-06-29 2224 1850.609 0 0
2026-06-30 2232 1852.696 0 0
2026-07-01 2262 1821.745 0 0
2026-07-02 2212 1876.666 0 0
2026-07-03 2156 1919.242 0 0
2026-07-04 2166 1921.685 0 0
2026-07-05 2166 1921.685 0 0
2026-07-06 2167 1921.685 0 0
2026-07-07 2118 1964.574 0 0
2026-07-08 2114 1956.28 0 0
2026-07-09 2217 1860.012 0 0
2026-07-10 2272 1816.288 0 0
2026-07-11 2236 1857.449 0 0
2026-07-12 2234 1860.068 0 0
2026-07-13 2227 1860.068 0 0
2026-07-14 2184 1885.035 0 0
2026-07-15 2185 1892.149 0 0
2026-07-16 2144 1933.051 0 0
2026-07-17 2144 1921.798 0 0
2026-07-18 2127 1933.182 0 0
2026-07-19 2138 1924.87 0 0
2026-07-20 2134 1924.87 0 0
2026-07-21 2124 1926.932 0 0
2026-07-22 2117 1954.281 0 0
2026-07-23 2025 2023.561 0 0
2026-07-24 2023 2018.257 0 0
2026-07-25 2063 1986.923 0 0
2026-07-26 2042 2002.759 0 0
2026-07-27 2051 2002.759 0 0
2026-07-28 2088 1979.114 0 0
2026-07-29 2103 1960.989 0 0
2026-07-30 2157 1903.905 0 0
2026-07-31 2134 1939.734 0 0
2026-08-01 2103 1975.466 0 0
2026-08-02 2104 1977.108 0 0
2026-08-03 2102 1977.108 0 0
2026-08-04 2052 2014.952 0 0
2026-08-05 2098 1997.173 0 0
2026-08-06 2105 1996.602 0 0
2026-08-07 2105 1987.204 0 0
2026-08-08 2109 1995.773 0 0
2026-08-09 2095 2000.979 0 0
2026-08-10 2094 2000.979 0 0
2026-08-11 2142 1968.61 0 0
2026-08-12 2203 1914.315 0 0
2026-08-13 2190 1930.509 0 0
2026-08-14 2175 1943.944 0 0
>>>>>>> 2b550085baac25c543016ca743053a87bf115d5d
2026-08-15 2115 1987.472 0 0
2026-08-16 2119 1992.61 0 0
