2026-06-12 2682 1442 0 0
2026-06-13 2689 1442 0 0
2026-06-15 2374 1729.227 287.227 19.919
2026-06-16 2285 1813.893 84.666 4.896
2026-06-17 2386 1723.036 -90.857 -5.009
2026-06-18 2443 1660.948 -62.088 -3.603
2026-06-19 2439 1660.948 0 0
2026-06-20 2440 1660.948 0 0
2026-06-21 2440 1660.948 0 0
2026-06-23 2753 1397.937 -263.011 -15.835
2026-06-24 2767 1383.644 -14.293 -1.022
2026-06-25 2784 1369.624 -14.02 -1.013
2026-06-26 2786 1371.718 2.094 0.153
2026-06-27 2786 1371.718 0 0
2026-06-28 2786 1371.718 0 0
2026-06-29 2660 1471.497 99.779 7.274
2026-06-30 2581 1532.219 60.722 4.127
2026-07-01 2748 1410.956 -121.263 -7.914
2026-07-02 2689 1451.559 40.603 2.878
2026-07-03 2695 1451.559 0 0
2026-07-04 2695 1451.559 0 0
2026-07-05 2695 1451.559 0 0
2026-07-06 2717 1437.175 -14.384 -0.991
2026-07-07 2837 1337.488 -99.687 -6.936
2026-07-08 2836 1326.836 -10.652 -0.796
2026-07-09 2800 1361.977 35.141 2.648
2026-07-10 2886 1299.525 -62.452 -4.585
2026-07-11 2889 1299.525 0 0
2026-07-12 2889 1299.525 0 0
2026-07-13 2957 1243.445 -56.08 -4.315
2026-07-14 2998 1215.587 -27.858 -2.24
2026-07-15 3027 1208.213 -7.374 -0.607
2026-07-16 3095 1170.341 -37.872 -3.135
2026-07-17 3174 1105.521 -64.82 -5.539
2026-07-18 3170 1105.521 0 0
2026-07-19 3169 1105.521 0 0
2026-07-20 3239 1067.831 -37.69 -3.409
2026-07-21 3182 1101.425 33.594 3.146
2026-07-22 3315 1026.045 -75.38 -6.844
2026-07-23 3270 1053.174 27.129 2.644
2026-07-24 3309 1024.315 -28.859 -2.74
2026-07-25 3313 1024.315 0 0
2026-07-26 3313 1024.315 0 0
2026-07-27 3332 1010.022 -14.293 -1.395
2026-07-28 3294 1036.514 26.492 2.623
2026-07-29 3351 1001.373 -35.141 -3.39
2026-07-30  998.187 -3.186 -0.318
2026-08-04 3198 1117.721 119.534 11.975
2026-08-05  962.409 -155.312 -13.895
2026-08-07 3100 1188.549 226.14 23.497
2026-08-08 3100 1188.549 0 0
2026-08-09 3100 1188.549 0 0
2026-08-10 3018 1239.803 51.254 4.312
2026-08-11 3104 1190.187 -49.616 -4.002
2026-08-12 2911 1307.263 117.076 9.837
2026-08-13 2979 1263.018 -44.245 -3.385
2026-08-15 2996 1251.274 -11.744 -0.93
2026-08-16 2996 1251.274 0 0
2026-08-17 2927 1307.991 56.717 4.533
2026-08-18 2960 1281.681 -26.31 -2.011
2026-08-19 2995 1248.088 -33.593 -2.621
2026-08-20 3086 1196.651 -51.437 -4.121
2026-08-21 3041 1223.689 27.038 2.259
2026-08-23 3042 1223.689 0 0
2026-08-24 3073 1205.755 -17.934 -1.466
2026-08-25 3030 1232.611 26.856 2.227
2026-08-26 3010 1247.906 15.295 1.241
2026-08-27 2990 1259.195 11.289 0.905
2026-08-28 2991 1264.93 5.735 0.455
2026-08-29 2988 1264.93 0 0
2026-08-30 2988 1264.93 0 0
2026-08-31 2951 1284.867 19.937 1.576
2026-09-01 2953 1284.867 0 0
