2026-03-10 3020 1224.206 0 0
2026-03-11 3020 1229.909 5.703 0.466
2026-03-12 3016 1221.374 -8.535 -0.694
2026-03-13 3016 1216.73 -4.644 -0.38
2026-03-14 3027 1208.515 -8.215 -0.675
2026-03-15 3027 1208.515 0 0
2026-03-16 3024 1208.515 0 0
2026-03-17 3012 1212.817 4.302 0.356
2026-03-18 3014 1212.817 0 0
2026-03-19 2992 1215.749 2.932 0.242
2026-03-20 2980 1215.889 0.14 0.012
2026-03-21 2970 1219.118 3.229 0.266
2026-03-22 2970 1219.118 0 0
2026-03-23 2956 1219.118 0 0
2026-03-24 2948 1223.497 4.379 0.359
2026-03-25 2964 1222.647 -0.85 -0.069
2026-03-27 2960 1222.647 0 0
2026-03-28 2965 1216.59 -6.057 -0.495
2026-03-29 2965 1216.59 0 0
2026-03-30 2959 1216.59 0 0
2026-03-31 2972 1210.731 -5.859 -0.482
2026-04-01 2983 1216.73 5.999 0.495
2026-04-02 2963 1227.479 10.749 0.883
2026-04-03 2975 1219.822 -7.657 -0.624
2026-04-04 2975 1219.822 0 0
2026-04-05 2975 1219.822 0 0
2026-04-06 2976 1219.822 0 0
2026-04-07 2975 1218.837 -0.985 -0.081
2026-04-08 3003 1218.837 0 0
2026-04-09 2968 1234.943 16.106 1.321
2026-04-10 2971 1233.933 -1.01 -0.082
2026-04-11 2966 1238.564 4.631 0.375
2026-04-12 2966 1238.564 0 0
2026-04-13 2973 1238.564 0 0
2026-04-14 2983 1236.679 -1.885 -0.152
2026-04-15 2977 1247.048 10.369 0.838
2026-04-16 2993 1245.871 -1.177 -0.094
2026-04-17 3009 1243.084 -2.787 -0.224
2026-04-18 3002 1247.49 4.406 0.354
2026-04-19 3002 1247.49 0 0
2026-04-20 3007 1247.49 0 0
2026-04-21 3011 1243.084 -4.406 -0.353
2026-04-22 3012 1241.039 -2.045 -0.165
2026-04-23 3000 1237.403 -3.636 -0.293
2026-04-24 2991 1236.679 -0.724 -0.059
2026-04-25 2988 1236.1 -0.579 -0.047
2026-04-26 2988 1236.1 0 0
2026-04-27 2990 1236.1 0 0
2026-04-28 2988 1239.291 3.191 0.258
2026-04-29 2994 1235.666 -3.625 -0.293
2026-04-30 2993 1235.521 -0.145 -0.012
2026-05-01 2994 1238.71 3.189 0.258
2026-05-02 2991 1242.645 3.935 0.318
2026-05-04 2992 1242.645 0 0
2026-05-05 3004 1236.389 -6.256 -0.503
2026-05-06 3004 1236.389 0 0
2026-05-07 3011 1241.477 5.088 0.412
2026-05-08 3016 1243.67 2.193 0.177
2026-05-09 3015 1243.377 -0.293 -0.024
2026-05-10 3015 1243.377 0 0
2026-05-11 3017 1243.377 0 0
2026-05-12 3006 1243.963 0.586 0.047
2026-05-13 3009 1239.291 -4.672 -0.376
2026-05-14 3009 1236.389 -2.902 -0.234
2026-05-15 3014 1233.357 -3.032 -0.245
2026-05-16 3016 1228.193 -5.164 -0.419
2026-05-17 3016 1228.193 0 0
2026-05-18 3007 1228.193 0 0
2026-05-19 3010 1229.336 1.143 0.093
2026-05-20 3018 1224.632 -4.704 -0.383
2026-05-21 3017 1227.051 2.419 0.198
2026-05-22 3017 1227.051 0 0
2026-05-23 3022 1224.774 -2.277 -0.186
2026-05-24 3022 1224.774 0 0
2026-05-26 3025 1224.774 0 0
2026-05-27 3015 1227.479 2.705 0.221
2026-05-28 3017 1227.764 0.285 0.023
2026-05-29 3004 1229.909 2.145 0.175
2026-05-31 3004 1232.349 2.44 0.198
2026-06-01 3002 1232.349 0 0
2026-06-02 3011 1226.766 -5.583 -0.453
2026-06-03 2998 1229.623 2.857 0.233
2026-06-04 2998 1226.196 -3.427 -0.279
2026-06-05 2984 1228.193 1.997 0.163
2026-06-06 2991 1220.668 -7.525 -0.613
2026-06-07 2991 1220.668 0 0
2026-06-08 2985 1220.668 0 0
2026-06-09 2994 1218.837 -1.831 -0.15
2026-06-10 2984 1220.95 2.113 0.173
2026-06-11 2985 1219.963 -0.987 -0.081
2026-06-12 2996 1216.31 -3.653 -0.299
2026-06-13 2994 1222.222 5.912 0.486
2026-06-15 3006 1222.222 0 0
2026-06-16 3002 1225.769 3.547 0.29
2026-06-17 3007 1225.769 0 0
2026-06-18 3016 1223.78 -1.989 -0.162
2026-06-19 3027 1212.957 -10.823 -0.884
2026-06-20 3027 1212.957 0 0
2026-06-21 3027 1212.957 0 0
2026-06-23 3020 1208.653 -4.304 -0.355
2026-06-24 3034 1202.049 -6.604 -0.546
2026-06-25 3033 1197.55 -4.499 -0.374
2026-06-26 3022 1201.365 3.815 0.319
2026-06-27 3022 1203.282 1.917 0.16
2026-06-28 3022 1203.282 0 0
2026-06-29 3026 1203.282 0 0
2026-06-30 3017 1206.168 2.886 0.24
2026-07-01 3031 1207.271 1.103 0.091
2026-07-02 3043 1203.145 -4.126 -0.342
2026-07-03 3046 1208.376 5.231 0.435
2026-07-04 3046 1208.376 0 0
2026-07-05 3046 1208.376 0 0
2026-07-06 3044 1208.376 0 0
2026-07-07 3033 1205.755 -2.621 -0.217
2026-07-08 3017 1207.409 1.654 0.137
2026-07-09 3030 1204.517 -2.892 -0.24
2026-07-10 3031 1207.271 2.754 0.229
2026-07-11 3035 1206.306 -0.965 -0.08
2026-07-12 3035 1206.306 0 0
2026-07-13 3014 1206.306 0 0
2026-07-14 3029 1204.38 -1.926 -0.16
2026-07-15 3022 1208.515 4.135 0.343
2026-07-16 3022 1207.685 -0.83 -0.069
2026-07-17 3013 1208.376 0.691 0.057
2026-07-18 3012 1208.1 -0.276 -0.023
2026-07-19 3011 1208.1 0 0
2026-07-20 3009 1208.1 0 0
2026-07-21 3028 1204.517 -3.583 -0.297
2026-07-22 3024 1204.38 -0.137 -0.011
2026-07-23 3024 1204.929 0.549 0.046
2026-07-24 3022 1200.819 -4.11 -0.341
2026-07-25 3019 1201.639 0.82 0.068
2026-07-26 3019 1201.639 0 0
2026-07-27 3034 1201.639 0 0
2026-07-28 3026 1200.819 -0.82 -0.068
2026-07-29 3025 1202.323 1.504 0.125
2026-07-30 3023 1201.912 -0.411 -0.034
2026-07-31 3013 1214.771 12.859 1.07
2026-08-01 3014 1215.05 0.279 0.023
2026-08-02 3014 1215.05 0 0
2026-08-03 3021 1215.05 0 0
2026-08-04 3023 1215.889 0.839 0.069
2026-08-05 3034 1216.87 0.981 0.081
2026-08-06 3030 1219.963 3.093 0.254
2026-08-07 3045 1218.134 -1.829 -0.15
2026-08-08 3045 1220.104 1.97 0.162
2026-08-09 3045 1220.104 0 0
2026-08-10 3048 1220.104 0 0
2026-08-11 3042 1220.104 0 0
2026-08-12 3045 1218.837 -1.267 -0.104
2026-08-13 3043 1218.837 0 0
2026-08-15 3037 1222.93 4.093 0.336
2026-08-16 3037 1222.93 0 0
2026-08-17 3042 1222.93 0 0
2026-08-18 3039 1223.638 0.708 0.058
2026-08-19 3030 1223.072 -0.566 -0.046
2026-08-20 3016 1231.631 8.559 0.7
2026-08-21 3024 1233.789 2.158 0.175
2026-08-23 3025 1232.637 -1.152 -0.093
2026-08-24 3024 1232.637 0 0
2026-08-25 3031 1231.918 -0.719 -0.058
2026-08-26 3035 1232.349 0.431 0.035
2026-08-27 3036 1229.766 -2.583 -0.21
2026-08-28 3035 1229.766 0 0
2026-08-29 3036 1227.193 -2.573 -0.209
2026-08-30 3036 1227.193 0 0
2026-08-31 3039 1227.193 0 0
2026-09-01 3037 1227.193 0 0
