2026-03-10 1085 3912.59 0 0
2026-03-11 1080 3930.818 18.228 0.466
2026-03-12 1080 3903.539 -27.279 -0.694
2026-03-13 1077 3888.697 -14.842 -0.38
2026-03-14 1087 3862.44 -26.257 -0.675
2026-03-15 1087 3862.44 0 0
2026-03-16 1089 3862.44 0 0
2026-03-17 1089 3876.192 13.752 0.356
2026-03-18 1084 3876.192 0 0
2026-03-19 1072 3885.563 9.371 0.242
2026-03-20 1067 3886.01 0.447 0.012
2026-03-21 1062 3896.329 10.319 0.266
2026-03-22 1062 3896.329 0 0
2026-03-23 1052 3896.329 0 0
2026-03-24 1055 3910.323 13.994 0.359
2026-03-25 1064 3907.607 -2.716 -0.069
2026-03-27 1060 3907.607 0 0
2026-03-28 1061 3888.249 -19.358 -0.495
2026-03-29 1061 3888.249 0 0
2026-03-30 1061 3888.249 0 0
2026-03-31 1064 3869.525 -18.724 -0.482
2026-04-01 1067 3888.697 19.172 0.495
2026-04-02 1057 3923.05 34.353 0.883
2026-04-03 1064 3898.579 -24.471 -0.624
2026-04-04 1064 3898.579 0 0
2026-04-05 1064 3898.579 0 0
2026-04-06 1065 3898.579 0 0
2026-04-07 1067 3895.429 -3.15 -0.081
2026-04-08 1081 3895.429 0 0
2026-04-09 1069 3946.907 51.478 1.321
2026-04-10 1082 3943.678 -3.229 -0.082
2026-04-11 1080 3958.48 14.802 0.375
2026-04-12 1080 3958.48 0 0
2026-04-13 1076 3958.48 0 0
2026-04-14 1084 3952.453 -6.027 -0.152
2026-04-15 1081 3985.593 33.14 0.838
2026-04-16 1084 3981.831 -3.762 -0.094
2026-04-17 1091 3972.925 -8.906 -0.224
2026-04-18 1087 3987.005 14.08 0.354
2026-04-19 1087 3987.005 0 0
2026-04-20 1090 3987.005 0 0
2026-04-21 1093 3972.925 -14.08 -0.353
2026-04-22 1094 3966.389 -6.536 -0.165
2026-04-23 1090 3954.769 -11.62 -0.293
2026-04-24 1089 3952.453 -2.316 -0.059
2026-04-25 1091 3950.603 -1.85 -0.047
2026-04-26 1091 3950.603 0 0
2026-04-27 1092 3950.603 0 0
2026-04-28 1085 3960.803 10.2 0.258
2026-04-29 1090 3949.216 -11.587 -0.293
2026-04-30 1091 3948.754 -0.462 -0.012
2026-05-01 1088 3958.944 10.19 0.258
2026-05-02 1085 3971.523 12.579 0.318
2026-05-04 1090 3971.523 0 0
2026-05-05 1099 3951.528 -19.995 -0.503
2026-05-06 1097 3951.528 0 0
2026-05-07 1094 3967.787 16.259 0.411
2026-05-08 1092 3974.797 7.01 0.177
2026-05-09 1092 3973.861 -0.936 -0.024
2026-05-10 1092 3973.861 0 0
<<<<<<< HEAD
2026-05-11 1093 3973.861 0 0
2026-05-12 1092 3975.733 1.872 0.047
2026-05-13 1092 3960.803 -14.93 -0.376
2026-05-14 1096 3951.528 -9.275 -0.234
2026-05-15 1097 3941.836 -9.692 -0.245
2026-05-16 1097 3925.331 -16.505 -0.419
2026-05-17 1097 3925.331 0 0
2026-05-18 1092 3925.331 0 0
2026-05-19 1090 3928.987 3.656 0.093
2026-05-20 1091 3913.951 -15.036 -0.383
2026-05-21 1091 3921.683 7.732 0.198
2026-05-22 1095 3921.683 0 0
2026-05-23 1096 3914.405 -7.278 -0.186
2026-05-24 1096 3914.405 0 0
2026-05-26 1101 3914.405 0 0
2026-05-27 1097 3923.05 8.645 0.221
2026-05-28 1097 3923.962 0.912 0.023
2026-05-29 1095 3930.818 6.856 0.175
2026-05-31 1096 3938.616 7.798 0.198
2026-06-01 1093 3938.616 0 0
2026-06-02 1095 3920.771 -17.845 -0.453
2026-06-03 1093 3929.902 9.131 0.233
2026-06-04 1091 3918.95 -10.952 -0.279
2026-06-05 1083 3925.331 6.381 0.163
2026-06-06 1088 3901.283 -24.048 -0.613
2026-06-07 1088 3901.283 0 0
2026-06-08 1080 3901.283 0 0
2026-06-09 1084 3895.429 -5.854 -0.15
2026-06-10 1081 3902.185 6.756 0.173
2026-06-11 1083 3899.03 -3.155 -0.081
2026-06-12 1090 3887.353 -11.677 -0.299
2026-06-13 1092 3906.25 18.897 0.486
2026-06-15 1100 3906.25 0 0
2026-06-16 1097 3917.586 11.336 0.29
2026-06-17 1098 3917.586 0 0
2026-06-18 1096 3911.23 -6.356 -0.162
2026-06-19 1101 3876.637 -34.593 -0.884
2026-06-20 1101 3876.637 0 0
2026-06-21 1101 3876.637 0 0
2026-06-23 1106 3862.882 -13.755 -0.355
2026-06-24 1117 3841.776 -21.106 -0.546
2026-06-25 1120 3827.399 -14.377 -0.374
2026-06-26 1118 3839.59 12.191 0.319
2026-06-27 1118 3845.716 6.126 0.16
2026-06-28 1118 3845.716 0 0
2026-06-29 1114 3845.716 0 0
2026-06-30 1111 3854.94 9.224 0.24
2026-07-01 1113 3858.466 3.526 0.091
2026-07-02 1118 3845.277 -13.189 -0.342
2026-07-03 1118 3861.998 16.721 0.435
2026-07-04 1118 3861.998 0 0
2026-07-05 1118 3861.998 0 0
2026-07-06 1119 3861.998 0 0
2026-07-07 1120 3853.62 -8.378 -0.217
2026-07-08 1110 3858.907 5.287 0.137
2026-07-09 1121 3849.664 -9.243 -0.24
2026-07-10 1113 3858.466 8.802 0.229
2026-07-11 1116 3855.38 -3.086 -0.08
2026-07-12 1116 3855.38 0 0
2026-07-13 1111 3855.38 0 0
2026-07-14 1116 3849.224 -6.156 -0.16
2026-07-15 1108 3862.44 13.216 0.343
2026-07-16 1111 3859.79 -2.65 -0.069
2026-07-17 1099 3861.998 2.208 0.057
2026-07-18 1101 3861.114 -0.884 -0.023
2026-07-19 1101 3861.114 0 0
2026-07-20 1099 3861.114 0 0
2026-07-21 1107 3849.664 -11.45 -0.297
2026-07-22 1106 3849.224 -0.44 -0.011
2026-07-23 1097 3850.981 1.757 0.046
2026-07-24 1102 3837.844 -13.137 -0.341
2026-07-25 1100 3840.464 2.62 0.068
2026-07-26 1100 3840.464 0 0
2026-07-27 1113 3840.464 0 0
2026-07-28 1107 3837.844 -2.62 -0.068
2026-07-29 1106 3842.651 4.807 0.125
2026-07-30 1113 3841.338 -1.313 -0.034
2026-07-31 1097 3882.434 41.096 1.07
2026-08-01 1098 3883.328 0.894 0.023
2026-08-02 1098 3883.328 0 0
2026-08-03 1100 3883.328 0 0
2026-08-04 1105 3886.01 2.682 0.069
2026-08-05 1110 3889.145 3.135 0.081
2026-08-06 1108 3899.03 9.885 0.254
2026-08-07 1116 3893.183 -5.847 -0.15
2026-08-08 1116 3899.48 6.297 0.162
2026-08-09 1116 3899.48 0 0
2026-08-10 1118 3899.48 0 0
2026-08-11 1115 3899.48 0 0
2026-08-12 1108 3895.429 -4.051 -0.104
2026-08-13 1110 3895.429 0 0
=======
2026-05-11 1092 3973.861 0 0
2026-05-12 1090 3973.861 0 0
2026-05-13 1093 3975.733 0 0
2026-05-14 1092 3960.803 0 0
2026-05-15 1096 3951.528 0 0
2026-05-16 1097 3941.836 0 0
2026-05-17 1097 3925.331 0 0
2026-05-18 1093 3925.331 0 0
2026-05-19 1089 3925.331 0 0
2026-05-20 1092 3928.987 0 0
2026-05-21 1092 3913.951 0 0
2026-05-22 1092 3921.683 0 0
2026-05-23 1095 3921.683 0 0
2026-05-24 1096 3914.405 0 0
2026-05-25 1097 3914.405 0 0
2026-05-26 1101 3914.405 0 0
2026-05-27 1099 3914.405 0 0
2026-05-28 1098 3923.05 0 0
2026-05-29 1098 3923.962 0 0
2026-05-30 1095 3930.818 0 0
2026-05-31 1096 3938.616 0 0
2026-06-01 1094 3938.616 0 0
2026-06-02 1092 3938.616 0 0
2026-06-03 1093 3920.771 0 0
2026-06-04 1092 3929.902 0 0
2026-06-05 1092 3918.95 0 0
2026-06-06 1083 3925.331 0 0
2026-06-07 1088 3901.283 0 0
2026-06-09 1081 3901.283 0 0
2026-06-10 1083 3895.429 0 0
2026-06-11 1077 3902.185 0 0
2026-06-12 1086 3899.03 0 0
2026-06-13 1090 3887.353 0 0
2026-06-14 1092 3906.25 0 0
2026-06-16 1100 3906.25 0 0
2026-06-17 1096 3917.586 0 0
2026-06-18 1096 3917.586 0 0
2026-06-19 1095 3911.23 0 0
2026-06-20 1101 3876.637 0 0
2026-06-21 1101 3876.637 0 0
2026-06-22 1108 3876.637 0 0
2026-06-23 1102 3876.637 0 0
2026-06-24 1107 3862.882 0 0
2026-06-25 1117 3841.776 0 0
2026-06-26 1117 3827.399 0 0
2026-06-27 1118 3839.59 0 0
2026-06-28 1118 3845.716 0 0
2026-06-29 1114 3845.716 0 0
2026-06-30 1115 3845.716 0 0
2026-07-01 1116 3854.94 0 0
2026-07-02 1111 3858.466 0 0
2026-07-03 1123 3845.277 0 0
2026-07-04 1118 3861.998 0 0
2026-07-05 1118 3861.998 0 0
2026-07-06 1119 3861.998 0 0
2026-07-07 1118 3861.998 0 0
2026-07-08 1118 3853.62 0 0
2026-07-09 1109 3858.907 0 0
2026-07-10 1120 3849.664 0 0
2026-07-11 1113 3858.466 0 0
2026-07-12 1116 3855.38 0 0
2026-07-13 1115 3855.38 0 0
2026-07-14 1109 3855.38 0 0
2026-07-15 1117 3849.224 0 0
2026-07-16 1108 3862.44 0 0
2026-07-17 1105 3859.79 0 0
2026-07-18 1099 3861.998 0 0
2026-07-19 1101 3861.114 0 0
2026-07-20 1100 3861.114 0 0
2026-07-21 1097 3861.114 0 0
2026-07-22 1108 3849.664 0 0
2026-07-23 1109 3849.224 0 0
2026-07-24 1096 3850.981 0 0
2026-07-25 1102 3837.844 0 0
2026-07-26 1100 3840.464 0 0
2026-07-27 1105 3840.464 0 0
2026-07-28 1110 3840.464 0 0
2026-07-29 1107 3837.844 0 0
2026-07-30 1106 3842.651 0 0
2026-07-31 1116 3841.338 0 0
2026-08-01 1097 3882.434 0 0
2026-08-02 1098 3883.328 0 0
2026-08-03 1097 3883.328 0 0
2026-08-04 1102 3883.328 0 0
2026-08-05 1107 3886.01 0 0
2026-08-06 1111 3889.145 0 0
2026-08-07 1113 3899.03 0 0
2026-08-08 1116 3893.183 0 0
2026-08-09 1116 3899.48 0 0
2026-08-10 1115 3899.48 0 0
2026-08-11 1120 3899.48 0 0
2026-08-12 1112 3899.48 0 0
2026-08-13 1108 3895.429 0 0
2026-08-14 1109 3895.429 0 0
>>>>>>> 2b550085baac25c543016ca743053a87bf115d5d
2026-08-15 1111 3896.329 0 0
2026-08-16 1108 3908.512 0 0
2026-08-17 1107 3908.512 0 0
2026-08-18 1107 3908.512 0 0
2026-08-19 1104 3910.776 0 0
2026-08-20 1100 3908.965 0 0
2026-08-21 1093 3936.319 0 0
2026-08-22 1094 3943.218 0 0
2026-08-23 1098 3939.535 0 0
2026-08-24 1098 3939.535 0 0
