2026-08-31 1100 3951.087 0 0
2026-09-01 1086 3991.545 0 0
2026-09-02 1028 4145.2 0 0
2026-09-03 1040 4126.884 0 0
2026-09-04 1041 4139.24 0 0
2026-09-05 1044 4133.712 0 0
2026-09-06 1047 4138.377 0 0
2026-09-07 1057 4097.793 0 0
2026-09-08 1052 4139.283 0 0
2026-09-09 1078 4060.121 0 0
2026-09-10 1085 4010.423 0 0
2026-09-11 1102 3925.543 0 0
2026-09-12 1105 3943.903 0 0
2026-09-13 1106 3931.636 0 0
2026-09-14 1107 3909.178 0 0
2026-09-15 1097 3975.654 0 0
2026-09-16 1107 3935.312 0 0
2026-09-17 1120 3869.624 0 0
2026-09-18 1133 3820.0 0 0
2026-09-19 1134 3807.871 0 0
2026-09-20 1134 3811.411 0 0
2026-09-21 1133 3778.104 0 0
2026-09-22 1145 3749.944 0 0
2026-09-23 1142 3748.491 0 0
2026-09-24 1139 3752.34 0 0
2026-09-25 1133 3784.84 0 0
2026-09-26 1138 3730.251 0 0
