2026-02-24 222 13164.953 0 0
2026-02-25 227 13013.88 -151.073 -1.148
2026-02-26 229 12981.254 -32.626 -0.251
2026-02-27 227 13061.992 80.738 0.622
2026-02-28 228 13055.209 -6.783 -0.052
2026-03-01 227 13055.209 0 0
2026-03-02 227 12886.997 -168.212 -1.288
2026-03-03 230 12684.99 -202.007 -1.568
2026-03-04 239 12216.643 -468.347 -3.692
2026-03-05 242 12262.704 46.061 0.377
2026-03-06 243 12171.682 -91.022 -0.742
2026-03-07 243 12156.413 -15.269 -0.125
2026-03-08 243 12156.413 0 0
2026-03-09 244 11973.259 -183.154 -1.507
2026-03-10 249 12094.011 120.752 1.009
2026-03-11 245 12012.337 -81.674 -0.675
2026-03-12 243 12015.085 2.748 0.023
2026-03-13 258 11631.241 -383.844 -3.195
2026-03-14 258 11601.439 -29.802 -0.256
2026-03-15 258 11601.439 0 0
2026-03-16 262 11498.098 -103.341 -0.891
2026-03-17 256 11725.869 227.771 1.981
2026-03-18 257 11748.168 22.299 0.19
2026-03-19 256 11698.521 -49.647 -0.423
2026-03-20 253 11708.421 9.9 0.085
2026-03-21 253 11708.339 -0.082 -0.001
2026-03-22 253 11708.339 0 0
2026-03-23 252 11655.59 -52.749 -0.451
2026-03-24 250 11703.084 47.494 0.407
2026-03-25 247 11899.048 195.964 1.674
2026-03-27 250 11763.881 -135.167 -1.136
2026-03-28 249 11768.248 4.367 0.037
2026-03-29 249 11768.248 0 0
2026-03-30 246 11874.425 106.177 0.902
2026-03-31 250 11750.606 -123.819 -1.043
2026-04-01 247 11900.449 149.843 1.275
2026-04-02 254 11592.604 -307.845 -2.587
2026-04-03 253 11584.925 -7.679 -0.066
2026-04-04 253 11584.925 0 0
2026-04-05 253 11584.925 0 0
2026-04-06 250 11743.573 158.648 1.369
2026-04-07 253 11657.626 -85.947 -0.732
2026-04-08 248 11969.644 312.018 2.677
2026-04-09 254 11891.11 -78.534 -0.656
2026-04-10 252 11997.758 106.648 0.897
2026-04-11 253 11996.135 -1.623 -0.014
2026-04-12 253 11996.135 0 0
2026-04-13 256 11977.926 -18.209 -0.152
2026-04-14 253 12180.531 202.605 1.691
2026-04-15 255 12096.34 -84.191 -0.691
2026-04-16 256 12094.67 -1.67 -0.014
2026-04-17 255 12091.37 -3.3 -0.027
2026-04-18 256 12061.239 -30.131 -0.249
2026-04-19 256 12061.239 0 0
2026-04-20 259 11933.961 -127.278 -1.055
2026-04-21 258 12057.976 124.015 1.039
2026-04-22 260 12028.812 -29.164 -0.242
2026-04-23 264 11898.689 -130.123 -1.082
2026-04-24 267 11704.317 -194.372 -1.634
2026-04-25 263 11753.774 49.457 0.423
2026-04-26 263 11753.774 0 0
2026-04-27 265 11826.467 72.693 0.618
2026-04-28 265 11796.391 -30.076 -0.254
2026-04-29 264 11845.139 48.748 0.413
2026-04-30 261 11914.361 69.222 0.584
2026-05-01 261 11900.835 -13.526 -0.114
2026-05-02 261 11901.454 0.619 0.005
2026-05-04 267 11702.727 -198.727 -1.67
2026-05-05 267 11700.79 -1.937 -0.017
2026-05-06 272 11667.363 -33.427 -0.286
2026-05-07 274 11680.08 12.717 0.109
2026-05-08 279 11539.435 -140.645 -1.204
2026-05-09 281 11523.09 -16.345 -0.142
2026-05-10 281 11523.09 0 0
<<<<<<< HEAD
2026-05-11 287 11394.457 -128.633 -1.116
2026-05-12 285 11342.763 -51.694 -0.454
2026-05-13 289 11229.097 -113.666 -1.002
2026-05-14 288 11261.568 32.471 0.289
2026-05-15 286 11249.286 -12.282 -0.109
2026-05-16 283 11247.117 -2.169 -0.019
2026-05-17 283 11247.117 0 0
2026-05-18 293 11068.507 -178.61 -1.588
2026-05-19 308 10762.303 -306.204 -2.766
2026-05-20 313 10558.142 -204.161 -1.897
2026-05-21 312 10604.949 46.807 0.443
2026-05-22 312 10627.53 22.581 0.213
2026-05-23 316 10584.143 -43.387 -0.408
2026-05-24 316 10584.143 0 0
2026-05-26 313 10616.764 32.621 0.308
2026-05-27 312 10547.321 -69.443 -0.654
2026-05-28 315 10535.144 -12.177 -0.115
2026-05-29 295 11025.789 490.645 4.657
2026-05-31 297 10981.794 -43.995 -0.399
2026-06-01 297 10988.952 7.158 0.065
2026-06-02 323 10512.866 -476.086 -4.332
2026-06-03 331 10256.074 -256.792 -2.443
2026-06-04 327 10364.763 108.689 1.06
2026-06-05 337 10098.424 -266.339 -2.57
2026-06-06 336 10100.875 2.451 0.024
2026-06-07 336 10100.875 0 0
2026-06-08 348 9843.601 -257.274 -2.547
2026-06-09 342 10001.011 157.41 1.599
2026-06-10 331 10201.017 200.006 2
2026-06-11 329 10286.554 85.537 0.839
2026-06-12 321 10406.646 120.092 1.167
2026-06-13 320 10459.982 53.336 0.513
2026-06-15 313 10668.123 208.141 1.99
2026-06-16 314 10717.439 49.316 0.462
2026-06-17 321 10522.464 -194.975 -1.819
2026-06-18 317 10649.521 127.057 1.207
2026-06-19 317 10632.068 -17.453 -0.164
2026-06-20 317 10632.068 0 0
2026-06-21 317 10632.068 0 0
2026-06-23 325 10395.563 -236.505 -2.224
2026-06-24 333 10274.525 -121.038 -1.164
2026-06-25 337 10254.214 -20.311 -0.198
2026-06-26 338 10192.884 -61.33 -0.598
2026-06-27 338 10197.896 5.012 0.049
2026-06-28 338 10197.896 0 0
2026-06-29 333 10284.454 86.558 0.849
2026-06-30 341 10099.068 -185.386 -1.803
2026-07-01 343 10195.633 96.565 0.956
2026-07-02 342 10125.017 -70.616 -0.693
2026-07-03 339 10275.966 150.949 1.491
2026-07-04 339 10275.966 0 0
2026-07-05 339 10275.966 0 0
2026-07-06 343 10106.552 -169.414 -1.649
2026-07-07 338 10242.791 136.239 1.348
2026-07-08 332 10258.015 15.224 0.149
2026-07-09 333 10319.406 61.391 0.598
2026-07-10 337 10240.549 -78.857 -0.764
2026-07-11 337 10252.125 11.576 0.113
2026-07-12 337 10252.125 0 0
2026-07-13 332 10314.821 62.696 0.612
2026-07-14 337 10265.638 -49.183 -0.477
2026-07-15 331 10355.672 90.034 0.877
2026-07-16 328 10425.585 69.913 0.675
2026-07-17 324 10445.18 19.595 0.188
2026-07-18 324 10488.245 43.065 0.412
2026-07-19 324 10488.245 0 0
2026-07-20 319 10531.326 43.081 0.411
2026-07-21 321 10579.501 48.175 0.457
2026-07-22 316 10660.114 80.613 0.762
2026-07-23 310 10781.166 121.052 1.136
2026-07-24 320 10580.177 -200.989 -1.864
2026-07-25 324 10559.998 -20.179 -0.191
2026-07-26 324 10559.998 0 0
2026-07-27 317 10670.94 110.942 1.051
2026-07-28 324 10519.336 -151.604 -1.421
2026-07-29 322 10434.852 -84.484 -0.803
2026-07-30 315 10605.614 170.762 1.636
2026-07-31 319 10680.067 74.453 0.702
2026-08-01 318 10720.665 40.598 0.38
2026-08-02 318 10720.665 0 0
2026-08-03 319 10696.319 -24.346 -0.227
2026-08-04 322 10629.462 -66.857 -0.625
2026-08-05 313 10772.537 143.075 1.346
2026-08-06 311 10779.831 7.294 0.068
2026-08-07 310 10882.211 102.38 0.95
2026-08-08 311 10895.84 13.629 0.125
2026-08-09 311 10895.84 0 0
2026-08-10 312 10966.001 70.161 0.644
2026-08-11 326 10738.418 -227.583 -2.075
2026-08-12 317 10905.912 167.494 1.56
2026-08-13 325 10764.616 -141.296 -1.296
=======
2026-05-11 284 11333.228 0 0
2026-05-12 286 11386.339 0 0
2026-05-13 290 11287.7 0 0
2026-05-14 289 11245.846 0 0
2026-05-15 288 11261.03 0 0
2026-05-16 286 11249.286 0 0
2026-05-17 283 11247.117 0 0
2026-05-18 298 10929.364 0 0
2026-05-19 295 10973.619 0 0
2026-05-20 310 10604.655 0 0
2026-05-21 317 10406.157 0 0
2026-05-22 317 10437.825 0 0
2026-05-23 312 10627.53 0 0
2026-05-24 316 10584.143 0 0
2026-05-25 318 10501.49 0 0
2026-05-26 317 10541.941 0 0
2026-05-27 313 10593.334 0 0
2026-05-28 313 10534.239 0 0
2026-05-29 310 10625.577 0 0
2026-05-30 295 11025.789 0 0
2026-05-31 297 10981.794 0 0
2026-06-01 297 10976.508 0 0
2026-06-02 309 10663.103 0 0
2026-06-03 336 10208.863 0 0
2026-06-04 344 10037.801 0 0
2026-06-05 332 10265.65 0 0
2026-06-06 337 10098.424 0 0
2026-06-07 336 10100.875 0 0
2026-06-09 347 9864.524 0 0
2026-06-10 333 10059.552 0 0
2026-06-11 333 10080.515 0 0
2026-06-12 317 10424.543 0 0
2026-06-13 321 10406.646 0 0
2026-06-14 320 10459.982 0 0
2026-06-16 313 10630.792 0 0
2026-06-17 319 10613.992 0 0
2026-06-18 324 10493.06 0 0
2026-06-19 322 10526.826 0 0
2026-06-20 317 10632.068 0 0
2026-06-21 317 10632.068 0 0
2026-06-22 326 10404.061 0 0
2026-06-23 328 10372.408 0 0
2026-06-24 327 10351.238 0 0
2026-06-25 334 10223.886 0 0
2026-06-26 344 10005.793 0 0
2026-06-27 338 10192.884 0 0
2026-06-28 338 10197.896 0 0
2026-06-29 338 10136.098 0 0
2026-06-30 341 10077.6 0 0
2026-07-01 340 10185.089 0 0
2026-07-02 350 9983.222 0 0
2026-07-03 339 10286.897 0 0
2026-07-04 339 10275.966 0 0
2026-07-05 339 10275.966 0 0
2026-07-06 341 10214.811 0 0
2026-07-07 340 10146.71 0 0
2026-07-08 339 10098.486 0 0
2026-07-09 335 10192.043 0 0
2026-07-10 328 10385.832 0 0
2026-07-11 337 10240.549 0 0
2026-07-12 337 10252.125 0 0
2026-07-13 337 10241.436 0 0
2026-07-14 330 10336.536 0 0
2026-07-15 337 10277.015 0 0
2026-07-16 336 10223.625 0 0
2026-07-17 330 10366.826 0 0
2026-07-18 324 10445.18 0 0
2026-07-19 324 10488.245 0 0
2026-07-20 324 10454.161 0 0
2026-07-21 316 10578.994 0 0
2026-07-22 325 10580.259 0 0
2026-07-23 316 10683.769 0 0
2026-07-24 314 10647.232 0 0
2026-07-25 320 10580.177 0 0
2026-07-26 324 10559.998 0 0
2026-07-27 324 10562.695 0 0
2026-07-28 316 10647.048 0 0
2026-07-29 321 10503.611 0 0
2026-07-30 322 10418.105 0 0
2026-07-31 320 10590.073 0 0
2026-08-01 319 10680.067 0 0
2026-08-02 318 10720.665 0 0
2026-08-03 322 10602.521 0 0
2026-08-04 318 10640.629 0 0
2026-08-05 320 10734.095 0 0
2026-08-06 315 10755.939 0 0
2026-08-07 308 10822.066 0 0
2026-08-08 310 10882.211 0 0
2026-08-09 311 10895.84 0 0
2026-08-10 309 10905.019 0 0
2026-08-11 312 10931.932 0 0
2026-08-12 329 10725.551 0 0
2026-08-13 318 10854.516 0 0
2026-08-14 325 10759.21 0 0
>>>>>>> 2b550085baac25c543016ca743053a87bf115d5d
