2025-09-19  987.652 0 0
2025-10-17 2978 1085.741 98.089 9.932
2025-10-18 2982 1083.372 -2.369 -0.218
2025-10-19 2983 1083.372 0 0
2025-10-20 3012 1064.6 -18.772 -1.733
2025-10-21 3038 1055.775 -8.825 -0.829
2025-10-22 2959 1107.742 51.967 4.922
2025-10-23 2942 1122.612 14.87 1.342
2025-10-24 2832 1201.124 78.512 6.994
2025-10-25 2830 1203.465 2.341 0.195
2025-10-26 2831 1203.465 0 0
2025-10-27 2810 1215.19 11.725 0.974
2025-10-28 2729 1267.668 52.478 4.319
2025-10-29 2667 1311.875 44.207 3.487
2025-10-30 2697 1290.707 -21.168 -1.614
2025-10-31 2625 1352.473 61.766 4.785
2025-11-01 2622 1354.466 1.993 0.147
2025-11-02 2622 1354.466 0 0
2025-11-03 2598 1377.729 23.263 1.718
2025-11-04 2583 1372.476 -5.253 -0.381
2025-11-05 2735 1251.735 -120.741 -8.797
2025-11-06 2672 1297.678 45.943 3.67
2025-11-07 2765 1231.12 -66.558 -5.129
2025-11-08 2774 1223.389 -7.731 -0.628
2025-11-09 2774 1223.389 0 0
2025-11-10 2617 1348.763 125.374 10.248
2025-11-11 2627 1334.443 -14.32 -1.062
2025-11-12 2610 1354.184 19.741 1.479
2025-11-13 2600 1360.897 6.713 0.496
2025-11-14 2715 1265.444 -95.453 -7.014
2025-11-15 2698 1274.735 9.291 0.734
2025-11-16 2698 1274.735 0 0
2025-11-17 2478 1461.569 186.834 14.657
2025-11-18 2574 1383.277 -78.292 -5.357
2025-11-19 2547 1406.665 23.388 1.691
2025-11-20 2482 1453.334 46.669 3.318
2025-11-21 2613 1339.25 -114.084 -7.85
2025-11-22 2619 1332.443 -6.807 -0.508
2025-11-23 2619 1332.443 0 0
2025-11-24 2581 1361.913 29.47 2.212
2025-11-25 2460 1485.967 124.054 9.109
2025-11-26 2429 1514.347 28.38 1.91
2025-11-27 2381 1558.034 43.687 2.885
2025-11-28 2405 1542.583 -15.451 -0.992
2025-11-29 2409 1537.391 -5.192 -0.337
2025-11-30 2409 1537.391 0 0
2025-12-01 2489 1469.607 -67.784 -4.409
2025-12-02 2469 1488.218 18.611 1.266
2025-12-03 2442 1507.162 18.944 1.273
2025-12-04 2478 1478.183 -28.979 -1.923
2025-12-05 2502 1459.177 -19.006 -1.286
2025-12-06 2496 1463.646 4.469 0.306
2025-12-07 2496 1463.646 0 0
2025-12-08 2377 1566.739 103.093 7.044
2025-12-09 2284 1641.542 74.803 4.774
2025-12-10 2269 1656.751 15.209 0.927
2025-12-11 2291 1642.781 -13.97 -0.843
2025-12-12 2439 1525.363 -117.418 -7.148
2025-12-13 2440 1524.846 -0.517 -0.034
2025-12-14 2440 1524.846 0 0
2025-12-15 2470 1488.57 -36.276 -2.379
2025-12-16 2548 1415.343 -73.227 -4.919
2025-12-17 2551 1417.392 2.049 0.145
2025-12-18 2609 1360.658 -56.734 -4.003
2025-12-19 2623 1356.462 -4.196 -0.308
2025-12-20 2622 1357.15 0.688 0.051
2025-12-21 2622 1357.15 0 0
2025-12-22 2606 1382.077 24.927 1.837
2025-12-23 2633 1356.852 -25.225 -1.825
2025-12-24 2658 1333.748 -23.104 -1.703
2025-12-25 2638 1363.942 30.194 2.264
2025-12-26 2621 1379.355 15.413 1.13
2025-12-27 2615 1388.637 9.282 0.673
2025-12-28 2615 1388.637 0 0
2025-12-29 2543 1440.9 52.263 3.764
2025-12-30 2595 1405.595 -35.305 -2.45
2025-12-31 2605 1395.301 -10.294 -0.732
2026-01-01 2601 1395.301 0 0
2026-01-02 2606 1396.891 1.59 0.114
2026-01-03 2611 1395.1 -1.791 -0.128
2026-01-05 2623 1391.508 -3.592 -0.257
2026-01-06 2670 1351.655 -39.853 -2.864
2026-01-07 2737 1298.635 -53.02 -3.923
2026-01-08 2748 1287.557 -11.078 -0.853
2026-01-09 2750 1292.474 4.917 0.382
2026-01-10 2760 1285.693 -6.781 -0.525
2026-01-11 2760 1285.693 0 0
2026-01-12 2727 1307.223 21.53 1.675
2026-01-13 2667 1365.071 57.848 4.425
2026-01-14 2688 1338.38 -26.691 -1.955
2026-01-15 2626 1402.381 64.001 4.782
2026-01-16 2643 1386.033 -16.348 -1.166
2026-01-17 2650 1382.459 -3.574 -0.258
2026-01-18 2649 1382.459 0 0
2026-01-19 2581 1448.634 66.175 4.787
2026-01-20 2561 1448.853 0.219 0.015
2026-01-21 2600 1421.658 -27.195 -1.877
2026-01-22 2434 1565.22 143.562 10.098
2026-01-23 2399 1589.361 24.141 1.542
2026-01-24 2388 1593.644 4.283 0.269
2026-01-25 2388 1593.644 0 0
2026-01-26 2381 1599.887 6.243 0.392
2026-01-27 2329 1657.169 57.282 3.58
2026-01-28 2270 1717.917 60.748 3.666
2026-01-29 2320 1670.115 -47.802 -2.783
2026-01-30 2305 1672.785 2.67 0.16
2026-01-31 2323 1657.329 -15.456 -0.924
2026-02-01 2321 1657.329 0 0
2026-02-02 2402 1581.547 -75.782 -4.573
2026-02-03 2334 1644.181 62.634 3.96
2026-02-04 2179 1809.506 165.325 10.055
2026-02-05 2315 1661.42 -148.086 -8.184
2026-02-06 2440 1563.202 -98.218 -5.912
2026-02-07 2443 1562.191 -1.011 -0.065
2026-02-08 2442 1562.191 0 0
2026-02-09 2429 1576.757 14.566 0.932
2026-02-10 2488 1542.103 -34.654 -2.198
2026-02-11 2522 1508.749 -33.354 -2.163
2026-02-12 2481 1543.66 34.911 2.314
2026-02-13 2549 1482.13 -61.53 -3.986
2026-02-14 2551 1477.309 -4.821 -0.325
2026-02-15 2550 1477.309 0 0
2026-02-16 2550 1477.309 0 0
2026-02-17 2554 1477.309 0 0
2026-02-18 2555 1477.309 0 0
2026-02-19 2545 1486.075 8.766 0.593
2026-02-20 2567 1458.95 -27.125 -1.825
2026-02-21 2573 1458.042 -0.908 -0.062
2026-02-22 2573 1458.042 0 0
2026-02-23 2519 1504.994 46.952 3.22
2026-02-24 2462 1560.096 55.102 3.661
2026-02-25 2393 1631.328 71.232 4.566
2026-02-26 2335 1681.205 49.877 3.057
2026-02-27 2213 1811.238 130.033 7.735
2026-02-28 2246 1795.436 -15.802 -0.872
2026-03-01 2244 1795.436 0 0
2026-03-02 2250 1795.436 0 0
2026-03-03 2381 1626.792 -168.644 -9.393
2026-03-04 2680 1340.549 -286.243 -17.596
2026-03-05 2465 1542.479 201.93 15.063
2026-03-06 2405 1588.538 46.059 2.986
2026-03-07 2414 1580.733 -7.805 -0.491
2026-03-08 2414 1580.733 0 0
2026-03-09 2567 1436.658 -144.075 -9.114
2026-03-10 2591 1518.422 81.764 5.691
2026-03-11 2606 1507.484 -10.938 -0.72
2026-03-12 2615 1497.818 -9.666 -0.641
2026-03-13 2665 1443.809 -54.009 -3.606
2026-03-14 2680 1431.531 -12.278 -0.85
2026-03-15 2681 1431.531 0 0
2026-03-16 2725 1401.135 -30.396 -2.123
2026-03-17 2621 1476.62 75.485 5.387
2026-03-18 2478 1587.703 111.083 7.523
2026-03-19 2430 1621.843 34.14 2.15
2026-03-20 2469 1576.074 -45.769 -2.822
2026-03-21 2466 1576.232 0.158 0.01
2026-03-22 2466 1576.232 0 0
2026-03-23 2603 1446.55 -129.682 -8.227
2026-03-24 2567 1496.17 49.62 3.43
2026-03-25 2541 1527.428 31.258 2.089
2026-03-27 2602 1465.623 -61.805 -4.046
2026-03-28 2609 1452.364 -13.259 -0.905
2026-03-29 2612 1450.499 -1.865 -0.128
2026-03-30 2695 1389 -61.499 -4.24
2026-03-31 2801 1315.471 -73.529 -5.294
2026-04-01 2656 1420.046 104.575 7.95
2026-04-02 2744 1368.275 -51.771 -3.646
2026-04-03 2739 1366.253 -2.022 -0.148
2026-04-04 2739 1366.253 0 0
2026-04-05 2739 1366.253 0 0
2026-04-06 2682 1407.902 41.649 3.048
2026-04-07 2665 1417.74 9.838 0.699
2026-04-08 2532 1560.198 142.458 10.048
2026-04-09 2529 1566.893 6.695 0.429
2026-04-10 2573 1522.832 -44.061 -2.812
2026-04-11 2576 1522.832 0 0
2026-04-12 2576 1522.832 0 0
2026-04-13 2538 1562.474 39.642 2.603
2026-04-14 2496 1599.939 37.465 2.398
2026-04-15 2464 1644.268 44.329 2.771
2026-04-16 2478 1639.148 -5.12 -0.311
2026-04-17 2465 1668.681 29.533 1.802
2026-04-18 2476 1659.395 -9.286 -0.556
2026-04-19 2476 1659.395 0 0
2026-04-20 2348 1766.674 107.279 6.465
2026-04-21 2243 1859.155 92.481 5.235
2026-04-22 1985 2121.397 262.242 14.105
2026-04-23 2129 1963.906 -157.491 -7.424
2026-04-24 2100 1991.965 28.059 1.429
2026-04-25 2104 1987.402 -4.563 -0.229
2026-04-26 2104 1987.402 0 0
2026-04-27 2075 2007.304 19.902 1.001
2026-04-28 2105 1992.937 -14.367 -0.716
2026-04-29 2117 1975.899 -17.038 -0.855
2026-04-30 2111 1977.063 1.164 0.059
2026-05-01 2125 1970.665 -6.398 -0.324
2026-05-02 2130 1970.665 0 0
2026-05-04 2130 1972.138 1.473 0.075
2026-05-05 2087 2006.615 34.477 1.748
2026-05-06 2089 2006.615 0 0
2026-05-07 2163 1961.034 -45.581 -2.272
2026-05-08 2235 1891.315 -69.719 -3.555
2026-05-09 2254 1869.901 -21.414 -1.132
2026-05-10 2254 1869.901 0 0
<<<<<<< HEAD
2026-05-11 2285 1833.479 -36.422 -1.948
2026-05-12 2433 1693.299 -140.18 -7.646
2026-05-13 2387 1732.425 39.126 2.311
2026-05-14 2384 1740.005 7.58 0.438
2026-05-15 2448 1661.663 -78.342 -4.502
2026-05-16 2460 1649.933 -11.73 -0.706
2026-05-17 2460 1649.933 0 0
2026-05-18 2433 1670.762 20.829 1.262
2026-05-19 2547 1568.226 -102.536 -6.137
2026-05-20 2572 1552.916 -15.31 -0.976
2026-05-21 2572 1553.74 0.824 0.053
2026-05-22 2445 1661.387 107.647 6.928
2026-05-23 2462 1650.598 -10.789 -0.649
2026-05-24 2462 1650.598 0 0
2026-05-26 2360 1748.294 97.696 5.919
2026-05-27 2441 1674.828 -73.466 -4.202
2026-05-28 2454 1656.183 -18.645 -1.113
2026-05-29 2454 1645.799 -10.384 -0.627
2026-05-31 2458 1641.212 -4.587 -0.279
2026-06-01 2401 1706.441 65.229 3.974
2026-06-02 2446 1656.699 -49.742 -2.915
2026-06-03 2456 1643.588 -13.111 -0.791
2026-06-04 2473 1621.62 -21.968 -1.337
2026-06-05 2652 1484.469 -137.151 -8.458
2026-06-06 2658 1474.305 -10.164 -0.685
2026-06-07 2658 1474.305 0 0
2026-06-08 2857 1306.177 -168.128 -11.404
2026-06-09 2715 1409.321 103.144 7.897
2026-06-10 2721 1403.892 -5.429 -0.385
2026-06-11 2632 1487.434 83.542 5.951
2026-06-12 2606 1505.132 17.698 1.19
2026-06-13 2603 1514.888 9.756 0.648
2026-06-15 2650 1491.653 -23.235 -1.534
2026-06-16 2592 1540.06 48.407 3.245
2026-06-17 2583 1544.017 3.957 0.257
2026-06-18 2653 1492.056 -51.961 -3.365
2026-06-19 2732 1414.312 -77.744 -5.211
2026-06-20 2732 1414.312 0 0
2026-06-21 2732 1414.312 0 0
2026-06-23 2890 1295.453 -118.859 -8.404
2026-06-24 2887 1292.673 -2.78 -0.215
2026-06-25 2883 1296.797 4.124 0.319
2026-06-26 2951 1247.774 -49.023 -3.78
2026-06-27 2941 1254.522 6.748 0.541
2026-06-28 2941 1254.522 0 0
2026-06-29 2840 1327.886 73.364 5.848
2026-06-30 2807 1357.292 29.406 2.214
2026-07-01 2641 1491.13 133.838 9.861
2026-07-02 2809 1359.052 -132.078 -8.858
2026-07-03 2922 1292.001 -67.051 -4.934
2026-07-04 2922 1292.001 0 0
2026-07-05 2922 1292.001 0 0
2026-07-06 3058 1203.923 -88.078 -6.817
2026-07-07 3062 1192.373 -11.55 -0.959
2026-07-08 3228 1084.101 -108.272 -9.08
2026-07-09 3144 1137.758 53.657 4.949
2026-07-10 2956 1252.929 115.171 10.123
2026-07-11 2954 1256.265 3.336 0.266
2026-07-12 2954 1256.265 0 0
2026-07-13 3002 1211.605 -44.66 -3.555
2026-07-14 3067 1185.645 -25.96 -2.143
2026-07-15 2973 1237.611 51.966 4.383
2026-07-16 3149 1144.109 -93.502 -7.555
2026-07-17 3118 1148.398 4.289 0.375
2026-07-18 3117 1148.283 -0.115 -0.01
2026-07-19 3116 1148.283 0 0
2026-07-20 3261 1055.652 -92.631 -8.067
2026-07-21 3188 1099.591 43.939 4.162
2026-07-22 3136 1135.825 36.234 3.295
2026-07-23 3061 1181.544 45.719 4.025
2026-07-24 3152 1117.338 -64.206 -5.434
2026-07-25 3152 1117.872 0.534 0.048
2026-07-26 3152 1117.872 0 0
2026-07-27 3177 1104.872 -13 -1.163
2026-07-28  947.052 -157.82 -14.284
2026-08-01 3356 1004.408 57.356 6.056
2026-08-02 3356 1004.408 0 0
2026-08-03 3348 1010.225 5.817 0.579
2026-08-04 3260 1082.932 72.707 7.197
2026-08-05 3173 1136.475 53.543 4.944
2026-08-06 3164 1141.865 5.39 0.474
2026-08-07 3172 1142.583 0.718 0.063
2026-08-08 3169 1147.581 4.998 0.437
2026-08-09 3169 1147.581 0 0
2026-08-10 2973 1266.679 119.098 10.378
2026-08-11 3064 1212.244 -54.435 -4.297
2026-08-12 3011 1239.657 27.413 2.261
2026-08-13 2923 1301.66 62.003 5.002
=======
2026-05-11 2273 1845.08 0 0
2026-05-12 2434 1700.886 0 0
2026-05-13 2389 1727.959 0 0
2026-05-14 2420 1696.833 0 0
2026-05-15 2401 1716.656 0 0
2026-05-16 2448 1661.663 0 0
2026-05-17 2460 1649.933 0 0
2026-05-18 2441 1659.867 0 0
2026-05-19 2550 1564.664 0 0
2026-05-20 2582 1540.863 0 0
2026-05-21 2467 1645.301 0 0
2026-05-22 2453 1656.18 0 0
2026-05-23 2445 1661.387 0 0
2026-05-24 2462 1650.598 0 0
2026-05-25 2461 1650.598 0 0
2026-05-26 2361 1751.852 0 0
2026-05-27 2409 1706.133 0 0
2026-05-28 2457 1652.055 0 0
2026-05-29 2440 1663.429 0 0
2026-05-30 2454 1645.799 0 0
2026-05-31 2458 1641.212 0 0
2026-06-01 2417 1697.439 0 0
2026-06-02 2470 1638.366 0 0
2026-06-03 2450 1656.699 0 0
2026-06-04 2464 1630.321 0 0
2026-06-05 2624 1502.566 0 0
2026-06-06 2652 1484.469 0 0
2026-06-07 2658 1474.305 0 0
2026-06-09 2778 1368.09 0 0
2026-06-10 2738 1390.955 0 0
2026-06-11 2634 1482.786 0 0
2026-06-12 2574 1533.842 0 0
2026-06-13 2606 1505.132 0 0
2026-06-14 2603 1514.888 0 0
2026-06-16 2587 1542.206 0 0
2026-06-17 2565 1559.73 0 0
2026-06-18 2665 1479.695 0 0
2026-06-19 2737 1415.142 0 0
2026-06-20 2732 1414.312 0 0
2026-06-21 2732 1414.312 0 0
2026-06-22 2748 1401.844 0 0
2026-06-23 2799 1365.676 0 0
2026-06-24 2888 1292.568 0 0
2026-06-25 2846 1320.199 0 0
2026-06-26 2981 1221.967 0 0
2026-06-27 2951 1247.774 0 0
2026-06-28 2941 1254.522 0 0
2026-06-29 2853 1313.873 0 0
2026-06-30 2762 1391.269 0 0
2026-07-01 2634 1498.812 0 0
2026-07-02 2702 1439.092 0 0
2026-07-03 2958 1257.252 0 0
2026-07-04 2922 1292.001 0 0
2026-07-05 2922 1292.001 0 0
2026-07-06 3037 1211.026 0 0
2026-07-07 3095 1180.428 0 0
2026-07-08 3208 1099.024 0 0
2026-07-09 3241 1071.274 0 0
2026-07-10 2906 1287.586 0 0
2026-07-11 2956 1252.929 0 0
2026-07-12 2954 1256.265 0 0
2026-07-13 2896 1289.953 0 0
2026-07-14 3074 1177.371 0 0
2026-07-15 2962 1244.563 0 0
2026-07-16 3126 1156.155 0 0
2026-07-17 3130 1144.109 0 0
2026-07-18 3118 1148.398 0 0
2026-07-19 3117 1148.283 0 0
2026-07-20 3235 1073.554 0 0
2026-07-21 3267 1055.952 0 0
2026-07-22 3084 1174.766 0 0
2026-07-23 3132 1141.122 0 0
2026-07-24 3156 1122.385 0 0
2026-07-25 3152 1117.338 0 0
2026-07-26 3152 1117.872 0 0
2026-07-27 3204 1086.333 0 0
2026-07-28 3353 993.258 0 0
2026-07-29 3367 875.581 0 0
2026-08-02 3356 1004.408 0 0
2026-08-03 3326 1024.602 0 0
2026-08-04 3293 1055.149 0 0
2026-08-05 3189 1128.894 0 0
2026-08-06 3185 1128.681 0 0
2026-08-07 3204 1119.391 0 0
2026-08-08 3172 1142.583 0 0
2026-08-09 3169 1147.581 0 0
2026-08-10 3006 1241.597 0 0
2026-08-11 3034 1223.47 0 0
2026-08-12 3017 1239.839 0 0
2026-08-13 2918 1304.753 0 0
2026-08-14 3006 1246.257 0 0
>>>>>>> 2b550085baac25c543016ca743053a87bf115d5d
2026-08-15 2926 1298.033 0 0
2026-08-16 2924 1300.195 0 0
