2026-03-10 2907 1293.535 0 0
2026-03-11 2872 1317.618 24.083 1.862
2026-03-12 2856 1317.685 0.067 0.005
2026-03-13 2856 1314.061 -3.624 -0.275
2026-03-14 2847 1314.934 0.873 0.066
2026-03-15 2847 1314.934 0 0
2026-03-16 2843 1314.934 0 0
2026-03-17 2843 1315.796 0.862 0.066
2026-03-18 2838 1315.796 0 0
2026-03-19 2822 1320.066 4.27 0.325
2026-03-20 2794 1332.351 12.285 0.931
2026-03-21 2794 1329.613 -2.738 -0.206
2026-03-22 2794 1329.613 0 0
2026-03-23 2778 1329.613 0 0
2026-03-24 2802 1320.533 -9.08 -0.683
2026-03-25 2809 1322.955 2.422 0.183
2026-03-27 2795 1322.955 0 0
2026-03-28 2783 1324.072 1.117 0.084
2026-03-29 2783 1324.072 0 0
2026-03-30 2780 1324.072 0 0
2026-03-31 2766 1334.607 10.535 0.796
2026-04-01 2783 1335.729 1.122 0.084
2026-04-02 2795 1327.211 -8.518 -0.638
2026-04-03 2787 1329.772 2.561 0.193
2026-04-04 2787 1329.772 0 0
2026-04-05 2787 1329.772 0 0
2026-04-06 2791 1329.772 0 0
2026-04-07 2785 1330.174 0.402 0.03
2026-04-08 2814 1330.174 0 0
2026-04-09 2832 1323.463 -6.711 -0.505
2026-04-10 2832 1324.597 1.134 0.086
2026-04-11 2855 1313.104 -11.493 -0.868
2026-04-12 2855 1313.104 0 0
2026-04-13 2863 1313.104 0 0
2026-04-14 2870 1313.212 0.108 0.008
2026-04-15 2896 1308.211 -5.001 -0.381
2026-04-16 2906 1305.187 -3.024 -0.231
2026-04-17 2908 1307.4 2.213 0.17
2026-04-18 2910 1306.199 -1.201 -0.092
2026-04-19 2910 1306.199 0 0
2026-04-20 2915 1306.199 0 0
2026-04-21 2917 1306.163 -0.036 -0.003
2026-04-22 2914 1305.289 -0.874 -0.067
2026-04-23 2900 1306.322 1.033 0.079
2026-04-24 2887 1307.941 1.619 0.124
2026-04-25 2891 1305.593 -2.348 -0.18
2026-04-26 2891 1305.593 0 0
2026-04-27 2897 1305.593 0 0
2026-04-28 2898 1301.958 -3.635 -0.278
2026-04-29 2875 1310.781 8.823 0.678
2026-04-30 2893 1306.549 -4.232 -0.323
2026-05-01 2895 1308.26 1.711 0.131
2026-05-02 2893 1309.083 0.823 0.063
2026-05-04 2902 1309.083 0 0
2026-05-05 2902 1310.93 1.847 0.141
2026-05-06 2903 1310.93 0 0
2026-05-07 2908 1313.732 2.802 0.214
2026-05-08 2916 1310.043 -3.689 -0.281
2026-05-09 2921 1308.329 -1.714 -0.131
2026-05-10 2921 1308.329 0 0
<<<<<<< HEAD
2026-05-11 2922 1308.329 0 0
2026-05-12 2911 1308.552 0.223 0.017
2026-05-13 2912 1306.13 -2.422 -0.185
2026-05-14 2908 1304.713 -1.417 -0.108
2026-05-15 2901 1303.652 -1.061 -0.081
2026-05-16 2912 1296.867 -6.785 -0.52
2026-05-17 2912 1296.867 0 0
2026-05-18 2914 1296.867 0 0
2026-05-19 2922 1296.622 -0.245 -0.019
2026-05-20 2929 1295.044 -1.578 -0.122
2026-05-21 2933 1293.921 -1.123 -0.087
2026-05-22 2936 1293.921 0 0
2026-05-23 2934 1296.255 2.334 0.18
2026-05-24 2934 1296.255 0 0
2026-05-26 2930 1296.255 0 0
2026-05-27 2911 1305.471 9.216 0.711
2026-05-28 2919 1299.305 -6.166 -0.472
2026-05-29 2914 1299.286 -0.019 -0.001
2026-05-31 2903 1303.119 3.833 0.295
2026-06-01 2901 1303.119 0 0
2026-06-02 2900 1301.358 -1.761 -0.135
2026-06-03 2877 1307.517 6.159 0.473
2026-06-04 2875 1307.366 -0.151 -0.012
2026-06-05 2869 1307.709 0.343 0.026
2026-06-06 2876 1307.567 -0.142 -0.011
2026-06-07 2876 1307.567 0 0
2026-06-08 2851 1307.567 0 0
2026-06-09 2864 1305.591 -1.976 -0.151
2026-06-10 2857 1304.473 -1.118 -0.086
2026-06-11 2868 1296.868 -7.605 -0.583
2026-06-12 2898 1293.337 -3.531 -0.272
2026-06-13 2900 1293.475 0.138 0.011
2026-06-15 2909 1293.475 0 0
2026-06-16 2909 1295.161 1.686 0.13
2026-06-17 2904 1294.016 -1.145 -0.088
2026-06-18 2909 1294.225 0.209 0.016
2026-06-19 2910 1290.89 -3.335 -0.258
2026-06-20 2910 1290.89 0 0
2026-06-21 2910 1290.89 0 0
2026-06-23 2891 1295.436 4.546 0.352
2026-06-24 2892 1291.296 -4.14 -0.32
2026-06-25 2902 1284.905 -6.391 -0.495
2026-06-26 2896 1287.9 2.995 0.233
2026-06-27 2900 1284.247 -3.653 -0.284
2026-06-28 2900 1284.247 0 0
2026-06-29 2901 1284.247 0 0
2026-06-30 2905 1285.765 1.518 0.118
2026-07-01 2913 1286.918 1.153 0.09
2026-07-02 2912 1285.424 -1.494 -0.116
2026-07-03 2930 1288.987 3.563 0.277
2026-07-04 2930 1288.987 0 0
2026-07-05 2930 1288.987 0 0
2026-07-06 2919 1288.987 0 0
2026-07-07 2907 1289.524 0.537 0.042
2026-07-08 2895 1287.417 -2.107 -0.163
2026-07-09 2895 1287.511 0.094 0.007
2026-07-10 2903 1286.449 -1.062 -0.082
2026-07-11 2906 1286.528 0.079 0.006
2026-07-12 2906 1286.528 0 0
2026-07-13 2893 1286.528 0 0
2026-07-14 2891 1292.204 5.676 0.441
2026-07-15 2896 1293.826 1.622 0.126
2026-07-16 2902 1293.568 -0.258 -0.02
2026-07-17 2888 1290.257 -3.311 -0.256
2026-07-18 2887 1291.242 0.985 0.076
2026-07-19 2886 1291.242 0 0
2026-07-20 2879 1291.242 0 0
2026-07-21 2887 1290.435 -0.807 -0.062
2026-07-22 2888 1290.116 -0.319 -0.025
2026-07-23 2881 1291.02 0.904 0.07
2026-07-24 2869 1290.649 -0.371 -0.029
2026-07-25 2874 1288.659 -1.99 -0.154
2026-07-26 2874 1288.659 0 0
2026-07-27 2900 1288.659 0 0
2026-07-28 2897 1289.676 1.017 0.079
2026-07-29 2901 1286.974 -2.702 -0.21
2026-07-30 2888 1286.484 -0.49 -0.038
2026-07-31 2905 1287.951 1.467 0.114
2026-08-01 2906 1288.75 0.799 0.062
2026-08-02 2906 1288.75 0 0
2026-08-03 2913 1288.75 0 0
2026-08-04 2925 1288.533 -0.217 -0.017
2026-08-05 2924 1293.104 4.571 0.355
2026-08-06 2930 1291.393 -1.711 -0.132
2026-08-07 2933 1293.569 2.176 0.169
2026-08-08 2932 1293.615 0.046 0.004
2026-08-09 2932 1293.615 0 0
2026-08-10 2938 1293.615 0 0
2026-08-11 2932 1293.615 0 0
2026-08-12 2926 1300.111 6.496 0.502
2026-08-13 2924 1301.231 1.12 0.086
=======
2026-05-11 2926 1308.329 0 0
2026-05-12 2922 1308.329 0 0
2026-05-13 2913 1308.552 0 0
2026-05-14 2905 1306.13 0 0
2026-05-15 2911 1304.713 0 0
2026-05-16 2901 1303.652 0 0
2026-05-17 2912 1296.867 0 0
2026-05-18 2910 1296.867 0 0
2026-05-19 2913 1296.867 0 0
2026-05-20 2917 1296.622 0 0
2026-05-21 2930 1295.044 0 0
2026-05-22 2930 1293.921 0 0
2026-05-23 2936 1293.921 0 0
2026-05-24 2934 1296.255 0 0
2026-05-25 2931 1296.255 0 0
2026-05-26 2933 1296.255 0 0
2026-05-27 2925 1296.255 0 0
2026-05-28 2900 1305.471 0 0
2026-05-29 2919 1299.305 0 0
2026-05-30 2914 1299.286 0 0
2026-05-31 2903 1303.119 0 0
2026-06-01 2915 1303.119 0 0
2026-06-02 2895 1303.119 0 0
2026-06-03 2897 1301.358 0 0
2026-06-04 2871 1307.517 0 0
2026-06-05 2877 1307.366 0 0
2026-06-06 2869 1307.709 0 0
2026-06-07 2876 1307.567 0 0
2026-06-09 2861 1307.567 0 0
2026-06-10 2854 1305.591 0 0
2026-06-11 2844 1304.473 0 0
2026-06-12 2890 1296.868 0 0
2026-06-13 2898 1293.337 0 0
2026-06-14 2900 1293.475 0 0
2026-06-16 2906 1293.475 0 0
2026-06-17 2910 1295.161 0 0
2026-06-18 2904 1294.016 0 0
2026-06-19 2910 1294.225 0 0
2026-06-20 2910 1290.89 0 0
2026-06-21 2910 1290.89 0 0
2026-06-22 2903 1290.89 0 0
2026-06-23 2900 1290.89 0 0
2026-06-24 2885 1295.436 0 0
2026-06-25 2894 1291.296 0 0
2026-06-26 2890 1284.905 0 0
2026-06-27 2896 1287.9 0 0
2026-06-28 2900 1284.247 0 0
2026-06-29 2905 1284.247 0 0
2026-06-30 2906 1284.247 0 0
2026-07-01 2912 1285.765 0 0
2026-07-02 2916 1286.918 0 0
2026-07-03 2920 1285.424 0 0
2026-07-04 2930 1288.987 0 0
2026-07-05 2930 1288.987 0 0
2026-07-06 2925 1288.987 0 0
2026-07-07 2912 1288.987 0 0
2026-07-08 2903 1289.524 0 0
2026-07-09 2888 1287.417 0 0
2026-07-10 2907 1287.511 0 0
2026-07-11 2903 1286.449 0 0
2026-07-12 2906 1286.528 0 0
2026-07-13 2902 1286.528 0 0
2026-07-14 2895 1286.528 0 0
2026-07-15 2893 1292.204 0 0
2026-07-16 2900 1293.826 0 0
2026-07-17 2884 1293.568 0 0
2026-07-18 2888 1290.257 0 0
2026-07-19 2887 1291.242 0 0
2026-07-20 2885 1291.242 0 0
2026-07-21 2879 1291.242 0 0
2026-07-22 2888 1290.435 0 0
2026-07-23 2887 1290.116 0 0
2026-07-24 2874 1291.02 0 0
2026-07-25 2869 1290.649 0 0
2026-07-26 2874 1288.659 0 0
2026-07-27 2878 1288.659 0 0
2026-07-28 2900 1288.659 0 0
2026-07-29 2901 1289.676 0 0
2026-07-30 2898 1286.974 0 0
2026-07-31 2905 1286.484 0 0
2026-08-01 2905 1287.951 0 0
2026-08-02 2906 1288.75 0 0
2026-08-03 2910 1288.75 0 0
2026-08-04 2919 1288.75 0 0
2026-08-05 2930 1288.533 0 0
2026-08-06 2928 1293.104 0 0
2026-08-07 2927 1291.393 0 0
2026-08-08 2933 1293.569 0 0
2026-08-09 2932 1293.615 0 0
2026-08-10 2936 1293.615 0 0
2026-08-11 2936 1293.615 0 0
2026-08-12 2936 1293.615 0 0
2026-08-13 2926 1300.111 0 0
2026-08-14 2922 1301.231 0 0
>>>>>>> 2b550085baac25c543016ca743053a87bf115d5d
2026-08-15 2917 1303.924 0 0
2026-08-16 2923 1302.235 0 0
2026-08-17 2923 1302.235 0 0
2026-08-18 2936 1302.235 0 0
2026-08-19 2933 1298.224 0 0
2026-08-20 2931 1300.548 0 0
2026-08-21 2927 1304.111 0 0
2026-08-22 2925 1304.94 0 0
