2021-02-09 2326 1043.656 0 0
2021-02-10 2338 1038.148 -5.508 -0.528
2021-02-11 2341 1039.874 1.726 0.166
2021-02-12 2339 1039.874 0 0
2021-02-13 2338 1039.874 0 0
2021-02-14 2338 1039.874 0 0
2021-02-15 2337 1039.874 0 0
2021-02-16 2339 1039.874 0 0
2021-02-17 2342 1039.874 0 0
2021-02-18 2288 1109.468 69.594 6.693
2021-02-19  999.728 -109.74 -9.891
2021-02-20 2363 1001.772 2.044 0.204
2021-02-21 2365 1001.772 0 0
2021-02-22 2359 1019.58 17.808 1.778
2021-02-23  965.225 -54.355 -5.331
2021-09-29  944.389 -20.836 -2.159
2021-10-12  947.827 3.438 0.364
2021-10-20  979.414 31.587 3.333
2025-09-30  982.468 3.054 0.312
2025-12-03 2916 1148.904 166.436 16.941
2025-12-04 2905 1161.956 13.052 1.136
2025-12-05 2791 1234.042 72.086 6.204
2025-12-06 2790 1233.745 -0.297 -0.024
2025-12-07 2790 1233.745 0 0
2025-12-08 2802 1223.893 -9.852 -0.799
2025-12-09 2795 1226.917 3.024 0.247
2025-12-10 2756 1255.539 28.622 2.333
2025-12-11 2752 1252.831 -2.708 -0.216
2025-12-12 2686 1307.073 54.242 4.33
2025-12-13 2685 1307.573 0.5 0.038
2025-12-14 2685 1307.573 0 0
2025-12-15 2692 1298.64 -8.933 -0.683
2025-12-16 2779 1231.983 -66.657 -5.133
2025-12-17 2763 1246.083 14.1 1.144
2025-12-18 2826 1214.879 -31.204 -2.504
2025-12-19 2875 1186.048 -28.831 -2.373
2025-12-20 2874 1186.149 0.101 0.009
2025-12-21 2878 1186.149 0 0
2025-12-22 2834 1217.871 31.722 2.674
2025-12-23 2810 1232.861 14.99 1.231
2025-12-24 2807 1236.363 3.502 0.284
2025-12-25 2811 1234.801 -1.562 -0.126
2025-12-26 2715 1303.198 68.397 5.539
2025-12-27 2715 1304.666 1.468 0.113
2025-12-28 2715 1304.666 0 0
2025-12-29 2729 1295.673 -8.993 -0.689
2025-12-30 2757 1270.442 -25.231 -1.947
2025-12-31 2807 1240.133 -30.309 -2.386
2026-01-01 2804 1240.399 0.266 0.021
2026-01-02 2804 1240.399 0 0
2026-01-03 2804 1240.399 0 0
2026-01-05 2784 1255.431 15.032 1.212
2026-01-06 2760 1280.363 24.932 1.986
2026-01-07 2743 1292.485 12.122 0.947
2026-01-08 2766 1277.509 -14.976 -1.159
2026-01-09 2698 1329.922 52.413 4.103
2026-01-10 2697 1329.636 -0.286 -0.022
2026-01-11 2698 1329.636 0 0
2026-01-12 2739 1300.498 -29.138 -2.191
2026-01-13 2697 1332.665 32.167 2.473
2026-01-14 2570 1453.394 120.729 9.059
2026-01-15 2625 1402.707 -50.687 -3.487
2026-01-16 2571 1452.716 50.009 3.565
2026-01-17 2569 1452.883 0.167 0.011
2026-01-18 2568 1452.883 0 0
2026-01-19 2504 1501.597 48.714 3.353
2026-01-20 2539 1468.433 -33.164 -2.209
2026-01-21 2455 1539.724 71.291 4.855
2026-01-22 2479 1529.137 -10.587 -0.688
2026-01-23 2534 1488.491 -40.646 -2.658
2026-01-24 2538 1488.213 -0.278 -0.019
2026-01-25 2538 1488.213 0 0
2026-01-26 2494 1516.316 28.103 1.888
2026-01-27 2537 1488.259 -28.057 -1.85
2026-01-28 2401 1592.993 104.734 7.037
2026-01-29 2451 1563.086 -29.907 -1.877
2026-01-30 2483 1525.18 -37.906 -2.425
2026-01-31 2482 1524.697 -0.483 -0.032
2026-02-01 2480 1524.697 0 0
2026-02-02 2472 1530.744 6.047 0.397
2026-02-03 2361 1618.636 87.892 5.742
2026-02-04 2374 1607.54 -11.096 -0.686
2026-02-05 2495 1507.213 -100.327 -6.241
2026-02-06 2534 1481.601 -25.612 -1.699
2026-02-07 2538 1481.75 0.149 0.01
2026-02-08 2537 1481.962 0.212 0.014
2026-02-09 2409 1586.575 104.613 7.059
2026-02-10 2359 1645.369 58.794 3.706
2026-02-11 2346 1656.838 11.469 0.697
2026-02-12 2229 1776.647 119.809 7.231
2026-02-13 2301 1692.387 -84.26 -4.743
2026-02-14 2300 1690.061 -2.326 -0.137
2026-02-15 2299 1690.061 0 0
2026-02-16 2300 1690.061 0 0
2026-02-17 2303 1690.061 0 0
2026-02-18 2305 1690.061 0 0
2026-02-19 2302 1690.061 0 0
2026-02-20 2308 1690.061 0 0
2026-02-21 2318 1690.061 0 0
2026-02-22 2319 1690.061 0 0
2026-02-23 2316 1690.061 0 0
2026-02-24 2252 1772.392 82.331 4.871
2026-02-25 2237 1794.759 22.367 1.262
2026-02-26 2160 1887.153 92.394 5.148
2026-02-27 2034 2004.237 117.084 6.204
2026-02-28 2059 1999.618 -4.619 -0.23
2026-03-01 2058 1999.618 0 0
2026-03-02 1953 2120.739 121.121 6.057
2026-03-03 1967 2080.035 -40.704 -1.919
2026-03-04 2076 1961.272 -118.763 -5.71
2026-03-05 1967 2078.968 117.696 6.001
2026-03-06 1965 2068.248 -10.72 -0.516
2026-03-07 1963 2068.787 0.539 0.026
2026-03-08 1962 2068.787 0 0
2026-03-09 2018 2006.419 -62.368 -3.015
2026-03-10 2059 2020.888 14.469 0.721
2026-03-11 2171 1912.433 -108.455 -5.367
2026-03-12 2211 1857.65 -54.783 -2.865
2026-03-13 2245 1805.635 -52.015 -2.8
2026-03-14 2257 1798.416 -7.219 -0.4
2026-03-15 2257 1798.416 0 0
2026-03-16 2306 1739.357 -59.059 -3.284
2026-03-17 2331 1728.477 -10.88 -0.626
2026-03-18 2295 1761.213 32.736 1.894
2026-03-19 2371 1692.069 -69.144 -3.926
2026-03-20 2386 1657.489 -34.58 -2.044
2026-03-21 2381 1662.089 4.6 0.278
2026-03-22 2381 1662.089 0 0
2026-03-23 2404 1625.203 -36.886 -2.219
2026-03-24 2342 1700.547 75.344 4.636
2026-03-25 2327 1725.423 24.876 1.463
2026-03-27 2354 1692.474 -32.949 -1.91
2026-03-28 2353 1686.939 -5.535 -0.327
2026-03-29 2353 1686.939 0 0
2026-03-30 2415 1618.298 -68.641 -4.069
2026-03-31 2370 1664.594 46.296 2.861
2026-04-01 2317 1721.91 57.316 3.443
2026-04-02 2187 1849.161 127.251 7.39
2026-04-03 2198 1834.181 -14.98 -0.81
2026-04-04 2198 1834.181 0 0
2026-04-05 2198 1834.181 0 0
2026-04-06 2203 1834.181 0 0
2026-04-07 2303 1745.086 -89.095 -4.857
2026-04-08 2146 1903.771 158.685 9.093
2026-04-09 2135 1932.601 28.83 1.514
2026-04-10 2064 2006.872 74.271 3.843
2026-04-11 2064 2009.104 2.232 0.111
2026-04-12 2064 2009.104 0 0
2026-04-13 2159 1918.913 -90.191 -4.489
2026-04-14 2175 1903.404 -15.509 -0.808
2026-04-15 2210 1888.195 -15.209 -0.799
2026-04-16 2115 1995.313 107.118 5.673
2026-04-17 2033 2071.842 76.529 3.835
2026-04-18 2038 2069.748 -2.094 -0.101
2026-04-19 2038 2069.748 0 0
2026-04-20 2076 2019.959 -49.789 -2.406
2026-04-21 2088 2008.281 -11.678 -0.578
2026-04-22 2013 2088.401 80.12 3.989
2026-04-23 1897 2216.388 127.987 6.128
2026-04-24 1884 2222.195 5.807 0.262
2026-04-25 1883 2221.967 -0.228 -0.01
2026-04-26 1883 2221.967 0 0
2026-04-27 1911 2195.212 -26.755 -1.204
2026-04-28 1955 2131.283 -63.929 -2.912
2026-04-29 1935 2162.284 31.001 1.455
2026-04-30 1802 2316.771 154.487 7.145
2026-05-01 1805 2316.635 -0.136 -0.006
2026-05-02 1807 2316.635 0 0
2026-05-04 1808 2316.635 0 0
2026-05-05 1663 2521.885 205.25 8.86
2026-05-06 1671 2521.885 0 0
2026-05-07 1661 2540.912 19.027 0.754
2026-05-08 1711 2475.907 -65.005 -2.558
2026-05-09 1710 2475.797 -0.11 -0.004
2026-05-10 1710 2475.797 0 0
<<<<<<< HEAD
2026-05-11 1731 2449.547 -26.25 -1.06
2026-05-12 1738 2437.292 -12.255 -0.5
2026-05-13 1678 2519.179 81.887 3.36
2026-05-14 1790 2357.792 -161.387 -6.406
2026-05-15 1792 2346.378 -11.414 -0.484
2026-05-16 1793 2339.999 -6.379 -0.272
2026-05-17 1793 2339.999 0 0
2026-05-18 1772 2360.389 20.39 0.871
2026-05-19 1778 2357.371 -3.018 -0.128
2026-05-20 1809 2311.447 -45.924 -1.948
2026-05-21 1817 2310.666 -0.781 -0.034
2026-05-22 1852 2266.732 -43.934 -1.901
2026-05-23 1853 2270.535 3.803 0.168
2026-05-24 1853 2270.535 0 0
2026-05-26 1841 2283.199 12.664 0.558
2026-05-27 1760 2403.117 119.918 5.252
2026-05-28 1673 2510.135 107.018 4.453
2026-05-29 1761 2388.853 -121.282 -4.832
2026-05-31 1761 2392.912 4.059 0.17
2026-06-01 1688 2497.794 104.882 4.383
2026-06-02 1676 2516.379 18.585 0.744
2026-06-03 1719 2437.169 -79.21 -3.148
2026-06-04 1577 2660.418 223.249 9.16
2026-06-05 1616 2564.442 -95.976 -3.608
2026-06-06 1617 2566.525 2.083 0.081
2026-06-07 1617 2566.525 0 0
2026-06-08 1641 2500.44 -66.085 -2.575
2026-06-09 1614 2561.939 61.499 2.46
2026-06-10 1661 2462.215 -99.724 -3.893
2026-06-11 1667 2462.859 0.644 0.026
2026-06-12 1675 2461.186 -1.673 -0.068
2026-06-13 1679 2467.047 5.861 0.238
2026-06-15 1587 2625.65 158.603 6.429
2026-06-16 1620 2589.716 -35.934 -1.369
2026-06-17 1576 2671.416 81.7 3.155
2026-06-18 1521 2776.239 104.823 3.924
2026-06-19 1523 2774.145 -2.094 -0.075
2026-06-20 1523 2774.145 0 0
2026-06-21 1522 2774.145 0 0
2026-06-23 1512 2775.951 1.806 0.065
2026-06-24 1555 2683.537 -92.414 -3.329
2026-06-25 1522 2745.635 62.098 2.314
2026-06-26 1530 2716.372 -29.263 -1.066
2026-06-27 1528 2715.893 -0.479 -0.018
2026-06-28 1528 2715.893 0 0
2026-06-29 1637 2544.44 -171.453 -6.313
2026-06-30 1621 2575.871 31.431 1.235
2026-07-01 1599 2612.717 36.846 1.43
2026-07-02 1678 2485.082 -127.635 -4.885
2026-07-03 1548 2720.306 235.224 9.465
2026-07-04 1548 2720.306 0 0
2026-07-05 1547 2720.306 0 0
2026-07-06 1459 2873.247 152.941 5.622
2026-07-07 1480 2834.289 -38.958 -1.356
2026-07-08 1554 2661.781 -172.508 -6.086
2026-07-09 1480 2818.641 156.86 5.893
2026-07-10 1623 2555.062 -263.579 -9.351
2026-07-11 1621 2560.753 5.691 0.223
2026-07-12 1621 2560.753 0 0
2026-07-13 1744 2363.835 -196.918 -7.69
2026-07-14 1689 2457.16 93.325 3.948
2026-07-15 1800 2296.827 -160.333 -6.525
2026-07-16 1854 2234.764 -62.063 -2.702
2026-07-17 2015 2028.419 -206.345 -9.233
2026-07-18 2021 2025.666 -2.753 -0.136
2026-07-19 2020 2025.666 0 0
2026-07-20 2074 1983.131 -42.535 -2.1
2026-07-21 1891 2164.942 181.811 9.168
2026-07-22 1943 2114.329 -50.613 -2.338
2026-07-23 1773 2306.973 192.644 9.111
2026-07-24 1742 2342.798 35.825 1.553
2026-07-25 1744 2341.553 -1.245 -0.053
2026-07-26 1744 2341.553 0 0
2026-07-27 1609 2559.559 218.006 9.31
2026-07-28 1771 2322.097 -237.462 -9.277
2026-07-29 1729 2382.246 60.149 2.59
2026-07-30 1903 2160.65 -221.596 -9.302
2026-07-31 1784 2306.421 145.771 6.747
2026-08-01 1778 2309.498 3.077 0.133
2026-08-02 1778 2309.498 0 0
2026-08-03 1849 2246.532 -62.966 -2.726
2026-08-04 1722 2420.556 174.024 7.746
2026-08-05 1666 2535.223 114.667 4.737
2026-08-06 1702 2466.101 -69.122 -2.726
2026-08-07 1699 2474.426 8.325 0.338
2026-08-08 1700 2475.012 0.586 0.024
2026-08-09 1698 2475.012 0 0
2026-08-10 1692 2486.646 11.634 0.47
2026-08-11 1698 2463.378 -23.268 -0.936
2026-08-12 1747 2407.378 -56 -2.273
2026-08-13 1701 2467.869 60.491 2.513
=======
2026-05-11 1713 2468.839 0 0
2026-05-12 1720 2459.351 0 0
2026-05-13 1688 2505.038 0 0
2026-05-14 1786 2363.245 0 0
2026-05-15 1784 2372.998 0 0
2026-05-16 1792 2346.378 0 0
2026-05-17 1793 2339.999 0 0
2026-05-18 1757 2382.992 0 0
2026-05-19 1779 2346.796 0 0
2026-05-20 1819 2294.398 0 0
2026-05-21 1815 2302.436 0 0
2026-05-22 1854 2261.833 0 0
2026-05-23 1852 2266.732 0 0
2026-05-24 1853 2270.535 0 0
2026-05-25 1839 2280.824 0 0
2026-05-26 1837 2287.157 0 0
2026-05-27 1750 2409.049 0 0
2026-05-28 1674 2508.027 0 0
2026-05-29 1728 2443.996 0 0
2026-05-30 1761 2388.853 0 0
2026-05-31 1761 2392.912 0 0
2026-06-01 1663 2538.952 0 0
2026-06-02 1693 2489.53 0 0
2026-06-03 1697 2472.18 0 0
2026-06-04 1578 2664.628 0 0
2026-06-05 1595 2617.222 0 0
2026-06-06 1616 2564.442 0 0
2026-06-07 1617 2566.525 0 0
2026-06-09 1635 2523.157 0 0
2026-06-10 1702 2414.977 0 0
2026-06-11 1647 2491.447 0 0
2026-06-12 1613 2551.73 0 0
2026-06-13 1675 2461.186 0 0
2026-06-14 1679 2467.047 0 0
2026-06-16 1589 2626.605 0 0
2026-06-17 1585 2651.0 0 0
2026-06-18 1495 2813.875 0 0
2026-06-19 1521 2776.239 0 0
2026-06-20 1523 2774.145 0 0
2026-06-21 1523 2774.145 0 0
2026-06-22 1462 2880.72 0 0
2026-06-23 1472 2853.837 0 0
2026-06-24 1547 2700.87 0 0
2026-06-25 1507 2776.41 0 0
2026-06-26 1518 2730.144 0 0
2026-06-27 1530 2716.372 0 0
2026-06-28 1528 2715.893 0 0
2026-06-29 1657 2508.379 0 0
2026-06-30 1572 2637.759 0 0
2026-07-01 1574 2660.424 0 0
2026-07-02 1638 2555.017 0 0
2026-07-03 1544 2717.503 0 0
2026-07-04 1548 2720.306 0 0
2026-07-05 1548 2720.306 0 0
2026-07-06 1442 2917.148 0 0
2026-07-07 1480 2832.991 0 0
2026-07-08 1509 2776.333 0 0
2026-07-09 1529 2714.804 0 0
2026-07-10 1606 2591.797 0 0
2026-07-11 1623 2555.062 0 0
2026-07-12 1621 2560.753 0 0
2026-07-13 1654 2500.932 0 0
2026-07-14 1727 2402.552 0 0
2026-07-15 1739 2387.849 0 0
2026-07-16 1823 2275.879 0 0
2026-07-17 1996 2057.802 0 0
2026-07-18 2015 2028.419 0 0
2026-07-19 2021 2025.666 0 0
2026-07-20 1994 2049.949 0 0
2026-07-21 2135 1917.583 0 0
2026-07-22 1896 2164.942 0 0
2026-07-23 1772 2309.53 0 0
2026-07-24 1733 2372.709 0 0
2026-07-25 1742 2342.798 0 0
2026-07-26 1744 2341.553 0 0
2026-07-27 1686 2443.649 0 0
2026-07-28 1719 2384.106 0 0
2026-07-29 1691 2432.718 0 0
2026-07-30 1894 2178.641 0 0
2026-07-31 1760 2330.118 0 0
2026-08-01 1784 2306.421 0 0
2026-08-02 1778 2309.498 0 0
2026-08-03 1813 2276.501 0 0
2026-08-04 1731 2400.519 0 0
2026-08-05 1693 2461.8 0 0
2026-08-06 1660 2545.098 0 0
2026-08-07 1684 2502.275 0 0
2026-08-08 1699 2474.426 0 0
2026-08-09 1700 2475.012 0 0
2026-08-10 1697 2472.781 0 0
2026-08-11 1720 2444.573 0 0
2026-08-12 1690 2475.968 0 0
2026-08-13 1762 2380.909 0 0
2026-08-14 1620 2602.456 0 0
>>>>>>> 2b550085baac25c543016ca743053a87bf115d5d
2026-08-15 1636 2570.085 0 0
2026-08-16 1640 2571.266 0 0
2026-08-17 1639 2571.266 0 0
2026-08-18 1516 2812.166 0 0
2026-08-19 1532 2757.285 0 0
2026-08-20 1641 2563.221 0 0
2026-08-21 1615 2608.986 0 0
