2025-04-03  924.539 0 0
2025-04-25 2935 1013.061 88.522 9.575
2025-04-26 2939 1013.061 0 0
2025-04-27 2939 1013.061 0 0
2025-04-28 2857 1068.661 55.6 5.488
2025-04-29 2850 1075.977 7.316 0.685
2025-04-30 2871 1065.735 -10.242 -0.952
2025-05-01 2950 1013.061 -52.674 -4.943
2025-05-02 2695 1197.42 184.359 18.198
2025-05-03 2702 1197.42 0 0
2025-05-04 2702 1197.42 0 0
2025-05-05 2778 1144.746 -52.674 -4.399
2025-05-06 2899 1058.419 -86.327 -7.541
2025-05-07 2875 1075.977 17.558 1.659
2025-05-08 2800 1140.357 64.38 5.983
2025-05-09 2880 1071.588 -68.769 -6.03
2025-05-10 2878 1071.588 0 0
2025-05-11 2878 1071.588 0 0
2025-05-12 2768 1166.694 95.106 8.875
2025-05-13 2893 1077.44 -89.254 -7.65
2025-05-14 2991 1010.135 -67.305 -6.247
2025-05-15 2992 1004.282 -5.853 -0.579
2025-05-16  986.724 -17.558 -1.748
2026-05-07 3321 1051.103 64.379 6.525
2026-05-08 3345 1042.324 -8.779 -0.835
2026-05-09 3345 1042.324 0 0
2026-05-10 3345 1042.324 0 0
<<<<<<< HEAD
2026-05-11 3310 1068.661 26.337 2.527
2026-05-12 3312 1062.809 -5.852 -0.548
2026-05-13 3020 1235.463 172.654 16.245
2026-05-14 3077 1203.273 -32.19 -2.606
2026-05-15 3182 1134.504 -68.769 -5.715
2026-05-16 3178 1134.504 0 0
2026-05-17 3178 1134.504 0 0
2026-05-18 3251 1092.072 -42.432 -3.74
2026-05-19 3348 1021.84 -70.232 -6.431
2026-05-20 3320 1048.177 26.337 2.577
2026-05-21 3325 1048.177 0 0
2026-05-22 3331 1040.861 -7.316 -0.698
2026-05-23 3334 1040.861 0 0
2026-05-24 3334 1040.861 0 0
2026-05-26 3349 1030.619 -10.242 -0.984
2026-05-27 3387 1002.819 -27.8 -2.697
2026-05-28 3327 1040.861 38.042 3.794
2026-05-29 3273 1080.367 39.506 3.796
2026-05-31 3277 1080.367 0 0
2026-06-01 3241 1099.388 19.021 1.761
2026-06-02 3178 1135.967 36.579 3.327
2026-06-03 3343 1023.303 -112.664 -9.918
2026-06-04 3363 1007.208 -16.095 -1.573
2026-06-05  929.66 -77.548 -7.699
2026-07-01 3300 1040.861 111.201 11.961
2026-07-02  976.482 -64.379 -6.185
2026-08-05  985.261 8.779 0.899
2026-08-08 3325 1039.398 54.137 5.495
2026-08-09 3325 1039.398 0 0
2026-08-10 3343 1027.693 -11.705 -1.126
2026-08-11 3350 1023.303 -4.39 -0.427
2026-08-12 3370 1011.598 -11.705 -1.144
2026-08-13 3372 1007.208 -4.39 -0.434
=======
2026-05-11 3341 1042.324 0 0
2026-05-12 3309 1068.661 0 0
2026-05-13 3316 1062.809 0 0
2026-05-14 3013 1235.463 0 0
2026-05-15 3077 1203.273 0 0
2026-05-16 3182 1134.504 0 0
2026-05-17 3178 1134.504 0 0
2026-05-18 3168 1134.504 0 0
2026-05-19 3253 1092.072 0 0
2026-05-20 3346 1021.84 0 0
2026-05-21 3321 1048.177 0 0
2026-05-22 3311 1055.493 0 0
2026-05-23 3331 1040.861 0 0
2026-05-24 3334 1040.861 0 0
2026-05-25 3337 1040.861 0 0
2026-05-26 3333 1040.861 0 0
2026-05-27 3345 1030.619 0 0
2026-05-28 3383 1002.819 0 0
2026-05-29 3326 1040.861 0 0
2026-05-30 3273 1080.367 0 0
2026-05-31 3277 1080.367 0 0
2026-06-01 3276 1080.367 0 0
2026-06-02 3239 1099.388 0 0
2026-06-03 3172 1135.967 0 0
2026-06-04 3340 1023.303 0 0
2026-06-05 3361 1007.208 0 0
2026-06-06 3388 929.66 0 0
2026-07-02 3299 1040.861 0 0
2026-07-03 3374 976.482 0 0
2026-08-06 3393 985.261 0 0
2026-08-09 3325 1039.398 0 0
2026-08-10 3329 1039.398 0 0
2026-08-11 3345 1027.693 0 0
2026-08-12 3349 1023.303 0 0
2026-08-13 3370 1011.598 0 0
2026-08-14 3372 1007.208 0 0
>>>>>>> 2b550085baac25c543016ca743053a87bf115d5d
2026-08-15 3347 1029.156 0 0
2026-08-16 3348 1029.156 0 0
2026-08-17 3348 1029.156 0 0
2026-08-18 3352 1026.229 0 0
