2026-02-23 2878 1216.905 0 0
2026-02-24 2882 1218.294 1.389 0.114
2026-02-25 2886 1217.391 -0.903 -0.074
2026-02-26 2897 1217.373 -0.018 -0.001
2026-02-27 2897 1217.917 0.544 0.045
2026-02-28 2900 1217.09 -0.827 -0.068
2026-03-01 2896 1217.09 0 0
2026-03-02 2899 1217.09 0 0
2026-03-03 2885 1210.403 -6.687 -0.549
2026-03-04 2865 1210.403 0 0
2026-03-05 2888 1201.619 -8.784 -0.726
2026-03-06 2878 1208.916 7.297 0.607
2026-03-07 2878 1206.891 -2.025 -0.168
2026-03-08 2878 1206.891 0 0
2026-03-09 2864 1206.891 0 0
2026-03-10 3072 1199.196 -7.695 -0.638
2026-03-11 3062 1205.938 6.742 0.562
2026-03-12 3062 1203.023 -2.915 -0.242
2026-03-13 3047 1201.113 -1.91 -0.159
2026-03-14 3044 1197.623 -3.49 -0.291
2026-03-15 3044 1197.623 0 0
2026-03-16 3047 1197.623 0 0
2026-03-17 3041 1197.979 0.356 0.03
2026-03-18 3051 1197.979 0 0
2026-03-19 3030 1195.263 -2.716 -0.227
2026-03-20 3024 1195.263 0 0
2026-03-21 3046 1181.442 -13.821 -1.156
2026-03-22 3046 1181.442 0 0
2026-03-23 3017 1181.442 0 0
2026-03-24 3026 1178.22 -3.222 -0.273
2026-03-25 3055 1179.601 1.381 0.117
2026-03-27 3040 1179.601 0 0
2026-03-28 3049 1167.983 -11.618 -0.985
2026-03-29 3049 1167.983 0 0
2026-03-30 3046 1167.983 0 0
2026-03-31 3047 1167.398 -0.585 -0.05
2026-04-01 3062 1167.398 0 0
2026-04-02 3058 1167.398 0 0
2026-04-03 3029 1189.23 21.832 1.87
2026-04-04 3029 1189.23 0 0
2026-04-05 3029 1189.23 0 0
2026-04-06 3031 1189.23 0 0
2026-04-07 3029 1189.852 0.622 0.052
2026-04-08 3054 1189.852 0 0
2026-04-09 3056 1196.022 6.17 0.519
2026-04-10 3060 1194.941 -1.081 -0.09
2026-04-11 3065 1194.103 -0.838 -0.07
2026-04-12 3065 1194.103 0 0
2026-04-13 3066 1194.103 0 0
2026-04-14 3087 1185.696 -8.407 -0.704
2026-04-15 3101 1185.696 0 0
2026-04-16 3104 1185.712 0.016 0.001
2026-04-17 3104 1188.033 2.321 0.196
2026-04-18 3104 1191.613 3.58 0.301
2026-04-19 3104 1191.613 0 0
2026-04-20 3106 1191.613 0 0
2026-04-21 3105 1189.166 -2.447 -0.205
2026-04-22 3114 1184.284 -4.882 -0.411
2026-04-23 3106 1180.418 -3.866 -0.326
2026-04-24 3100 1176.593 -3.825 -0.324
2026-04-25 3100 1174.845 -1.748 -0.149
2026-04-26 3100 1174.845 0 0
2026-04-27 3095 1174.845 0 0
2026-04-28 3098 1175.858 1.013 0.086
2026-04-29 3104 1171.102 -4.756 -0.404
2026-04-30 3114 1167.335 -3.767 -0.322
2026-05-01 3120 1166.599 -0.736 -0.063
2026-05-02 3122 1166.599 0 0
2026-05-04 3114 1166.599 0 0
2026-05-05 3128 1164.466 -2.133 -0.183
2026-05-06 3133 1164.466 0 0
2026-05-07 3140 1170.282 5.816 0.499
2026-05-08 3132 1174.799 4.517 0.386
2026-05-09 3139 1171.923 -2.876 -0.245
2026-05-10 3139 1171.923 0 0
<<<<<<< HEAD
2026-05-11 3144 1171.923 0 0
2026-05-12 3141 1161.718 -10.205 -0.871
2026-05-13 3147 1157.755 -3.963 -0.341
2026-05-14 3150 1156.969 -0.786 -0.068
2026-05-15 3143 1156.214 -0.755 -0.065
2026-05-16 3139 1153.849 -2.365 -0.205
2026-05-17 3139 1153.849 0 0
2026-05-18 3141 1153.849 0 0
2026-05-19 3149 1149.133 -4.716 -0.409
2026-05-20 3155 1147.095 -2.038 -0.177
2026-05-21 3161 1143.541 -3.554 -0.31
2026-05-22 3164 1143.541 0 0
2026-05-23 3149 1156.786 13.245 1.158
2026-05-24 3149 1156.786 0 0
2026-05-26 3151 1156.786 0 0
2026-05-27 3146 1157.179 0.393 0.034
2026-05-28 3147 1157.104 -0.075 -0.006
2026-05-29 3141 1157.104 0 0
2026-05-31 3130 1165.539 8.435 0.729
2026-06-01 3132 1165.539 0 0
2026-06-02 3119 1165.554 0.015 0.001
2026-06-03 3120 1162.266 -3.288 -0.282
2026-06-04 3127 1156.832 -5.434 -0.468
2026-06-05 3114 1155.911 -0.921 -0.08
2026-06-06 3087 1166.321 10.41 0.901
2026-06-07 3087 1166.321 0 0
2026-06-08 3074 1166.321 0 0
2026-06-09 3093 1156.893 -9.428 -0.808
2026-06-10 3083 1161.184 4.291 0.371
2026-06-11 3086 1162.205 1.021 0.088
2026-06-12 3113 1156.319 -5.886 -0.506
2026-06-13 3107 1164.191 7.872 0.681
2026-06-15 3122 1164.191 0 0
2026-06-16 3108 1168.999 4.808 0.413
2026-06-17 3099 1170.977 1.978 0.169
2026-06-18 3100 1171.319 0.342 0.029
2026-06-19 3096 1173.786 2.467 0.211
2026-06-20 3096 1173.786 0 0
2026-06-21 3096 1173.786 0 0
2026-06-23 3091 1169.447 -4.339 -0.37
2026-06-24 3088 1168.683 -0.764 -0.065
2026-06-25 3077 1169.78 1.097 0.094
2026-06-26 3074 1173.024 3.244 0.277
2026-06-27 3087 1173.024 0 0
2026-06-28 3087 1173.024 0 0
2026-06-29 3090 1173.024 0 0
2026-06-30 3097 1171.272 -1.752 -0.149
2026-07-01 3103 1169.741 -1.531 -0.131
2026-07-02 3121 1162.724 -7.017 -0.6
2026-07-03 3136 1160.743 -1.981 -0.17
2026-07-04 3136 1160.743 0 0
2026-07-05 3136 1160.743 0 0
2026-07-06 3141 1160.743 0 0
2026-07-07 3123 1160.682 -0.061 -0.005
2026-07-08 3106 1165.938 5.256 0.453
2026-07-09 3114 1158.664 -7.274 -0.624
2026-07-10 3118 1160.804 2.14 0.185
2026-07-11 3121 1161.549 0.745 0.064
2026-07-12 3121 1161.549 0 0
2026-07-13 3107 1161.549 0 0
2026-07-14 3115 1157.974 -3.575 -0.308
2026-07-15 3135 1150.97 -7.004 -0.605
2026-07-16 3132 1150.237 -0.733 -0.064
2026-07-17 3115 1149.148 -1.089 -0.095
2026-07-18 3114 1149.999 0.851 0.074
2026-07-19 3113 1149.999 0 0
2026-07-20 3113 1149.999 0 0
2026-07-21 3119 1147.994 -2.005 -0.174
2026-07-22 3117 1150.567 2.573 0.224
2026-07-23 3120 1146.545 -4.022 -0.35
2026-07-24 3106 1146.56 0.015 0.001
2026-07-25 3107 1146.62 0.06 0.005
2026-07-26 3107 1146.62 0 0
2026-07-27 3120 1146.62 0 0
2026-07-28 3108 1154.555 7.935 0.692
2026-07-29 3107 1155.113 0.558 0.048
2026-07-30 3098 1157.618 2.505 0.217
2026-07-31 3114 1157.271 -0.347 -0.03
2026-08-01 3114 1160.47 3.199 0.276
2026-08-02 3114 1160.47 0 0
2026-08-03 3119 1160.47 0 0
2026-08-04 3121 1161.39 0.92 0.079
2026-08-05 3139 1160.819 -0.571 -0.049
2026-08-06 3123 1163.962 3.143 0.271
2026-08-07 3138 1162.785 -1.177 -0.101
2026-08-08 3138 1162.968 0.183 0.016
2026-08-09 3138 1162.968 0 0
2026-08-10 3142 1162.968 0 0
2026-08-11 3140 1162.968 0 0
2026-08-12 3143 1160.121 -2.847 -0.245
2026-08-13 3140 1161.459 1.338 0.115
=======
2026-05-11 3143 1171.923 0 0
2026-05-12 3137 1171.923 0 0
2026-05-13 3141 1161.718 0 0
2026-05-14 3137 1157.755 0 0
2026-05-15 3152 1156.969 0 0
2026-05-16 3143 1156.214 0 0
2026-05-17 3139 1153.849 0 0
2026-05-18 3138 1153.849 0 0
2026-05-19 3142 1153.849 0 0
2026-05-20 3145 1149.133 0 0
2026-05-21 3157 1147.095 0 0
2026-05-22 3161 1143.541 0 0
2026-05-23 3164 1143.541 0 0
2026-05-24 3149 1156.786 0 0
2026-05-25 3146 1156.786 0 0
2026-05-26 3148 1156.786 0 0
2026-05-27 3149 1156.786 0 0
2026-05-28 3145 1157.179 0 0
2026-05-29 3141 1157.104 0 0
2026-05-30 3141 1157.104 0 0
2026-05-31 3130 1165.539 0 0
2026-06-01 3133 1165.539 0 0
2026-06-02 3126 1165.539 0 0
2026-06-03 3117 1165.554 0 0
2026-06-04 3117 1162.266 0 0
2026-06-05 3127 1156.832 0 0
2026-06-06 3114 1155.911 0 0
2026-06-07 3087 1166.321 0 0
2026-06-09 3075 1166.321 0 0
2026-06-10 3086 1156.893 0 0
2026-06-11 3077 1161.184 0 0
2026-06-12 3099 1162.205 0 0
2026-06-13 3113 1156.319 0 0
2026-06-14 3107 1164.191 0 0
2026-06-16 3119 1164.191 0 0
2026-06-17 3106 1168.999 0 0
2026-06-18 3095 1170.977 0 0
2026-06-19 3100 1171.319 0 0
2026-06-20 3096 1173.786 0 0
2026-06-21 3096 1173.786 0 0
2026-06-22 3095 1173.786 0 0
2026-06-23 3088 1173.786 0 0
2026-06-24 3093 1169.447 0 0
2026-06-25 3085 1168.683 0 0
2026-06-26 3068 1169.78 0 0
2026-06-27 3074 1173.024 0 0
2026-06-28 3087 1173.024 0 0
2026-06-29 3086 1173.024 0 0
2026-06-30 3092 1173.024 0 0
2026-07-01 3101 1171.272 0 0
2026-07-02 3109 1169.741 0 0
2026-07-03 3126 1162.724 0 0
2026-07-04 3136 1160.743 0 0
2026-07-05 3136 1160.743 0 0
2026-07-06 3139 1160.743 0 0
2026-07-07 3133 1160.743 0 0
2026-07-08 3119 1160.682 0 0
2026-07-09 3096 1165.938 0 0
2026-07-10 3121 1158.664 0 0
2026-07-11 3118 1160.804 0 0
2026-07-12 3121 1161.549 0 0
2026-07-13 3114 1161.549 0 0
2026-07-14 3107 1161.549 0 0
2026-07-15 3116 1157.974 0 0
2026-07-16 3138 1150.97 0 0
2026-07-17 3119 1150.237 0 0
2026-07-18 3115 1149.148 0 0
2026-07-19 3114 1149.999 0 0
2026-07-20 3116 1149.999 0 0
2026-07-21 3114 1149.999 0 0
2026-07-22 3118 1147.994 0 0
2026-07-23 3121 1150.567 0 0
2026-07-24 3113 1146.545 0 0
2026-07-25 3106 1146.56 0 0
2026-07-26 3107 1146.62 0 0
2026-07-27 3110 1146.62 0 0
2026-07-28 3116 1146.62 0 0
2026-07-29 3108 1154.555 0 0
2026-07-30 3108 1155.113 0 0
2026-07-31 3110 1157.618 0 0
2026-08-01 3114 1157.271 0 0
2026-08-02 3114 1160.47 0 0
2026-08-03 3114 1160.47 0 0
2026-08-04 3127 1160.47 0 0
2026-08-05 3126 1161.39 0 0
2026-08-06 3137 1160.819 0 0
2026-08-07 3127 1163.962 0 0
2026-08-08 3138 1162.785 0 0
2026-08-09 3138 1162.968 0 0
2026-08-10 3141 1162.968 0 0
2026-08-11 3141 1162.968 0 0
2026-08-12 3143 1162.968 0 0
2026-08-13 3144 1160.121 0 0
2026-08-14 3139 1161.459 0 0
>>>>>>> 2b550085baac25c543016ca743053a87bf115d5d
2026-08-15 3140 1160.074 0 0
2026-08-16 3153 1160.257 0 0
2026-08-17 3153 1160.257 0 0
2026-08-18 3155 1160.257 0 0
2026-08-19 3160 1158.088 0 0
2026-08-20 3152 1157.24 0 0
2026-08-21 3159 1156.289 0 0
2026-08-22 3160 1156.855 0 0
2026-08-24 3160 1156.862 0 0
2026-08-25 3152 1156.862 0 0
2026-08-26 3159 1156.454 0 0
