2026-09-12 2121 1963.357 0 0
2026-09-13 2118 1962.362 0 0
2026-09-14 2127 1957.356 0 0
2026-09-15 2066 2007.42 0 0
2026-09-16 2008 2071.743 0 0
2026-09-17 2047 2023.376 0 0
2026-09-18 2018 2066.63 0 0
2026-09-19 2020 2055.769 0 0
2026-09-20 2016 2059.237 0 0
2026-09-21 2046 2026.736 0 0
2026-09-22 2044 2036.617 0 0
2026-09-23 2115 1981.395 0 0
2026-09-24 2174 1913.837 0 0
2026-09-25 2178 1906.592 0 0
2026-09-26 2181 1904.803 0 0
2026-09-27 2183 1904.803 0 0
2026-09-28 2374 1735.219 0 0
2026-09-29 2332 1767.645 0 0
2026-09-30 2372 1727.064 0 0
2026-10-01 2388 1717.108 0 0
2026-10-02 2383 1716.621 0 0
2026-10-03 2381 1716.621 0 0
2026-10-04 2383 1716.621 0 0
2026-10-05 2382 1716.621 0 0
2026-10-06 2392 1716.621 0 0
2026-10-07 2396 1716.621 0 0
2026-10-08 2419 1699.088 0 0
2026-10-09 2647 1499.507 0 0
2026-10-10 2569 1559.728 0 0
