2026-02-25 2991 1148.334 0 0
2026-02-26 2996 1148.313 -0.021 -0.002
2026-02-27 2989 1152.784 4.471 0.389
2026-02-28 2991 1152.784 0 0
2026-03-01 2984 1152.784 0 0
2026-03-02 2828 1267.873 115.089 9.984
2026-03-03 2909 1192.781 -75.092 -5.923
2026-03-04 3049 1068.95 -123.831 -10.382
2026-03-05 2996 1120.991 52.041 4.868
2026-03-06 3023 1097.156 -23.835 -2.126
2026-03-07 3022 1098.005 0.849 0.077
2026-03-08 3021 1098.005 0 0
2026-03-09  988.39 -109.615 -9.983
2026-03-12 3334 1021.767 33.377 3.377
2026-03-13 3262 1065.69 43.923 4.299
2026-03-14 3262 1062.341 -3.349 -0.314
2026-03-15 3262 1062.341 0 0
2026-03-16 3156 1135.987 73.646 6.932
2026-03-17 3147 1138.822 2.835 0.25
2026-03-18 3096 1177.395 38.573 3.387
2026-03-19 3153 1130.188 -47.207 -4.009
2026-03-20 3244 1060.848 -69.34 -6.135
2026-03-21 3244 1059.242 -1.606 -0.151
2026-03-22 3243 1059.242 0 0
2026-03-23  954.421 -104.821 -9.896
2026-03-28 3307 1013.801 59.38 6.222
2026-03-29 3307 1013.801 0 0
2026-03-30 3322 1004.567 -9.234 -0.911
2026-04-09 3203 1104.043 99.476 9.902
2026-04-10 3273 1070.34 -33.703 -3.053
2026-04-11 3274 1070.711 0.371 0.035
2026-04-12 3274 1070.711 0 0
2026-04-13 3092 1176.483 105.772 9.879
2026-04-14 2952 1261.737 85.254 7.247
2026-04-15 2940 1286.259 24.522 1.944
2026-04-16 2912 1301.488 15.229 1.184
2026-04-17 2796 1386.153 84.665 6.505
2026-04-18 2802 1383.783 -2.37 -0.171
2026-04-19 2802 1383.783 0 0
2026-04-20 2890 1322.24 -61.543 -4.447
2026-04-21 2793 1387.826 65.586 4.96
2026-04-22 2882 1327.179 -60.647 -4.37
2026-04-23 3004 1237.292 -89.887 -6.773
2026-04-24 3041 1213.458 -23.834 -1.926
2026-04-25 3032 1216.215 2.757 0.227
2026-04-26 3032 1216.215 0 0
2026-04-27 3057 1201.246 -14.969 -1.231
2026-04-28 2859 1323.878 122.632 10.209
2026-04-29 2991 1237.135 -86.743 -6.552
2026-04-30 2975 1249.646 12.511 1.011
2026-05-01 2984 1245.209 -4.437 -0.355
2026-05-02 2986 1245.209 0 0
2026-05-04 2838 1353.003 107.794 8.657
2026-05-05 2883 1326.155 -26.848 -1.984
2026-05-06 2881 1326.155 0 0
2026-05-07 2891 1325.054 -1.101 -0.083
2026-05-08 2948 1292.782 -32.272 -2.436
2026-05-09 2947 1292.699 -0.083 -0.006
2026-05-10 2947 1292.699 0 0
<<<<<<< HEAD
2026-05-11 2917 1311.461 18.762 1.451
2026-05-12 2870 1333.997 22.536 1.718
2026-05-13 2970 1269.624 -64.373 -4.826
2026-05-14 2997 1249.344 -20.28 -1.597
2026-05-15 3043 1214.536 -34.808 -2.786
2026-05-16 3040 1213.765 -0.771 -0.063
2026-05-17 3040 1213.765 0 0
2026-05-18 3048 1210.031 -3.734 -0.308
2026-05-19 3032 1218.228 8.197 0.677
2026-05-20 3088 1188.382 -29.846 -2.45
2026-05-21 3083 1188.063 -0.319 -0.027
2026-05-22 2898 1310.774 122.711 10.329
2026-05-23 2885 1318.099 7.325 0.559
2026-05-24 2885 1318.099 0 0
2026-05-26 2839 1349.883 31.784 2.411
2026-05-27 2817 1363.764 13.881 1.028
2026-05-28 2877 1320.842 -42.922 -3.147
2026-05-29 2833 1347.804 26.962 2.041
2026-05-31 2828 1351.591 3.787 0.281
2026-06-01 2753 1406.105 54.514 4.033
2026-06-02 2842 1332.906 -73.199 -5.206
2026-06-03 2825 1343.001 10.095 0.757
2026-06-04 2908 1291.342 -51.659 -3.847
2026-06-05 2941 1265.165 -26.177 -2.027
2026-06-06 2942 1262.937 -2.228 -0.176
2026-06-07 2942 1262.937 0 0
2026-06-08 3095 1158.315 -104.622 -8.284
2026-06-09 3068 1173.665 15.35 1.325
2026-06-10 3157 1118.896 -54.769 -4.666
2026-06-11 3178 1102.103 -16.793 -1.501
2026-06-12 3037 1192.008 89.905 8.158
2026-06-13 3047 1193.761 1.753 0.147
2026-06-15 2958 1255.218 61.457 5.148
2026-06-16 2940 1273.157 17.939 1.429
2026-06-17 2906 1292.606 19.449 1.528
2026-06-18 2844 1330.016 37.41 2.894
2026-06-19 2842 1330.859 0.843 0.063
2026-06-20 2842 1330.859 0 0
2026-06-21 2842 1330.859 0 0
2026-06-23 2875 1301.921 -28.938 -2.174
2026-06-24 2899 1288.748 -13.173 -1.012
2026-06-25 2894 1289.075 0.327 0.025
2026-06-26 2989 1220.097 -68.978 -5.351
2026-06-27 2993 1217.669 -2.428 -0.199
2026-06-28 2993 1217.669 0 0
2026-06-29 2945 1254.568 36.899 3.03
2026-06-30 2783 1380.934 126.366 10.072
2026-07-01 2868 1314.274 -66.66 -4.827
2026-07-02 2888 1300.457 -13.817 -1.051
2026-07-03 2957 1268.334 -32.123 -2.47
2026-07-04 2957 1268.334 0 0
2026-07-05 2957 1268.334 0 0
2026-07-06 2976 1251.743 -16.591 -1.308
2026-07-07 3080 1186.746 -64.997 -5.193
2026-07-08 3015 1208.394 21.648 1.824
2026-07-09 3060 1192.105 -16.289 -1.348
2026-07-10 3072 1188.496 -3.609 -0.303
2026-07-11 3075 1188.496 0 0
2026-07-12 3075 1188.496 0 0
2026-07-13 3082 1173.868 -14.628 -1.231
2026-07-14 3141 1140.278 -33.59 -2.861
2026-07-15 3129 1156.176 15.898 1.394
2026-07-16 3165 1128.787 -27.389 -2.369
2026-07-17 3301 1032.549 -96.238 -8.526
2026-07-18 3306 1029.726 -2.823 -0.273
2026-07-19 3305 1029.726 0 0
2026-07-20  969.689 -60.037 -5.83
2026-07-23  988.263 18.574 1.915
2026-08-12 3320 1050.531 62.268 6.301
2026-08-13 3327 1039.745 -10.786 -1.027
=======
2026-05-11 2923 1309.585 0 0
2026-05-12 2878 1337.728 0 0
2026-05-13 2955 1285.215 0 0
2026-05-14 2973 1260.289 0 0
2026-05-15 3022 1232.537 0 0
2026-05-16 3043 1214.536 0 0
2026-05-17 3040 1213.765 0 0
2026-05-18 3080 1193.225 0 0
2026-05-19 2983 1247.377 0 0
2026-05-20 3084 1190.244 0 0
2026-05-21 3011 1229.297 0 0
2026-05-22 2946 1284.745 0 0
2026-05-23 2898 1310.774 0 0
2026-05-24 2885 1318.099 0 0
2026-05-25 2785 1391.015 0 0
2026-05-26 2771 1398.494 0 0
2026-05-27 2798 1377.927 0 0
2026-05-28 2870 1318.804 0 0
2026-05-29 2849 1332.099 0 0
2026-05-30 2833 1347.804 0 0
2026-05-31 2828 1351.591 0 0
2026-06-01 2749 1413.625 0 0
2026-06-02 2834 1345.951 0 0
2026-06-03 2839 1336.661 0 0
2026-06-04 2897 1299.98 0 0
2026-06-05 2957 1251.983 0 0
2026-06-06 2941 1265.165 0 0
2026-06-07 2942 1262.937 0 0
2026-06-09 3062 1178.866 0 0
2026-06-10 3076 1164.35 0 0
2026-06-11 3188 1096.555 0 0
2026-06-12 3095 1165.292 0 0
2026-06-13 3037 1192.008 0 0
2026-06-14 3047 1193.761 0 0
2026-06-16 2917 1283.153 0 0
2026-06-17 2907 1297.425 0 0
2026-06-18 2830 1344.832 0 0
2026-06-19 2843 1330.016 0 0
2026-06-20 2842 1330.859 0 0
2026-06-21 2842 1330.859 0 0
2026-06-22 2718 1424.187 0 0
2026-06-23 2879 1306.593 0 0
2026-06-24 2895 1287.02 0 0
2026-06-25 2848 1316.643 0 0
2026-06-26 2955 1242.772 0 0
2026-06-27 2989 1220.097 0 0
2026-06-28 2993 1217.669 0 0
2026-06-29 2956 1250.878 0 0
2026-06-30 2840 1330.211 0 0
2026-07-01 2840 1329.241 0 0
2026-07-02 2897 1297.637 0 0
2026-07-03 2940 1272.748 0 0
2026-07-04 2957 1268.334 0 0
2026-07-05 2957 1268.334 0 0
2026-07-06 2967 1257.273 0 0
2026-07-07 3032 1209.342 0 0
2026-07-08 3058 1192.257 0 0
2026-07-09 3025 1204.732 0 0
2026-07-10 3069 1192.105 0 0
2026-07-11 3072 1188.496 0 0
2026-07-12 3075 1188.496 0 0
2026-07-13 3051 1195.809 0 0
2026-07-14 3240 1076.96 0 0
2026-07-15 3124 1153.09 0 0
2026-07-16 3148 1145.199 0 0
2026-07-17 3269 1061.097 0 0
2026-07-18 3301 1032.549 0 0
2026-07-19 3306 1029.726 0 0
2026-07-20 3365 973.327 0 0
2026-07-21 3363 975.147 0 0
2026-07-24 3370 948.223 0 0
2026-08-13 3311 1056.003 0 0
2026-08-14 3325 1047.054 0 0
>>>>>>> 2b550085baac25c543016ca743053a87bf115d5d
