2026-01-28 1991 2000 0 0
2026-01-29 1991 2000 0 0
2026-01-30 1987 2000 0 0
2026-01-31 1988 2000 0 0
2026-02-01 1986 2000 0 0
2026-02-02 1987 2000 0 0
2026-02-03 2010 1961.104 -38.896 -1.945
2026-02-04 2069 1921.324 -39.78 -2.028
2026-02-05 2128 1858.08 -63.244 -3.292
2026-02-06 2159 1832.902 -25.178 -1.355
2026-02-07 2161 1832.74 -0.162 -0.009
2026-02-08 2162 1832.74 0 0
2026-02-09 2177 1826.052 -6.688 -0.365
2026-02-10 2135 1874.893 48.841 2.675
2026-02-11 2146 1865.47 -9.423 -0.503
2026-02-12 2130 1876.215 10.745 0.576
2026-02-13 2113 1894.549 18.334 0.977
2026-02-14 2111 1894.17 -0.379 -0.02
2026-02-15 2110 1894.17 0 0
2026-02-16 2116 1883.665 -10.505 -0.555
2026-02-17 2118 1883.665 0 0
2026-02-18 2121 1884.216 0.551 0.029
2026-02-19 2126 1884.431 0.215 0.011
2026-02-20 2106 1914.097 29.666 1.574
2026-02-21 2117 1913.732 -0.365 -0.019
2026-02-22 2116 1913.732 0 0
2026-02-23 2080 1950.986 37.254 1.947
2026-02-24 2101 1933.03 -17.956 -0.92
2026-02-25 1963 2088.693 155.663 8.053
2026-02-26 1934 2137.071 48.378 2.316
2026-02-27 2004 2037.085 -99.986 -4.679
2026-02-28 2007 2037.365 0.28 0.014
2026-03-01 2009 2037.365 0 0
2026-03-02 2096 1960.053 -77.312 -3.795
2026-03-03 2156 1877.769 -82.284 -4.198
2026-03-04 2099 1929.361 51.592 2.748
2026-03-05 2076 1963.984 34.623 1.795
2026-03-06 2088 1937.923 -26.061 -1.327
2026-03-07 2089 1937.041 -0.882 -0.046
2026-03-08 2089 1937.041 0 0
2026-03-09 1960 2064.939 127.898 6.603
2026-03-10 2014 2075.106 10.167 0.492
2026-03-11 2028 2050.228 -24.878 -1.199
2026-03-12 2064 2006.934 -43.294 -2.112
2026-03-13 2177 1887.161 -119.773 -5.968
2026-03-14 2170 1887.109 -0.052 -0.003
2026-03-15 2170 1887.109 0 0
2026-03-16 2038 2017.784 130.675 6.925
2026-03-17 2129 1937.053 -80.731 -4.001
2026-03-18 2096 1968.519 31.466 1.624
2026-03-19 2135 1927.879 -40.64 -2.064
2026-03-20 2127 1919.035 -8.844 -0.459
2026-03-21 2124 1919.217 0.182 0.009
2026-03-22 2124 1919.217 0 0
2026-03-23 2238 1790.539 -128.678 -6.705
2026-03-24 2139 1901.412 110.873 6.192
2026-03-25 2141 1904.97 3.558 0.187
2026-03-27 2197 1839.165 -65.805 -3.454
2026-03-28 2190 1838.237 -0.928 -0.05
2026-03-29 2190 1838.237 0 0
2026-03-30 2241 1785.81 -52.427 -2.852
2026-03-31 2347 1690.623 -95.187 -5.33
2026-04-01 2305 1739.294 48.671 2.879
2026-04-02 2203 1832.447 93.153 5.356
2026-04-03 2200 1832.365 -0.082 -0.004
2026-04-04 2200 1832.365 0 0
2026-04-05 2200 1832.365 0 0
2026-04-06 2208 1832.365 0 0
2026-04-07 2200 1832.457 0.092 0.005
2026-04-08 2085 1979.169 146.712 8.006
2026-04-09 2133 1935.012 -44.157 -2.231
2026-04-10 2134 1937.988 2.976 0.154
2026-04-11 2137 1938.568 0.58 0.03
2026-04-12 2137 1938.568 0 0
2026-04-13 2190 1886.138 -52.43 -2.705
2026-04-14 2177 1901.077 14.939 0.792
2026-04-15 2175 1919.34 18.263 0.961
2026-04-16 2163 1941.696 22.356 1.165
2026-04-17 2156 1951.568 9.872 0.508
2026-04-18 2166 1950.515 -1.053 -0.054
2026-04-19 2166 1950.515 0 0
2026-04-20 2212 1899.979 -50.536 -2.591
2026-04-21 2179 1928.329 28.35 1.492
2026-04-22 2176 1929.558 1.229 0.064
2026-04-23 2160 1930.719 1.161 0.06
2026-04-24 2170 1919.405 -11.314 -0.586
2026-04-25 2168 1918.966 -0.439 -0.023
2026-04-26 2168 1918.966 0 0
2026-04-27 2082 2001.877 82.911 4.321
2026-04-28 2164 1930.445 -71.432 -3.568
2026-04-29 1949 2143.353 212.908 11.029
2026-04-30 1996 2085.029 -58.324 -2.721
2026-05-01 2001 2085.875 0.846 0.041
2026-05-02 2002 2085.451 -0.424 -0.02
2026-05-04 1960 2143.576 58.125 2.787
2026-05-05 2008 2091.752 -51.824 -2.418
2026-05-06 2014 2088.893 -2.859 -0.137
2026-05-07 1903 2231.276 142.383 6.816
2026-05-08 1969 2157.229 -74.047 -3.319
2026-05-09 1964 2157.803 0.574 0.027
2026-05-10 1964 2157.803 0 0
<<<<<<< HEAD
2026-05-11 2032 2077.696 -80.107 -3.712
2026-05-12 2040 2052.965 -24.731 -1.19
2026-05-13 1987 2111.169 58.204 2.835
2026-05-14 1989 2115.354 4.185 0.198
2026-05-15 1982 2111.093 -4.261 -0.201
2026-05-16 1977 2111.7 0.607 0.029
2026-05-17 1977 2111.7 0 0
2026-05-18 2025 2051.629 -60.071 -2.845
2026-05-19 2065 2015.127 -36.502 -1.779
2026-05-20 2102 1990.777 -24.35 -1.208
2026-05-21 2104 1990.772 -0.005 0
2026-05-22 2157 1943.116 -47.656 -2.394
2026-05-23 2159 1942.596 -0.52 -0.027
2026-05-24 2159 1942.596 0 0
2026-05-26 2239 1874.942 -67.654 -3.483
2026-05-27 2402 1712.708 -162.234 -8.653
2026-05-28 2449 1662.794 -49.914 -2.914
2026-05-29 2507 1596.773 -66.021 -3.97
2026-05-31 2508 1596.331 -0.442 -0.028
2026-06-01 2374 1728.744 132.413 8.295
2026-06-02 2362 1734.444 5.7 0.33
2026-06-03 2414 1681.211 -53.233 -3.069
2026-06-04 2500 1603.011 -78.2 -4.651
2026-06-05 2543 1561.543 -41.468 -2.587
2026-06-06 2541 1561.574 0.031 0.002
2026-06-07 2541 1561.574 0 0
2026-06-08 2460 1609.219 47.645 3.051
2026-06-09 2446 1629.806 20.587 1.279
2026-06-10 2385 1698.3 68.494 4.203
2026-06-11 2251 1823.104 124.804 7.349
2026-06-12 2282 1804.097 -19.007 -1.043
2026-06-13 2284 1804.334 0.237 0.013
2026-06-15 2422 1688.095 -116.239 -6.442
2026-06-16 2406 1705.49 17.395 1.03
2026-06-17 2475 1635.202 -70.288 -4.121
2026-06-18 2536 1585.343 -49.859 -3.049
2026-06-19 2522 1584.852 -0.491 -0.031
2026-06-20 2522 1584.852 0 0
2026-06-21 2522 1584.852 0 0
2026-06-23 2577 1539.528 -45.324 -2.86
2026-06-24 2586 1527.984 -11.544 -0.75
2026-06-25 2649 1479.519 -48.465 -3.172
2026-06-26 2750 1400.402 -79.117 -5.347
2026-06-27 2751 1400.205 -0.197 -0.014
2026-06-28 2751 1400.205 0 0
2026-06-29 2678 1453.521 53.316 3.808
2026-06-30 2628 1496.152 42.631 2.933
2026-07-01 2638 1496.337 0.185 0.012
2026-07-02 2504 1608.316 111.979 7.484
2026-07-03 2374 1736.073 127.757 7.944
2026-07-04 2374 1736.073 0 0
2026-07-05 2374 1736.073 0 0
2026-07-06 2201 1897.904 161.831 9.322
2026-07-07 2308 1794.153 -103.751 -5.467
2026-07-08 2255 1828.487 34.334 1.914
2026-07-09 2341 1753.894 -74.593 -4.079
2026-07-10 2323 1766.889 12.995 0.741
2026-07-11 2324 1766.225 -0.664 -0.038
2026-07-12 2324 1766.225 0 0
2026-07-13 2257 1818.601 52.376 2.965
2026-07-14 2132 1932.431 113.83 6.259
2026-07-15 2045 2019.119 86.688 4.486
2026-07-16 2237 1846.489 -172.63 -8.55
2026-07-17 2256 1812.093 -34.396 -1.863
2026-07-18 2256 1811.869 -0.224 -0.012
2026-07-19 2255 1811.869 0 0
2026-07-20 2187 1873.765 61.896 3.416
2026-07-21 2224 1845.148 -28.617 -1.527
2026-07-22 2223 1842.104 -3.044 -0.165
2026-07-23 2378 1704.292 -137.812 -7.481
2026-07-24 2422 1661.258 -43.034 -2.525
2026-07-25 2422 1661.083 -0.175 -0.011
2026-07-26 2422 1661.083 0 0
2026-07-27 2442 1647.754 -13.329 -0.802
2026-07-28 2235 1833.371 185.617 11.265
2026-07-29 2212 1860.193 26.822 1.463
2026-07-30 2167 1899.848 39.655 2.132
2026-07-31 2229 1851.106 -48.742 -2.566
2026-08-01 2229 1851.639 0.533 0.029
2026-08-02 2229 1851.639 0 0
2026-08-03 2242 1847.83 -3.809 -0.206
2026-08-04 2311 1798.171 -49.659 -2.687
2026-08-05 2287 1826.457 28.286 1.573
2026-08-06 2335 1782.542 -43.915 -2.404
2026-08-07 2355 1768.061 -14.481 -0.812
2026-08-08 2357 1767.885 -0.176 -0.01
2026-08-09 2356 1767.885 0 0
2026-08-10 2296 1822.127 54.242 3.068
2026-08-11 2343 1779.305 -42.822 -2.35
2026-08-12 2306 1811.482 32.177 1.808
2026-08-13 2224 1892.194 80.712 4.456
=======
2026-05-11 1955 2178.784 0 0
2026-05-12 2050 2050.994 0 0
2026-05-13 1999 2101.603 0 0
2026-05-14 1991 2103.539 0 0
2026-05-15 2008 2093.425 0 0
2026-05-16 1982 2111.093 0 0
2026-05-17 1977 2111.7 0 0
2026-05-18 2046 2029.698 0 0
2026-05-19 2062 2016.349 0 0
2026-05-20 2124 1961.738 0 0
2026-05-21 2148 1945.979 0 0
2026-05-22 2170 1926.912 0 0
2026-05-23 2157 1943.116 0 0
2026-05-24 2159 1942.596 0 0
2026-05-25 2158 1942.596 0 0
2026-05-26 2178 1919.727 0 0
2026-05-27 2387 1725.342 0 0
2026-05-28 2450 1658.403 0 0
2026-05-29 2464 1638.967 0 0
2026-05-30 2507 1596.773 0 0
2026-05-31 2508 1596.331 0 0
2026-06-01 2389 1726.839 0 0
2026-06-02 2451 1656.345 0 0
2026-06-03 2363 1737.302 0 0
2026-06-04 2472 1623.098 0 0
2026-06-05 2507 1598.248 0 0
2026-06-06 2543 1561.543 0 0
2026-06-07 2541 1561.574 0 0
2026-06-09 2422 1654.006 0 0
2026-06-10 2385 1691.732 0 0
2026-06-11 2314 1758.316 0 0
2026-06-12 2196 1889.789 0 0
2026-06-13 2282 1804.097 0 0
2026-06-14 2284 1804.334 0 0
2026-06-16 2434 1680.472 0 0
2026-06-17 2451 1652.127 0 0
2026-06-18 2521 1594.221 0 0
2026-06-19 2535 1585.343 0 0
2026-06-20 2522 1584.852 0 0
2026-06-21 2522 1584.852 0 0
2026-06-22 2582 1546.749 0 0
2026-06-23 2594 1535.318 0 0
2026-06-24 2591 1524.292 0 0
2026-06-25 2634 1493.705 0 0
2026-06-26 2701 1423.335 0 0
2026-06-27 2750 1400.402 0 0
2026-06-28 2751 1400.205 0 0
2026-06-29 2657 1468.755 0 0
2026-06-30 2637 1488.748 0 0
2026-07-01 2642 1496.152 0 0
2026-07-02 2516 1594.397 0 0
2026-07-03 2389 1716.825 0 0
2026-07-04 2374 1736.073 0 0
2026-07-05 2374 1736.073 0 0
2026-07-06 2255 1844.595 0 0
2026-07-07 2253 1842.691 0 0
2026-07-08 2229 1863.646 0 0
2026-07-09 2309 1769.464 0 0
2026-07-10 2267 1817.7 0 0
2026-07-11 2323 1766.889 0 0
2026-07-12 2324 1766.225 0 0
2026-07-13 2317 1770.986 0 0
2026-07-14 2101 1960.491 0 0
2026-07-15 2099 1968.627 0 0
2026-07-16 2114 1960.062 0 0
2026-07-17 2253 1821.726 0 0
2026-07-18 2256 1812.093 0 0
2026-07-19 2256 1811.869 0 0
2026-07-20 2208 1863.29 0 0
2026-07-21 2215 1848.054 0 0
2026-07-22 2284 1798.49 0 0
2026-07-23 2325 1757.366 0 0
2026-07-24 2411 1673.82 0 0
2026-07-25 2422 1661.258 0 0
2026-07-26 2422 1661.083 0 0
2026-07-27 2441 1643.946 0 0
2026-07-28 2331 1747.72 0 0
2026-07-29 2207 1868.596 0 0
2026-07-30 2178 1891.613 0 0
2026-07-31 2201 1874.145 0 0
2026-08-01 2229 1851.106 0 0
2026-08-02 2229 1851.639 0 0
2026-08-03 2261 1815.459 0 0
2026-08-04 2317 1784.04 0 0
2026-08-05 2359 1754.378 0 0
2026-08-06 2347 1769.344 0 0
2026-08-07 2383 1738.759 0 0
2026-08-08 2355 1768.061 0 0
2026-08-09 2357 1767.885 0 0
2026-08-10 2305 1816.417 0 0
2026-08-11 2308 1808.804 0 0
2026-08-12 2308 1806.901 0 0
2026-08-13 2264 1849.543 0 0
2026-08-14 2250 1872.214 0 0
>>>>>>> 2b550085baac25c543016ca743053a87bf115d5d
2026-08-15 2202 1915.028 0 0
2026-08-16 2209 1914.962 0 0
2026-08-17 2209 1914.962 0 0
2026-08-18 2140 1978.704 0 0
2026-08-19 2200 1924.092 0 0
2026-08-20 2225 1888.23 0 0
2026-08-21 2200 1917.571 0 0
2026-08-22 2155 1960.804 0 0
2026-08-24 2156 1961.506 0 0
2026-08-25 2111 1991.979 0 0
2026-08-26 2190 1924.312 0 0
2026-08-27 2063 2037.118 0 0
2026-08-28 1971 2131.441 0 0
2026-08-29 1976 2131.253 0 0
2026-08-30 1976 2131.117 0 0
