2026-03-10 3118 1167.983 0 0
2026-03-11 3085 1192.691 24.708 2.115
2026-03-12 3155 1146.599 -46.092 -3.865
2026-03-13 3158 1136.029 -10.57 -0.922
2026-03-14 3158 1133.466 -2.563 -0.226
2026-03-15 3157 1133.466 0 0
2026-03-16 3157 1135.601 2.135 0.188
2026-03-17 3196 1108.483 -27.118 -2.388
2026-03-18 3141 1146.01 37.527 3.385
2026-03-19 3199 1101.53 -44.48 -3.881
2026-03-20 3172 1110.828 9.298 0.844
2026-03-21 3182 1103.19 -7.638 -0.688
2026-03-22 3182 1103.19 0 0
2026-03-23 3222 1067.79 -35.4 -3.209
2026-03-24 3199 1089.47 21.68 2.03
2026-03-25 3146 1127.063 37.593 3.451
2026-03-27 3226 1068.192 -58.871 -5.223
2026-03-28 3241 1059.921 -8.271 -0.774
2026-03-29 3241 1059.921 0 0
2026-03-30 3300 1016.981 -42.94 -4.051
2026-03-31 3298 1021.064 4.083 0.401
2026-04-01 3210 1085.837 64.773 6.344
2026-04-02 3272 1046.658 -39.179 -3.608
2026-04-03 3227 1072.301 25.643 2.45
2026-04-04 3227 1072.301 0 0
2026-04-05 3227 1072.301 0 0
2026-04-06 3155 1112.536 40.235 3.752
2026-04-07 3104 1144.319 31.783 2.857
2026-04-08 2924 1264.166 119.847 10.473
2026-04-09 2864 1302.713 38.547 3.049
2026-04-10 2537 1567.43 264.717 20.32
2026-04-11 2535 1568.415 0.985 0.063
2026-04-12 2535 1568.415 0 0
2026-04-13 2483 1603.067 34.652 2.209
2026-04-14 2509 1589.517 -13.55 -0.845
2026-04-15 2597 1526.268 -63.249 -3.979
2026-04-16 2617 1511.296 -14.972 -0.981
2026-04-17 2728 1433.565 -77.731 -5.143
2026-04-18 2713 1446.324 12.759 0.89
2026-04-19 2713 1446.324 0 0
2026-04-20 2716 1445.539 -0.785 -0.054
2026-04-21 2690 1467.14 21.601 1.494
2026-04-22 2760 1409.164 -57.976 -3.952
2026-04-23 2779 1391.931 -17.233 -1.223
2026-04-24 2708 1437.06 45.129 3.242
2026-04-25 2707 1436.069 -0.991 -0.069
2026-04-26 2707 1436.069 0 0
2026-04-27 2539 1575.117 139.048 9.683
2026-04-28 2598 1523.026 -52.091 -3.307
2026-04-29 2606 1518.353 -4.673 -0.307
2026-04-30 2701 1442.979 -75.374 -4.964
2026-05-01 2653 1487.821 44.842 3.108
2026-05-02 2656 1488.248 0.427 0.029
2026-05-04 2653 1488.248 0 0
2026-05-05 2678 1484.269 -3.979 -0.267
2026-05-06 2677 1484.269 0 0
2026-05-07 2535 1589.182 104.913 7.068
2026-05-08 2572 1569.023 -20.159 -1.269
2026-05-09 2576 1565.266 -3.757 -0.239
2026-05-10 2576 1565.266 0 0
2026-05-11 2502 1621.432 56.166 3.588
2026-05-12 2513 1599.803 -21.629 -1.334
2026-05-13 2550 1574.102 -25.701 -1.607
2026-05-14 2518 1591.872 17.77 1.129
2026-05-15 2661 1487.985 -103.887 -6.526
2026-05-16 2660 1483.762 -4.223 -0.284
2026-05-17 2660 1483.762 0 0
2026-05-18 2684 1457.59 -26.172 -1.764
2026-05-19 2722 1426.045 -31.545 -2.164
2026-05-20 2796 1381.23 -44.815 -3.143
2026-05-21 2795 1383.23 2 0.145
2026-05-22 2586 1539.246 156.016 11.279
2026-05-23 2591 1536.538 -2.708 -0.176
2026-05-24 2591 1536.538 0 0
2026-05-26 2595 1538.874 2.336 0.152
2026-05-27 2612 1526.736 -12.138 -0.789
2026-05-28 2596 1535.5 8.764 0.574
2026-05-29 2568 1553.374 17.874 1.164
2026-05-31 2568 1553.716 0.342 0.022
2026-06-01 2619 1520.636 -33.08 -2.129
2026-06-02 2624 1510.406 -10.23 -0.673
2026-06-03 2443 1656.722 146.316 9.687
2026-06-04 2357 1736.562 79.84 4.819
2026-06-05 2432 1660.461 -76.101 -4.382
2026-06-06 2435 1657.716 -2.745 -0.165
2026-06-07 2434 1657.716 0 0
2026-06-08 2554 1546.773 -110.943 -6.693
2026-06-09 2571 1536.902 -9.871 -0.638
2026-06-10 2583 1517.876 -19.026 -1.238
2026-06-11 2599 1505.57 -12.306 -0.811
2026-06-12 2452 1631.641 126.071 8.374
2026-06-13 2457 1634.543 2.902 0.178
2026-06-15 2343 1764.847 130.304 7.972
2026-06-16 2381 1729.032 -35.815 -2.029
2026-06-17 2323 1781.791 52.759 3.051
2026-06-18 2213 1889.331 107.54 6.036
2026-06-19 2197 1896.141 6.81 0.36
2026-06-20 2197 1896.141 0 0
2026-06-21 2196 1896.141 0 0
2026-06-23 2298 1781.725 -114.416 -6.034
2026-06-24 2344 1730.377 -51.348 -2.882
2026-06-25 2186 1874.347 143.97 8.32
2026-06-26 2320 1758.652 -115.695 -6.173
2026-06-27 2320 1757.946 -0.706 -0.04
2026-06-28 2320 1757.946 0 0
2026-06-29 2324 1752.2 -5.746 -0.327
2026-06-30 2207 1874.372 122.172 6.972
2026-07-01 2115 1959.052 84.68 4.518
2026-07-02 2277 1815.924 -143.128 -7.306
2026-07-03 2163 1923.2 107.276 5.908
2026-07-04 2163 1923.2 0 0
2026-07-05 2163 1923.2 0 0
2026-07-06 2256 1848.185 -75.015 -3.901
2026-07-07 2398 1705.232 -142.953 -7.735
2026-07-08 2415 1684.72 -20.512 -1.203
2026-07-09 2323 1769.658 84.938 5.042
2026-07-10 2296 1798.709 29.051 1.642
2026-07-11 2278 1804.822 6.113 0.34
2026-07-12 2278 1804.822 0 0
2026-07-13 2262 1815.924 11.102 0.615
2026-07-14 2351 1736.572 -79.352 -4.37
2026-07-15 2161 1916.1 179.528 10.338
2026-07-16 2275 1809.395 -106.705 -5.569
2026-07-17 2376 1701.776 -107.619 -5.948
2026-07-18 2378 1702.142 0.366 0.022
2026-07-19 2377 1702.142 0 0
2026-07-20 2374 1702.142 0 0
2026-07-21 2409 1677.964 -24.178 -1.42
2026-07-22 2350 1731.221 53.257 3.174
2026-07-23 2296 1780.403 49.182 2.841
2026-07-24 2394 1683.337 -97.066 -5.452
2026-07-25 2394 1685.29 1.953 0.116
2026-07-26 2394 1685.29 0 0
2026-07-27 2345 1729.556 44.266 2.627
2026-07-28 2648 1470.948 -258.608 -14.952
2026-07-29 2842 1326.701 -144.247 -9.806
2026-07-30 2857 1309.987 -16.714 -1.26
2026-07-31 2523 1574.174 264.187 20.167
2026-08-01 2522 1575.163 0.989 0.063
2026-08-02 2522 1575.163 0 0
2026-08-03 2542 1569.716 -5.447 -0.346
2026-08-04 2394 1721.71 151.994 9.683
2026-08-05 2325 1791.604 69.894 4.06
2026-08-06 2465 1661.696 -129.908 -7.251
2026-08-07 2568 1571.364 -90.332 -5.436
2026-08-08 2566 1574.3 2.936 0.187
2026-08-09 2566 1574.3 0 0
2026-08-10 2533 1607.642 33.342 2.118
2026-08-11 2523 1607.642 0 0
2026-08-12 2517 1618.199 10.557 0.657
2026-08-13 2453 1677.881 59.682 3.688
2026-08-15 2430 1712.5 34.619 2.063
2026-08-16 2429 1712.5 0 0
2026-08-17 2419 1722.628 10.128 0.591
2026-08-18 2489 1650.309 -72.319 -4.198
2026-08-19 2600 1543.901 -106.408 -6.448
2026-08-20 2599 1546.064 2.163 0.14
2026-08-21 2587 1556.755 10.691 0.691
2026-08-23 2592 1554.356 -2.399 -0.154
2026-08-24 2573 1563.709 9.353 0.602
2026-08-25 2535 1602.701 38.992 2.494
2026-08-26 2536 1607.154 4.453 0.278
2026-08-27 2531 1618.518 11.364 0.707
2026-08-28 2538 1609.609 -8.909 -0.55
2026-08-29 2541 1604.122 -5.487 -0.341
2026-08-30 2541 1604.122 0 0
2026-08-31 2550 1597.534 -6.588 -0.411
2026-09-01 2609 1550.256 0 0
2026-09-02 2649 1509.621 0 0
2026-09-03 2675 1496.655 0 0
