2026-06-02 3086 1187.816 0 0
2026-06-03 3048 1203.391 15.575 1.311
2026-06-04 2951 1267.09 63.699 5.293
2026-06-05 2971 1233.255 -33.835 -2.67
2026-06-06 2975 1231.084 -2.171 -0.176
2026-06-07 2975 1231.084 0 0
2026-06-08 2979 1224.691 -6.393 -0.519
2026-06-09 2947 1253.807 29.116 2.377
2026-06-10 3043 1184.311 -69.496 -5.543
2026-06-11 2921 1266.366 82.055 6.929
2026-06-12 2753 1390.135 123.769 9.774
2026-06-13 2758 1392.18 2.045 0.147
2026-06-15 2705 1439.623 47.443 3.408
2026-06-16 2704 1445.908 6.285 0.437
2026-06-17 2796 1374.483 -71.425 -4.94
2026-06-18 2797 1374.591 0.108 0.008
2026-06-19 2795 1375.463 0.872 0.063
2026-06-20 2795 1375.463 0 0
2026-06-21 2795 1375.463 0 0
2026-06-23 2789 1372.504 -2.959 -0.215
2026-06-24 2775 1377.451 4.947 0.36
2026-06-25 2848 1315.525 -61.926 -4.496
2026-06-26 3050 1185.12 -130.405 -9.913
2026-06-27 3055 1182.762 -2.358 -0.199
2026-06-28 3055 1182.762 0 0
2026-06-29 3114 1158.21 -24.552 -2.076
2026-06-30 3101 1168.8 10.59 0.914
2026-07-01 2918 1283.425 114.625 9.807
2026-07-02 2827 1341.558 58.133 4.53
2026-07-03 2729 1421.561 80.003 5.963
2026-07-04 2729 1421.561 0 0
2026-07-05 2729 1421.561 0 0
2026-07-06 2931 1283.474 -138.087 -9.714
2026-07-07 3133 1154.657 -128.817 -10.037
2026-07-08 3189 1106.226 -48.431 -4.194
2026-07-09 3177 1116.472 10.246 0.926
2026-07-10 3188 1113.092 -3.38 -0.303
2026-07-11 3191 1113.092 0 0
2026-07-12 3191 1113.092 0 0
2026-07-13 3272 1058.864 -54.228 -4.872
2026-07-14 3338 1013.307 -45.557 -4.302
2026-07-15 3302 1042.713 29.406 2.902
2026-07-16  970.418 -72.295 -6.933
2026-08-13  970.663 0.245 0.025
2026-09-03 3302 1066.096 0 0
2026-09-04 3325 1048.724 0 0
