2026-07-10 3109 1166.523 0 0
2026-07-11 3110 1166.523 0 0
2026-07-12 3110 1166.523 0 0
2026-07-13 3184 1109.569 -56.954 -4.882
2026-07-14 3196 1105.159 -4.41 -0.397
2026-07-15  997.349 -107.81 -9.755
2026-07-22 3130 1137.774 140.425 14.08
2026-07-23 3044 1193.312 55.538 4.881
2026-07-24 3211 1079.622 -113.69 -9.527
2026-07-25 3210 1079.622 0 0
2026-07-26 3210 1079.622 0 0
2026-07-27 3319 1022.396 -57.226 -5.301
2026-07-28 3283 1044.774 22.378 2.189
2026-07-29  917.744 -127.03 -12.159
2026-07-31 3250 1077.39 159.646 17.395
2026-08-01 3253 1077.39 0 0
2026-08-02 3253 1077.39 0 0
2026-08-03 3062 1193.149 115.759 10.744
2026-08-04 3001 1232.244 39.095 3.277
2026-08-05 3127 1162.276 -69.968 -5.678
2026-08-06 3158 1145.941 -16.335 -1.405
2026-08-07 3022 1229.957 84.016 7.332
2026-08-08 3025 1229.957 0 0
2026-08-09 3025 1229.957 0 0
2026-08-10 3001 1247.816 17.859 1.452
2026-08-11 2964 1273.68 25.864 2.073
2026-08-12 2749 1422.326 148.646 11.671
2026-08-13 2995 1253.261 -169.065 -11.887
2026-08-15 3108 1187.759 -65.502 -5.227
2026-08-16 3108 1187.759 0 0
2026-08-17 2841 1367.441 179.682 15.128
2026-08-18 3099 1193.367 -174.074 -12.73
2026-08-19 3127 1169.845 -23.522 -1.971
2026-08-20 3182 1138.046 -31.799 -2.718
2026-08-21 3303 1063.342 -74.704 -6.564
2026-08-23 3308 1063.342 0 0
2026-08-24 3386 1005.081 -58.261 -5.479
2026-08-25  996.832 -8.249 -0.821
2026-08-28  970.505 -26.327 -2.641
2026-09-04 3348 1032.36 0 0
