2026-03-10 2335 1746.143 0 0
2026-03-11 2304 1768.812 22.669 1.298
2026-03-12 2361 1716.16 -52.652 -2.977
2026-03-13 2374 1690.705 -25.455 -1.483
2026-03-14 2390 1670.428 -20.277 -1.199
2026-03-15 2390 1670.428 0 0
2026-03-16 2395 1662.324 -8.104 -0.485
2026-03-17 2361 1706.402 44.078 2.652
2026-03-18 2362 1707.04 0.638 0.037
2026-03-19 2357 1704.264 -2.776 -0.163
2026-03-20 2354 1697.572 -6.692 -0.393
2026-03-21 2344 1701.042 3.47 0.204
2026-03-22 2344 1701.042 0 0
2026-03-23 2326 1709.628 8.586 0.505
2026-03-24 2305 1728.681 19.053 1.114
2026-03-25 2303 1736.248 7.567 0.438
2026-03-27 2332 1706.359 -29.889 -1.721
2026-03-28 2326 1708.514 2.155 0.126
2026-03-29 2326 1708.514 0 0
2026-03-30 2351 1689.467 -19.047 -1.115
2026-03-31 2345 1692.161 2.694 0.159
2026-04-01 2274 1764.776 72.615 4.291
2026-04-02 2265 1782.434 17.658 1.001
2026-04-03 2275 1766.424 -16.01 -0.898
2026-04-04 2275 1766.424 0 0
2026-04-05 2275 1766.424 0 0
2026-04-06 2279 1766.424 0 0
2026-04-07 2238 1803.154 36.73 2.079
2026-04-08 2196 1864.121 60.967 3.381
2026-04-09 2175 1892.576 28.455 1.526
2026-04-10 2118 1957.062 64.486 3.407
2026-04-11 2107 1973.184 16.122 0.824
2026-04-12 2107 1973.184 0 0
2026-04-13 1978 2093.572 120.388 6.101
2026-04-14 1957 2131.244 37.672 1.799
2026-04-15 1946 2159.001 27.757 1.302
2026-04-16 1987 2109.444 -49.557 -2.295
2026-04-17 1962 2147.013 37.569 1.781
2026-04-18 1941 2181.412 34.399 1.602
2026-04-19 1941 2181.412 0 0
2026-04-20 1966 2147.555 -33.857 -1.552
2026-04-21 2013 2095.197 -52.358 -2.438
2026-04-22 2019 2076.833 -18.364 -0.876
2026-04-23 2048 2039.318 -37.515 -1.806
2026-04-24 2041 2036.897 -2.421 -0.119
2026-04-25 2042 2035.267 -1.63 -0.08
2026-04-26 2042 2035.267 0 0
2026-04-27 2038 2036.465 1.198 0.059
2026-04-28 2024 2052.343 15.878 0.78
2026-04-29 2033 2040.562 -11.781 -0.574
2026-04-30 2046 2033.434 -7.128 -0.349
2026-05-01 2034 2042.23 8.796 0.433
2026-05-02 2026 2063.845 21.615 1.058
2026-05-04 2014 2074.019 10.174 0.493
2026-05-05 1984 2110.863 36.844 1.776
2026-05-06 2015 2088.121 -22.742 -1.077
2026-05-07 2008 2106.075 17.954 0.86
2026-05-08 1998 2120.255 14.18 0.673
2026-05-09 1992 2125.2 4.945 0.233
2026-05-10 1992 2125.2 0 0
2026-05-11 1983 2135.582 10.382 0.489
2026-05-12 2009 2099.891 -35.691 -1.671
2026-05-13 2042 2051.609 -48.282 -2.299
2026-05-14 2025 2076.967 25.358 1.236
2026-05-15 2037 2050.751 -26.216 -1.262
2026-05-16 2062 2023.505 -27.246 -1.329
2026-05-17 2062 2023.505 0 0
2026-05-18 2055 2024.754 1.249 0.062
2026-05-19 2063 2015.723 -9.031 -0.446
2026-05-20 2077 2005.647 -10.076 -0.5
2026-05-21 2055 2027.512 21.865 1.09
2026-05-22 2117 1979.035 -48.477 -2.391
2026-05-23 2113 1980.713 1.678 0.085
2026-05-24 2113 1980.713 0 0
2026-05-26 2096 2002.606 21.893 1.105
2026-05-27 2062 2027.857 25.251 1.261
2026-05-28 2062 2025.419 -2.438 -0.12
2026-05-29 2021 2071.977 46.558 2.299
2026-05-31 2021 2075.717 3.74 0.181
2026-06-01 2032 2057.588 -18.129 -0.873
2026-06-02 2018 2070.495 12.907 0.627
2026-06-03 2016 2057.007 -13.488 -0.651
2026-06-04 2033 2034.712 -22.295 -1.084
2026-06-05 2020 2047.155 12.443 0.612
2026-06-06 2040 2024.463 -22.692 -1.108
2026-06-07 2040 2024.463 0 0
2026-06-08 2038 2012.951 -11.512 -0.569
2026-06-09 2056 2006.435 -6.516 -0.324
2026-06-10 2051 2001.051 -5.384 -0.268
2026-06-11 2023 2028.535 27.484 1.373
2026-06-12 1997 2069.889 41.354 2.039
2026-06-13 1982 2099.202 29.313 1.416
2026-06-15 1953 2140.143 40.941 1.95
2026-06-16 1922 2181.816 41.673 1.947
2026-06-17 1891 2201.55 19.734 0.904
2026-06-18 1906 2186.266 -15.284 -0.694
2026-06-19 1953 2129.728 -56.538 -2.586
2026-06-20 1954 2129.728 0 0
2026-06-21 1954 2129.728 0 0
2026-06-23 1913 2159.838 30.11 1.414
2026-06-24 1927 2128.412 -31.426 -1.455
2026-06-25 1934 2135.568 7.156 0.336
2026-06-26 1909 2149.952 14.384 0.674
2026-06-27 1904 2156.356 6.404 0.298
2026-06-28 1904 2156.356 0 0
2026-06-29 1927 2147.532 -8.824 -0.409
2026-06-30 1917 2160.641 13.109 0.61
2026-07-01 1926 2155.928 -4.713 -0.218
2026-07-02 1903 2184.428 28.5 1.322
2026-07-03 1890 2211.078 26.65 1.22
2026-07-04 1892 2211.078 0 0
2026-07-05 1892 2211.078 0 0
2026-07-06 1885 2212.337 1.259 0.057
2026-07-07 1910 2169.938 -42.399 -1.916
2026-07-08 1913 2156.775 -13.163 -0.607
2026-07-09 1912 2156.807 0.032 0.001
2026-07-10 1918 2162.15 5.343 0.248
2026-07-11 1911 2167.259 5.109 0.236
2026-07-12 1911 2167.259 0 0
2026-07-13 1917 2146.598 -20.661 -0.953
2026-07-14 1909 2158.433 11.835 0.551
2026-07-15 1947 2117.617 -40.816 -1.891
2026-07-16 1935 2139.956 22.339 1.055
2026-07-17 1962 2094.375 -45.581 -2.13
2026-07-18 1960 2095.645 1.27 0.061
2026-07-19 1959 2095.645 0 0
2026-07-20 1942 2106.568 10.923 0.521
2026-07-21 1898 2155.045 48.477 2.301
2026-07-22 1895 2162.523 7.478 0.347
2026-07-23 1909 2145.298 -17.225 -0.797
2026-07-24 1938 2109.785 -35.513 -1.655
2026-07-25 1921 2135.034 25.249 1.197
2026-07-26 1921 2135.034 0 0
2026-07-27 1907 2153.71 18.676 0.875
2026-07-28 1905 2152.206 -1.504 -0.07
2026-07-29 1904 2160.171 7.965 0.37
2026-07-30 1893 2172.375 12.204 0.565
2026-07-31 1890 2194.824 22.449 1.033
2026-08-01 1897 2183.8 -11.024 -0.502
2026-08-02 1897 2183.8 0 0
2026-08-03 1898 2191.315 7.515 0.344
2026-08-04 1894 2207.5 16.185 0.739
2026-08-05 1899 2205.129 -2.371 -0.107
2026-08-06 1913 2185.701 -19.428 -0.881
2026-08-07 1914 2194.6 8.899 0.407
2026-08-08 1901 2210.157 15.557 0.709
2026-08-09 1901 2210.157 0 0
2026-08-10 1917 2192.827 -17.33 -0.784
2026-08-11 1918 2194.956 2.129 0.097
2026-08-12 1929 2188.288 -6.668 -0.304
2026-08-13 1919 2190.662 2.374 0.108
2026-08-15 1904 2203.181 12.519 0.571
2026-08-16 1903 2203.181 0 0
2026-08-17 1911 2202.055 -1.126 -0.051
2026-08-18 1929 2184.483 -17.572 -0.798
2026-08-19 1935 2167.788 -16.695 -0.764
2026-08-20 1915 2191.958 24.17 1.115
2026-08-21 1925 2192.904 0.946 0.043
2026-08-23 1918 2200.861 7.957 0.363
2026-08-24 1882 2238.87 38.009 1.727
2026-08-25 1887 2233.926 -4.944 -0.221
2026-08-26 1887 2240.444 6.518 0.292
2026-08-27 1914 2210.178 -30.266 -1.351
2026-08-28 1913 2204.657 -5.521 -0.25
2026-08-29 1917 2200.266 -4.391 -0.199
2026-08-30 1917 2200.266 0 0
2026-08-31 1932 2176.695 -23.571 -1.071
