2026-05-20 3004 1236.184 0 0
2026-05-21 3009 1235.766 -0.418 -0.034
2026-05-22 3088 1188.25 -47.516 -3.845
2026-05-23 3084 1190.244 1.994 0.168
2026-05-24 3085 1190.244 0 0
2026-05-26 3131 1167.419 -22.825 -1.918
2026-05-27 3071 1196.068 28.649 2.454
2026-05-28 3098 1189.313 -6.755 -0.565
2026-05-29 3084 1196.688 7.375 0.62
2026-05-31 3074 1198.721 2.033 0.17
2026-06-01 3237 1099.926 -98.795 -8.242
2026-06-02 3188 1130.247 30.321 2.757
2026-06-03 3133 1159.031 28.784 2.547
2026-06-04 2985 1235.269 76.238 6.578
2026-06-05 3158 1129.486 -105.783 -8.564
2026-06-06 3157 1130.403 0.917 0.081
2026-06-07 3157 1130.403 0 0
2026-06-08 3266 1054.525 -75.878 -6.712
2026-06-09 3162 1116.491 61.966 5.876
2026-06-10 3182 1102.255 -14.236 -1.275
2026-06-11 3163 1117.969 15.714 1.426
2026-06-12 3170 1118.197 0.228 0.02
2026-06-13 3173 1120.86 2.663 0.238
2026-06-15 3142 1152.037 31.177 2.782
2026-06-16 3092 1176.683 24.646 2.139
2026-06-17 2981 1245.046 68.363 5.81
2026-06-18 2967 1258.449 13.403 1.077
2026-06-19 2958 1257.5 -0.949 -0.075
2026-06-20 2958 1257.5 0 0
2026-06-21 2958 1257.5 0 0
2026-06-23 2892 1294.39 36.89 2.934
2026-06-24 2813 1344.307 49.917 3.856
2026-06-25 2668 1464.642 120.335 8.951
2026-06-26 2652 1470.713 6.071 0.415
2026-06-27 2653 1470.454 -0.259 -0.018
2026-06-28 2653 1470.454 0 0
2026-06-29 2541 1564.483 94.029 6.395
2026-06-30 2593 1524.423 -40.06 -2.561
2026-07-01 2689 1448.249 -76.174 -4.997
2026-07-02 2897 1298.002 -150.247 -10.374
2026-07-03 2835 1340.061 42.059 3.24
2026-07-04 2835 1340.061 0 0
2026-07-05 2835 1340.061 0 0
2026-07-06 2676 1478.209 138.148 10.309
2026-07-07 2808 1360.259 -117.95 -7.979
2026-07-08 2897 1283.538 -76.721 -5.64
2026-07-09 2818 1341.819 58.281 4.541
2026-07-10 2924 1272.859 -68.96 -5.139
2026-07-11 2924 1275.694 2.835 0.223
2026-07-12 2924 1275.694 0 0
2026-07-13 3146 1133.521 -142.173 -11.145
2026-07-14 3096 1168.721 35.2 3.105
2026-07-15 3277 1059.828 -108.893 -9.317
2026-07-16 3359 1007.882 -51.946 -4.901
2026-07-17  861.552 -146.33 -14.519
