2026-03-10 2812 1348.955 0 0
2026-03-11 2812 1356.539 7.584 0.562
2026-03-12 2813 1353.259 -3.28 -0.242
2026-03-13 2804 1351.112 -2.147 -0.159
2026-03-14 2804 1347.185 -3.927 -0.291
2026-03-15 2804 1347.185 0 0
2026-03-16 2802 1347.185 0 0
2026-03-17 2797 1347.586 0.401 0.03
2026-03-18 2799 1347.586 0 0
2026-03-19 2790 1344.531 -3.055 -0.227
2026-03-20 2774 1344.531 0 0
2026-03-21 2797 1328.984 -15.547 -1.156
2026-03-22 2797 1328.984 0 0
2026-03-23 2781 1328.984 0 0
2026-03-24 2792 1325.36 -3.624 -0.273
2026-03-25 2800 1326.913 1.553 0.117
2026-03-27 2783 1326.913 0 0
2026-03-28 2807 1313.844 -13.069 -0.985
2026-03-29 2807 1313.844 0 0
2026-03-30 2810 1313.844 0 0
2026-03-31 2808 1313.186 -0.658 -0.05
2026-04-01 2830 1313.186 0 0
2026-04-02 2819 1313.186 0 0
2026-04-03 2778 1337.744 24.558 1.87
2026-04-04 2778 1337.744 0 0
2026-04-05 2778 1337.744 0 0
2026-04-06 2781 1337.744 0 0
2026-04-07 2780 1338.444 0.7 0.052
2026-04-08 2806 1338.444 0 0
2026-04-09 2798 1345.385 6.941 0.519
2026-04-10 2806 1344.168 -1.217 -0.09
2026-04-11 2809 1343.226 -0.942 -0.07
2026-04-12 2809 1343.226 0 0
2026-04-13 2818 1343.226 0 0
2026-04-14 2843 1333.769 -9.457 -0.704
2026-04-15 2853 1333.769 0 0
2026-04-16 2858 1333.787 0.018 0.001
2026-04-17 2860 1336.398 2.611 0.196
2026-04-18 2855 1340.425 4.027 0.301
2026-04-19 2855 1340.425 0 0
2026-04-20 2860 1340.425 0 0
2026-04-21 2870 1337.672 -2.753 -0.205
2026-04-22 2873 1332.181 -5.491 -0.41
2026-04-23 2867 1327.832 -4.349 -0.326
2026-04-24 2862 1323.529 -4.303 -0.324
2026-04-25 2863 1321.563 -1.966 -0.149
2026-04-26 2863 1321.563 0 0
2026-04-27 2873 1321.563 0 0
2026-04-28 2865 1322.702 1.139 0.086
2026-04-29 2866 1317.353 -5.349 -0.404
2026-04-30 2877 1313.116 -4.237 -0.322
2026-05-01 2885 1312.287 -0.829 -0.063
2026-05-02 2885 1312.287 0 0
2026-05-04 2891 1312.287 0 0
2026-05-05 2907 1309.888 -2.399 -0.183
2026-05-06 2908 1309.888 0 0
2026-05-07 2901 1316.43 6.542 0.499
2026-05-08 2895 1321.511 5.081 0.386
2026-05-09 2900 1318.276 -3.235 -0.245
2026-05-10 2900 1318.276 0 0
<<<<<<< HEAD
2026-05-11 2904 1318.276 0 0
2026-05-12 2919 1306.796 -11.48 -0.871
2026-05-13 2915 1302.339 -4.457 -0.341
2026-05-14 2915 1301.454 -0.885 -0.068
2026-05-15 2904 1300.605 -0.849 -0.065
2026-05-16 2911 1297.945 -2.66 -0.205
2026-05-17 2911 1297.945 0 0
2026-05-18 2913 1297.945 0 0
2026-05-19 2930 1292.64 -5.305 -0.409
2026-05-20 2934 1290.347 -2.293 -0.177
2026-05-21 2944 1286.349 -3.998 -0.31
2026-05-22 2949 1286.349 0 0
2026-05-23 2920 1301.249 14.9 1.158
2026-05-24 2920 1301.249 0 0
2026-05-26 2918 1301.249 0 0
2026-05-27 2915 1301.691 0.442 0.034
2026-05-28 2907 1301.607 -0.084 -0.006
2026-05-29 2900 1301.607 0 0
2026-05-31 2891 1311.095 9.488 0.729
2026-06-01 2887 1311.095 0 0
2026-06-02 2883 1311.111 0.016 0.001
2026-06-03 2879 1307.413 -3.698 -0.282
2026-06-04 2885 1301.301 -6.112 -0.467
2026-06-05 2882 1300.264 -1.037 -0.08
2026-06-06 2867 1311.974 11.71 0.901
2026-06-07 2867 1311.974 0 0
2026-06-08 2844 1311.974 0 0
2026-06-09 2869 1301.369 -10.605 -0.808
2026-06-10 2854 1306.196 4.827 0.371
2026-06-11 2846 1307.345 1.149 0.088
2026-06-12 2877 1300.723 -6.622 -0.507
2026-06-13 2868 1309.578 8.855 0.681
2026-06-15 2880 1309.578 0 0
2026-06-16 2872 1314.987 5.409 0.413
2026-06-17 2864 1317.212 2.225 0.169
2026-06-18 2865 1317.597 0.385 0.029
2026-06-19 2858 1320.372 2.775 0.211
2026-06-20 2858 1320.372 0 0
2026-06-21 2858 1320.372 0 0
2026-06-23 2849 1315.491 -4.881 -0.37
2026-06-24 2854 1314.632 -0.859 -0.065
2026-06-25 2846 1315.865 1.233 0.094
2026-06-26 2845 1319.515 3.65 0.277
2026-06-27 2844 1319.515 0 0
2026-06-28 2844 1319.515 0 0
2026-06-29 2851 1319.515 0 0
2026-06-30 2857 1317.544 -1.971 -0.149
2026-07-01 2861 1315.822 -1.722 -0.131
2026-07-02 2873 1307.928 -7.894 -0.6
2026-07-03 2892 1305.7 -2.228 -0.17
2026-07-04 2892 1305.7 0 0
2026-07-05 2892 1305.7 0 0
2026-07-06 2891 1305.7 0 0
2026-07-07 2883 1305.632 -0.068 -0.005
2026-07-08 2860 1311.543 5.911 0.453
2026-07-09 2874 1303.361 -8.182 -0.624
2026-07-10 2874 1305.769 2.408 0.185
2026-07-11 2876 1306.607 0.838 0.064
2026-07-12 2876 1306.607 0 0
2026-07-13 2872 1306.607 0 0
2026-07-14 2876 1302.585 -4.022 -0.308
2026-07-15 2892 1294.706 -7.879 -0.605
2026-07-16 2900 1293.882 -0.824 -0.064
2026-07-17 2882 1292.657 -1.225 -0.095
2026-07-18 2880 1293.615 0.958 0.074
2026-07-19 2879 1293.615 0 0
2026-07-20 2873 1293.615 0 0
2026-07-21 2885 1291.359 -2.256 -0.174
2026-07-22 2883 1294.253 2.894 0.224
2026-07-23 2883 1289.729 -4.524 -0.35
2026-07-24 2872 1289.746 0.017 0.001
2026-07-25 2873 1289.813 0.067 0.005
2026-07-26 2873 1289.813 0 0
2026-07-27 2899 1289.813 0 0
2026-07-28 2881 1298.739 8.926 0.692
2026-07-29 2885 1299.366 0.627 0.048
2026-07-30 2867 1302.185 2.819 0.217
2026-07-31 2888 1301.794 -0.391 -0.03
2026-08-01 2882 1305.392 3.598 0.276
2026-08-02 2882 1305.392 0 0
2026-08-03 2891 1305.392 0 0
2026-08-04 2901 1306.427 1.035 0.079
2026-08-05 2908 1305.785 -0.642 -0.049
2026-08-06 2903 1309.321 3.536 0.271
2026-08-07 2910 1307.997 -1.324 -0.101
2026-08-08 2912 1308.203 0.206 0.016
2026-08-09 2912 1308.203 0 0
2026-08-10 2920 1308.203 0 0
2026-08-11 2917 1308.203 0 0
2026-08-12 2914 1305 -3.203 -0.245
2026-08-13 2916 1306.505 1.505 0.115
=======
2026-05-11 2907 1318.276 0 0
2026-05-12 2905 1318.276 0 0
2026-05-13 2918 1306.796 0 0
2026-05-14 2910 1302.339 0 0
2026-05-15 2915 1301.454 0 0
2026-05-16 2904 1300.605 0 0
2026-05-17 2911 1297.945 0 0
2026-05-18 2909 1297.945 0 0
2026-05-19 2912 1297.945 0 0
2026-05-20 2926 1292.64 0 0
2026-05-21 2936 1290.347 0 0
2026-05-22 2945 1286.349 0 0
2026-05-23 2949 1286.349 0 0
2026-05-24 2920 1301.249 0 0
2026-05-25 2917 1301.249 0 0
2026-05-26 2917 1301.249 0 0
2026-05-27 2915 1301.249 0 0
2026-05-28 2905 1301.691 0 0
2026-05-29 2906 1301.607 0 0
2026-05-30 2900 1301.607 0 0
2026-05-31 2891 1311.095 0 0
2026-06-01 2896 1311.095 0 0
2026-06-02 2879 1311.095 0 0
2026-06-03 2880 1311.111 0 0
2026-06-04 2873 1307.413 0 0
2026-06-05 2887 1301.301 0 0
2026-06-06 2882 1300.264 0 0
2026-06-07 2867 1311.974 0 0
2026-06-09 2851 1311.974 0 0
2026-06-10 2862 1301.369 0 0
2026-06-11 2840 1306.196 0 0
2026-06-12 2863 1307.345 0 0
2026-06-13 2877 1300.723 0 0
2026-06-14 2868 1309.578 0 0
2026-06-16 2880 1309.578 0 0
2026-06-17 2873 1314.987 0 0
2026-06-18 2862 1317.212 0 0
2026-06-19 2865 1317.597 0 0
2026-06-20 2858 1320.372 0 0
2026-06-21 2858 1320.372 0 0
2026-06-22 2856 1320.372 0 0
2026-06-23 2854 1320.372 0 0
2026-06-24 2847 1315.491 0 0
2026-06-25 2854 1314.632 0 0
2026-06-26 2839 1315.865 0 0
2026-06-27 2845 1319.515 0 0
2026-06-28 2844 1319.515 0 0
2026-06-29 2847 1319.515 0 0
2026-06-30 2852 1319.515 0 0
2026-07-01 2860 1317.544 0 0
2026-07-02 2863 1315.822 0 0
2026-07-03 2878 1307.928 0 0
2026-07-04 2892 1305.7 0 0
2026-07-05 2892 1305.7 0 0
2026-07-06 2890 1305.7 0 0
2026-07-07 2886 1305.7 0 0
2026-07-08 2878 1305.632 0 0
2026-07-09 2855 1311.543 0 0
2026-07-10 2881 1303.361 0 0
2026-07-11 2874 1305.769 0 0
2026-07-12 2876 1306.607 0 0
2026-07-13 2871 1306.607 0 0
2026-07-14 2869 1306.607 0 0
2026-07-15 2880 1302.585 0 0
2026-07-16 2897 1294.706 0 0
2026-07-17 2882 1293.882 0 0
2026-07-18 2882 1292.657 0 0
2026-07-19 2880 1293.615 0 0
2026-07-20 2880 1293.615 0 0
2026-07-21 2874 1293.615 0 0
2026-07-22 2887 1291.359 0 0
2026-07-23 2882 1294.253 0 0
2026-07-24 2876 1289.729 0 0
2026-07-25 2872 1289.746 0 0
2026-07-26 2873 1289.813 0 0
2026-07-27 2877 1289.813 0 0
2026-07-28 2899 1289.813 0 0
2026-07-29 2884 1298.739 0 0
2026-07-30 2884 1299.366 0 0
2026-07-31 2884 1302.185 0 0
2026-08-01 2888 1301.794 0 0
2026-08-02 2882 1305.392 0 0
2026-08-03 2884 1305.392 0 0
2026-08-04 2898 1305.392 0 0
2026-08-05 2907 1306.427 0 0
2026-08-06 2912 1305.785 0 0
2026-08-07 2905 1309.321 0 0
2026-08-08 2910 1307.997 0 0
2026-08-09 2912 1308.203 0 0
2026-08-10 2914 1308.203 0 0
2026-08-11 2917 1308.203 0 0
2026-08-12 2919 1308.203 0 0
2026-08-13 2916 1305.0 0 0
2026-08-14 2915 1306.505 0 0
>>>>>>> 2b550085baac25c543016ca743053a87bf115d5d
2026-08-15 2914 1304.948 0 0
2026-08-16 2918 1305.153 0 0
2026-08-17 2917 1305.153 0 0
2026-08-18 2933 1305.153 0 0
2026-08-19 2926 1302.713 0 0
2026-08-20 2927 1301.759 0 0
2026-08-21 2928 1300.689 0 0
2026-08-22 2928 1301.327 0 0
2026-08-24 2933 1301.335 0 0
2026-08-25 2924 1301.335 0 0
2026-08-26 2936 1300.875 0 0
2026-08-27 2933 1305.358 0 0
2026-08-28 2932 1305.358 0 0
2026-08-29 2936 1303.6 0 0
2026-08-30 2931 1305.769 0 0
2026-08-31 2926 1305.769 0 0
