2025-12-02 2505 1449.799 0 0
2025-12-03 2494 1454.884 5.085 0.351
2025-12-04 2570 1398.806 -56.078 -3.854
2025-12-05 2606 1365.715 -33.091 -2.366
2025-12-06 2604 1365.715 0 0
2025-12-07 2604 1365.715 0 0
2025-12-08 2587 1385.38 19.665 1.44
2025-12-09 2649 1326.725 -58.655 -4.234
2025-12-10 2777 1243.251 -83.474 -6.292
2025-12-11 2805 1219.45 -23.801 -1.914
2025-12-12 2927 1147.844 -71.606 -5.872
2025-12-13 2928 1147.844 0 0
2025-12-14 2928 1147.844 0 0
2025-12-15 2944 1135.028 -12.816 -1.117
2025-12-16 2948 1123.636 -11.392 -1.004
2025-12-17 3006 1081.526 -42.11 -3.748
2025-12-18 2966 1111.634 30.108 2.784
2025-12-19 2868 1190.021 78.387 7.052
2025-12-20 2868 1190.021 0 0
2025-12-21 2872 1190.021 0 0
2025-12-22 2880 1188.733 -1.288 -0.108
2025-12-23 2907 1174.289 -14.444 -1.215
2025-12-24 2889 1190.428 16.139 1.374
2025-12-25 2892 1190.428 0 0
2025-12-26 2942 1154.082 -36.346 -3.053
2025-12-27 2944 1154.082 0 0
2025-12-28 2944 1154.082 0 0
2025-12-29 2941 1153.201 -0.881 -0.076
2025-12-30 2941 1154.693 1.492 0.129
2025-12-31 2946 1147.708 -6.985 -0.605
2026-01-01 2946 1147.708 0 0
2026-01-02 2952 1143.165 -4.543 -0.396
2026-01-03 2953 1143.165 0 0
2026-01-05 2985 1122.958 -20.207 -1.768
2026-01-06 3064 1073.525 -49.433 -4.402
2026-01-07 2991 1128.111 54.586 5.085
2026-01-08 2993 1132.112 4.001 0.355
2026-01-09 2915 1191.988 59.876 5.289
2026-01-10 2912 1191.988 0 0
2026-01-11 2912 1191.988 0 0
2026-01-12 2852 1230.3 38.312 3.214
2026-01-13 2784 1266.307 36.007 2.927
2026-01-14 2833 1235.521 -30.786 -2.431
2026-01-15 2925 1183.172 -52.349 -4.237
2026-01-16 2905 1195.717 12.545 1.06
2026-01-17 2908 1195.717 0 0
2026-01-18 2906 1195.717 0 0
2026-01-19 2904 1195.717 0 0
2026-01-20 2870 1210.974 15.257 1.276
2026-01-21 3020 1115.634 -95.34 -7.873
2026-01-22 3067 1088.104 -27.53 -2.468
2026-01-23 3088 1074.949 -13.155 -1.209
2026-01-24 3088 1074.949 0 0
2026-01-25 3088 1074.949 0 0
2026-01-26 3137 1040.095 -34.854 -3.242
2026-01-27 3126 1050.605 10.51 1.01
2026-01-28 3131 1051.216 0.611 0.058
2026-01-29 3126 1049.927 -1.289 -0.123
2026-01-30 3158 1021.515 -28.412 -2.706
2026-01-31 3158 1021.515 0 0
2026-02-01 3160 1021.515 0 0
2026-02-02  985.44 -36.075 -3.532
2026-02-10 3073 1085.527 100.087 10.157
2026-02-11 3139 1042.672 -42.855 -3.948
2026-02-12  997.782 -44.89 -4.305
2026-02-18 3139 1039.349 41.567 4.166
2026-02-19 3111 1057.996 18.647 1.794
2026-02-20 3166 1013.242 -44.754 -4.23
2026-02-21 3165 1013.242 0 0
2026-02-22 3163 1013.242 0 0
2026-02-23 3169 1013.174 -0.068 -0.007
2026-02-24  991.34 -21.834 -2.155
2026-02-26  948.281 -43.059 -4.344
2026-04-14 2961 1253.694 305.413 32.207
2026-04-15 2887 1313.57 59.876 4.776
2026-04-16 2987 1249.693 -63.877 -4.863
2026-04-17 2972 1261.628 11.935 0.955
2026-04-18 2979 1261.628 0 0
2026-04-19 2979 1261.628 0 0
2026-04-20 2839 1355.476 93.848 7.439
2026-04-21 2755 1415.08 59.604 4.397
2026-04-22 2699 1456.919 41.839 2.957
2026-04-23 2717 1430.134 -26.785 -1.838
2026-04-24 2641 1494.553 64.419 4.504
2026-04-25 2639 1494.553 0 0
2026-04-26 2639 1494.553 0 0
2026-04-27 2772 1395.958 -98.595 -6.597
2026-04-28 2913 1297.092 -98.866 -7.082
2026-04-29 2815 1363.884 66.792 5.149
2026-04-30 2826 1351.95 -11.934 -0.875
2026-05-01 2733 1422.268 70.318 5.201
2026-05-02 2734 1422.268 0 0
2026-05-04 2780 1392.974 -29.294 -2.06
2026-05-05 2677 1484.585 91.611 6.577
2026-05-06 2632 1516.591 32.006 2.156
2026-05-07 2737 1448.781 -67.81 -4.471
2026-05-08 2739 1450.239 1.458 0.101
2026-05-09 2737 1450.239 0 0
2026-05-10 2737 1450.239 0 0
<<<<<<< HEAD
2026-05-11 2528 1597.487 147.248 10.153
2026-05-12 2628 1518.489 -78.998 -4.945
2026-05-13 2724 1456.037 -62.452 -4.113
2026-05-14 2749 1423.353 -32.684 -2.245
2026-05-15 2849 1339.473 -83.88 -5.893
2026-05-16 2845 1339.473 0 0
2026-05-17 2845 1339.473 0 0
2026-05-18 3005 1231.656 -107.817 -8.049
2026-05-19 2883 1317.91 86.254 7.003
2026-05-20 2734 1412.775 94.865 7.198
2026-05-21 2735 1412.775 0 0
2026-05-22 2455 1653.023 240.248 17.005
2026-05-23 2459 1653.023 0 0
2026-05-24 2459 1653.023 0 0
2026-05-26 2445 1674.926 21.903 1.325
2026-05-27 2443 1672.145 -2.781 -0.166
2026-05-28 2430 1679.74 7.595 0.454
2026-05-29 2327 1772.503 92.763 5.522
2026-05-31 2330 1772.503 0 0
2026-06-01 2402 1705.168 -67.335 -3.799
2026-06-02 2382 1724.833 19.665 1.153
2026-06-03 2468 1627.188 -97.645 -5.661
2026-06-04 2455 1646.852 19.664 1.208
2026-06-05 2519 1574.907 -71.945 -4.369
2026-06-06 2520 1574.907 0 0
2026-06-07 2520 1574.907 0 0
2026-06-08 2393 1679.198 104.291 6.622
2026-06-09 2318 1760.908 81.71 4.866
2026-06-10 2297 1783.692 22.784 1.294
2026-06-11 2080 1967.319 183.627 10.295
2026-06-12 2213 1872.725 -94.594 -4.808
2026-06-13 2219 1872.725 0 0
2026-06-15 2171 1931.041 58.316 3.114
2026-06-16 2316 1793.863 -137.178 -7.104
2026-06-17 2240 1862.69 68.827 3.837
2026-06-18 2060 2015.26 152.57 8.191
2026-06-19 2056 2015.26 0 0
2026-06-20 2057 2015.26 0 0
2026-06-21 2057 2015.26 0 0
2026-06-23 2042 2016.447 1.187 0.059
2026-06-24 2076 1996.003 -20.444 -1.014
2026-06-25 2075 1989.493 -6.51 -0.326
2026-06-26 2291 1785.862 -203.631 -10.235
2026-06-27 2292 1785.862 0 0
2026-06-28 2292 1785.862 0 0
2026-06-29 2240 1837.939 52.077 2.916
2026-06-30 2053 2016.074 178.135 9.692
2026-07-01 2151 1928.871 -87.203 -4.325
2026-07-02 2281 1812.375 -116.496 -6.04
2026-07-03 2285 1812.375 0 0
2026-07-04 2285 1812.375 0 0
2026-07-05 2285 1812.375 0 0
2026-07-06 2122 1972.676 160.301 8.845
2026-07-07 2255 1842.821 -129.855 -6.583
2026-07-08 2140 1926.159 83.338 4.522
2026-07-09 2094 1973.354 47.195 2.45
2026-07-10 2150 1920.056 -53.298 -2.701
2026-07-11 2152 1920.056 0 0
2026-07-12 2152 1920.056 0 0
2026-07-13 2303 1778.267 -141.789 -7.385
2026-07-14 2311 1773.52 -4.747 -0.267
2026-07-15 2390 1709.508 -64.012 -3.609
2026-07-16 2518 1582.23 -127.278 -7.445
2026-07-17 2554 1546.359 -35.871 -2.267
2026-07-18 2553 1546.359 0 0
2026-07-19 2552 1546.359 0 0
2026-07-20 2478 1610.032 63.673 4.118
2026-07-21 2391 1690.047 80.015 4.97
2026-07-22 2365 1719.883 29.836 1.765
2026-07-23 2303 1775.69 55.807 3.245
2026-07-24 2460 1617.355 -158.335 -8.917
2026-07-25 2461 1617.355 0 0
2026-07-26 2461 1617.355 0 0
2026-07-27 2499 1583.383 -33.972 -2.1
2026-07-28 2640 1475.837 -107.546 -6.792
2026-07-29 2773 1375.276 -100.561 -6.814
2026-07-30 2568 1535.51 160.234 11.651
2026-07-31 2520 1575.585 40.075 2.61
2026-08-01 2520 1575.585 0 0
2026-08-02 2520 1575.585 0 0
2026-08-03 2461 1652.616 77.031 4.889
2026-08-04 2322 1785.319 132.703 8.03
2026-08-05 2430 1695.201 -90.118 -5.048
2026-08-06 2388 1734.53 39.329 2.32
2026-08-07 2248 1866.487 131.957 7.608
2026-08-08 2249 1866.487 0 0
2026-08-09 2249 1866.487 0 0
2026-08-10 2329 1798.983 -67.504 -3.617
2026-08-11 2259 1851.569 52.586 2.923
2026-08-12 2119 1990.374 138.805 7.497
2026-08-13 2140 1975.66 -14.714 -0.739
=======
2026-05-11 2740 1450.239 0 0
2026-05-12 2526 1597.487 0 0
2026-05-13 2621 1518.489 0 0
2026-05-14 2716 1456.037 0 0
2026-05-15 2745 1423.353 0 0
2026-05-16 2849 1339.473 0 0
2026-05-17 2845 1339.473 0 0
2026-05-18 2842 1339.473 0 0
2026-05-19 3009 1231.656 0 0
2026-05-20 2878 1317.91 0 0
2026-05-21 2739 1412.775 0 0
2026-05-22 2662 1483.364 0 0
2026-05-23 2455 1653.023 0 0
2026-05-24 2459 1653.023 0 0
2026-05-25 2459 1653.023 0 0
2026-05-26 2464 1653.023 0 0
2026-05-27 2443 1674.926 0 0
2026-05-28 2432 1672.145 0 0
2026-05-29 2426 1679.74 0 0
2026-05-30 2327 1772.503 0 0
2026-05-31 2329 1772.503 0 0
2026-06-01 2335 1772.503 0 0
2026-06-02 2398 1705.168 0 0
2026-06-03 2384 1724.833 0 0
2026-06-04 2466 1627.188 0 0
2026-06-05 2457 1646.852 0 0
2026-06-06 2519 1574.907 0 0
2026-06-07 2520 1574.907 0 0
2026-06-09 2398 1679.198 0 0
2026-06-10 2314 1760.908 0 0
2026-06-11 2292 1783.692 0 0
2026-06-12 2094 1967.319 0 0
2026-06-13 2213 1872.725 0 0
2026-06-14 2219 1872.725 0 0
2026-06-16 2168 1931.041 0 0
2026-06-17 2321 1793.863 0 0
2026-06-18 2237 1862.69 0 0
2026-06-19 2058 2015.26 0 0
2026-06-20 2056 2015.26 0 0
2026-06-21 2057 2015.26 0 0
2026-06-22 2051 2015.26 0 0
2026-06-23 1864 2223.367 0 0
2026-06-24 2045 2016.447 0 0
2026-06-25 2072 1996.003 0 0
2026-06-26 2072 1989.493 0 0
2026-06-27 2291 1785.862 0 0
2026-06-28 2292 1785.862 0 0
2026-06-29 2290 1785.862 0 0
2026-06-30 2247 1837.939 0 0
2026-07-01 2058 2016.074 0 0
2026-07-02 2152 1928.871 0 0
2026-07-03 2284 1812.375 0 0
2026-07-04 2285 1812.375 0 0
2026-07-05 2285 1812.375 0 0
2026-07-06 2284 1812.375 0 0
2026-07-07 2112 1972.676 0 0
2026-07-08 2250 1842.821 0 0
2026-07-09 2127 1926.159 0 0
2026-07-10 2100 1973.354 0 0
2026-07-11 2150 1920.056 0 0
2026-07-12 2152 1920.056 0 0
2026-07-13 2151 1920.056 0 0
2026-07-14 2301 1778.267 0 0
2026-07-15 2318 1773.52 0 0
2026-07-16 2390 1709.508 0 0
2026-07-17 2510 1582.23 0 0
2026-07-18 2554 1546.359 0 0
2026-07-19 2553 1546.359 0 0
2026-07-20 2554 1546.359 0 0
2026-07-21 2479 1610.032 0 0
2026-07-22 2394 1690.047 0 0
2026-07-23 2363 1719.883 0 0
2026-07-24 2295 1775.69 0 0
2026-07-25 2460 1617.355 0 0
2026-07-26 2461 1617.355 0 0
2026-07-27 2463 1617.355 0 0
2026-07-28 2495 1583.383 0 0
2026-07-29 2643 1475.837 0 0
2026-07-30 2771 1375.276 0 0
2026-07-31 2578 1535.51 0 0
2026-08-01 2520 1575.585 0 0
2026-08-02 2520 1575.585 0 0
2026-08-03 2523 1575.585 0 0
2026-08-04 2464 1652.616 0 0
2026-08-05 2327 1785.319 0 0
2026-08-06 2425 1695.201 0 0
2026-08-07 2389 1734.53 0 0
2026-08-08 2248 1866.487 0 0
2026-08-09 2249 1866.487 0 0
2026-08-10 2251 1866.487 0 0
2026-08-11 2327 1798.983 0 0
2026-08-12 2260 1851.569 0 0
2026-08-13 2118 1990.374 0 0
2026-08-14 2138 1975.66 0 0
>>>>>>> 2b550085baac25c543016ca743053a87bf115d5d
2026-08-15 2187 1934.364 0 0
2026-08-16 2195 1934.364 0 0
2026-08-17 2193 1934.364 0 0
2026-08-18 2018 2089.783 0 0
2026-08-19 2294 1839.906 0 0
2026-08-20 2357 1764.298 0 0
2026-08-21 2390 1740.768 0 0
2026-08-22 2403 1735.479 0 0
2026-08-24 2409 1735.479 0 0
2026-08-25 2457 1681.503 0 0
2026-08-26 2433 1707.949 0 0
2026-08-27 2446 1707.813 0 0
2026-08-28 2342 1801.051 0 0
