2025-05-03 2969 1004.3 0 0
2025-05-04 2969 1004.3 0 0
2025-05-05 2967 1004.3 0 0
2025-05-06 2966 1004.3 0 0
2025-05-07 2971 1012.568 8.268 0.823
2025-05-08 2967 1017.922 5.354 0.529
2025-05-09 2965 1016.74 -1.182 -0.116
2025-05-10 2977 1007.408 -9.332 -0.918
2025-05-11 2977 1007.408 0 0
2025-05-12 2980 1007.408 0 0
2025-05-13 2979 1015.803 8.395 0.833
2025-05-14 2941 1041.388 25.585 2.519
2025-05-15 2928 1052.525 11.137 1.069
2025-05-16 2947 1039.777 -12.748 -1.211
2025-05-17 2955 1033.368 -6.409 -0.616
2025-05-18 2955 1033.368 0 0
2025-05-19 2956 1033.368 0 0
2025-05-20 2935 1050.741 17.373 1.681
2025-05-21 2926 1054.072 3.331 0.317
2025-05-22 2919 1061.614 7.542 0.716
2025-05-23 2943 1039.834 -21.78 -2.052
2025-05-24 2943 1039.834 0 0
2025-05-25 2929 1048.955 9.121 0.877
2025-05-26 2935 1048.955 0 0
2025-05-27 2932 1048.955 0 0
2025-05-28 2924 1056.756 7.801 0.744
2025-05-29 2946 1043.75 -13.006 -1.231
2025-05-30 2926 1056.649 12.899 1.236
2025-05-31 2938 1048.705 -7.944 -0.752
2025-06-01 2938 1048.705 0 0
2025-06-02 2932 1048.705 0 0
2025-06-03 2931 1051.623 2.918 0.278
2025-06-04 2938 1051.914 0.291 0.028
2025-06-05 2930 1057.156 5.242 0.498
2025-06-06 2928 1061.464 4.308 0.408
2025-06-07 2943 1049.754 -11.71 -1.103
2025-06-08 2943 1049.754 0 0
2025-06-09 2953 1049.754 0 0
2025-06-10 2932 1061.577 11.823 1.126
2025-06-11 2921 1068.788 7.211 0.679
2025-06-12 2917 1072.348 3.56 0.333
2025-06-13 2910 1073.392 1.044 0.097
2025-06-14 2950 1043.397 -29.995 -2.794
2025-06-15 2949 1043.397 0 0
2025-06-16 2951 1043.397 0 0
2025-06-17 2908 1068.109 24.712 2.368
2025-06-18 2910 1068.109 0 0
2025-06-19 2947 1034.543 -33.566 -3.143
2025-06-20 2944 1034.543 0 0
2025-06-21 2973 1017.534 -17.009 -1.644
2025-06-22 2973 1017.534 0 0
2025-06-23 2976 1017.534 0 0
2025-06-24 2984 1017.606 0.072 0.007
2025-06-25 2915 1070.892 53.286 5.236
2025-06-26 2917 1070.892 0 0
2025-06-27 2918 1080.453 9.561 0.893
2025-06-28 2908 1087.678 7.225 0.669
2025-06-29 2907 1087.678 0 0
2025-06-30 2912 1087.678 0 0
2025-07-01 2913 1084.927 -2.751 -0.253
2025-07-02 2888 1104.617 19.69 1.815
2025-07-03 2887 1104.857 0.24 0.022
2025-07-04 2872 1114.368 9.511 0.861
2025-07-05 2872 1114.368 0 0
2025-07-06 2872 1114.368 0 0
2025-07-07 2872 1114.368 0 0
2025-07-08 2858 1122.299 7.931 0.712
2025-07-09 2871 1114.736 -7.563 -0.674
2025-07-10 2861 1127.097 12.361 1.109
2025-07-11 2844 1134.538 7.441 0.66
2025-07-12 2856 1125.587 -8.951 -0.789
2025-07-13 2856 1125.587 0 0
2025-07-14 2858 1125.587 0 0
2025-07-15 2866 1119.781 -5.806 -0.516
2025-07-16 2901 1097.317 -22.464 -2.006
2025-07-17 2939 1080.169 -17.148 -1.563
2025-07-18 2931 1085.68 5.511 0.51
2025-07-19 2887 1110.545 24.865 2.29
2025-07-20 2887 1110.545 0 0
2025-07-21 2892 1110.545 0 0
2025-07-22 2876 1127.435 16.89 1.521
2025-07-23 2873 1135.234 7.799 0.692
2025-07-24 2857 1148.31 13.076 1.152
2025-07-25 2859 1149.73 1.42 0.124
2025-07-26 2860 1146.03 -3.7 -0.322
2025-07-27 2860 1146.03 0 0
2025-07-28 2863 1146.03 0 0
2025-07-29 2880 1132.092 -13.938 -1.216
2025-07-30 2875 1132.092 0 0
2025-07-31 2917 1094.879 -37.213 -3.287
2025-08-01 2959 1061.351 -33.528 -3.062
2025-08-02 2983 1046.234 -15.117 -1.424
2025-08-03 2983 1046.234 0 0
2025-08-04 2995 1046.234 0 0
2025-08-05 2996 1046.234 0 0
2025-08-06 2986 1052.114 5.88 0.562
2025-08-07 2963 1071.117 19.003 1.806
2025-08-08 2924 1106.219 35.102 3.277
2025-08-09 2930 1099.137 -7.082 -0.64
2025-08-10 2930 1099.137 0 0
2025-08-11 2933 1099.137 0 0
2025-08-12 2969 1071.849 -27.288 -2.483
2025-08-13 2941 1096.367 24.518 2.287
2025-08-14 2926 1110.588 14.221 1.297
2025-08-15 2941 1102.192 -8.396 -0.756
2025-08-16 2935 1110.563 8.371 0.759
2025-08-17 2935 1110.563 0 0
2025-08-18 2939 1110.563 0 0
2025-08-19 2945 1104.559 -6.004 -0.541
2025-08-20 2938 1113.371 8.812 0.798
2025-08-21 2952 1101.706 -11.665 -1.048
2025-08-22 2978 1091.139 -10.567 -0.959
2025-08-23 2935 1127.188 36.049 3.304
2025-08-24 2935 1127.188 0 0
2025-08-25 2928 1127.188 0 0
2025-08-26 2949 1118.101 -9.087 -0.806
2025-08-27 2962 1102.288 -15.813 -1.414
2025-08-28 2963 1100.307 -1.981 -0.18
2025-08-29 2955 1110.269 9.962 0.905
2025-08-30 2950 1112.908 2.639 0.238
2025-08-31 2950 1112.908 0 0
2025-09-01 2957 1112.908 0 0
2025-09-02 2950 1112.908 0 0
2025-09-03 2938 1116.825 3.917 0.352
2025-09-04 2924 1117.014 0.189 0.017
2025-09-05 2945 1110.21 -6.804 -0.609
2025-09-06 2935 1124.682 14.472 1.304
2025-09-07 2935 1124.682 0 0
2025-09-08 2937 1124.682 0 0
2025-09-09 2936 1124.262 -0.42 -0.037
2025-09-10 2922 1135.178 10.916 0.971
2025-09-11 2939 1129.477 -5.701 -0.502
2025-09-12 2931 1133.693 4.216 0.373
2025-09-13 2933 1131.187 -2.506 -0.221
2025-09-14 2932 1131.187 0 0
2025-09-15 2938 1131.187 0 0
2025-09-16 2941 1134.274 3.087 0.273
2025-09-17 2938 1140.04 5.766 0.508
2025-09-18 2943 1136.473 -3.567 -0.313
2025-09-19 2958 1118.516 -17.957 -1.58
2025-09-20 2969 1110.496 -8.02 -0.717
2025-09-21 2970 1110.496 0 0
2025-09-22 2972 1110.496 0 0
2025-09-23 2974 1105.225 -5.271 -0.475
2025-09-24 2968 1119.327 14.102 1.276
2025-09-25 2982 1100.763 -18.564 -1.658
2025-09-26 2997 1084.388 -16.375 -1.488
2025-09-27 2961 1110.931 26.543 2.448
2025-09-28 2962 1110.931 0 0
2025-09-29 2960 1110.931 0 0
2025-09-30 2965 1107.985 -2.946 -0.265
2025-10-01 2966 1108.067 0.082 0.007
2025-10-02 2972 1109.782 1.715 0.155
2025-10-03 2975 1105.562 -4.22 -0.38
2025-10-04 2958 1126.607 21.045 1.904
2025-10-05 2958 1126.607 0 0
2025-10-06 2957 1126.607 0 0
2025-10-07 2963 1121.944 -4.663 -0.414
2025-10-08 2974 1109.145 -12.799 -1.141
2025-10-09 2978 1110.682 1.537 0.139
2025-10-10 2990 1093.246 -17.436 -1.57
2025-10-11 3003 1078.648 -14.598 -1.335
2025-10-12 3003 1078.648 0 0
2025-10-13 3002 1078.648 0 0
2025-10-14 2988 1082.978 4.33 0.401
2025-10-15 3002 1077.237 -5.741 -0.53
2025-10-16 2985 1085.917 8.68 0.806
2025-10-17 2976 1086.359 0.442 0.041
2025-10-18 2990 1079.173 -7.186 -0.661
2025-10-19 2991 1079.173 0 0
2025-10-20 2991 1079.173 0 0
2025-10-21 2981 1095.488 16.315 1.512
2025-10-22 2969 1100.433 4.945 0.451
2025-10-23 2943 1121.632 21.199 1.926
2025-10-24 2958 1112.09 -9.542 -0.851
2025-10-25 2934 1130.911 18.821 1.692
2025-10-26 2934 1130.911 0 0
2025-10-27 2940 1130.911 0 0
2025-10-28 2937 1133.632 2.721 0.241
2025-10-29 2943 1130.264 -3.368 -0.297
2025-10-30 2947 1124.362 -5.902 -0.522
2025-10-31 2970 1107.042 -17.32 -1.54
2025-11-01 2997 1086.03 -21.012 -1.898
2025-11-02 2998 1086.03 0 0
2025-11-03 3002 1086.03 0 0
2025-11-04 2984 1090.391 4.361 0.402
2025-11-05 3012 1067.989 -22.402 -2.054
2025-11-06 2995 1081.603 13.614 1.275
2025-11-07 3005 1075.986 -5.617 -0.519
2025-11-08 2987 1089.603 13.617 1.266
2025-11-09 2987 1089.603 0 0
2025-11-10 2990 1089.603 0 0
2025-11-11 2968 1109.327 19.724 1.81
2025-11-12 2949 1123.278 13.951 1.258
2025-11-13 2940 1130.235 6.957 0.619
2025-11-14 2928 1133.14 2.905 0.257
2025-11-15 2955 1114.971 -18.169 -1.603
2025-11-16 2955 1114.971 0 0
2025-11-17 2952 1114.971 0 0
2025-11-18 2945 1107.032 -7.939 -0.712
2025-11-19 2983 1085.975 -21.057 -1.902
2025-11-20 2992 1074.102 -11.873 -1.093
2025-11-21 2987 1073.714 -0.388 -0.036
2025-11-22 2977 1078.248 4.534 0.422
2025-11-23 2977 1078.248 0 0
2025-11-24 2982 1078.248 0 0
2025-11-25 2973 1095.995 17.747 1.646
2025-11-26 2959 1112.342 16.347 1.492
2025-11-27 2949 1123.737 11.395 1.024
2025-11-28 2946 1123.737 0 0
2025-11-29 2949 1119.547 -4.19 -0.373
2025-11-30 2949 1119.547 0 0
2025-12-01 2956 1119.547 0 0
2025-12-02 2954 1119.547 0 0
2025-12-03 2959 1110.493 -9.054 -0.809
2025-12-04 2948 1126.722 16.229 1.461
2025-12-05 2953 1120.548 -6.174 -0.548
2025-12-06 2954 1119.841 -0.707 -0.063
2025-12-07 2955 1119.841 0 0
2025-12-08 2963 1119.841 0 0
2025-12-09 2969 1111.24 -8.601 -0.768
2025-12-10 2970 1113.844 2.604 0.234
2025-12-11 2962 1118.157 4.313 0.387
2025-12-12 2918 1158.437 40.28 3.602
2025-12-13 2915 1161.452 3.015 0.26
2025-12-14 2915 1161.452 0 0
2025-12-15 2905 1161.452 0 0
2025-12-16 2883 1174.002 12.55 1.081
2025-12-17 2872 1181.98 7.978 0.68
2025-12-18 2870 1187.655 5.675 0.48
2025-12-19 2870 1188.138 0.483 0.041
2025-12-20 2844 1209.416 21.278 1.791
2025-12-21 2848 1209.416 0 0
2025-12-22 2853 1209.416 0 0
2025-12-23 2820 1228.682 19.266 1.593
2025-12-24 2820 1230.844 2.162 0.176
2025-12-25 2815 1231.645 0.801 0.065
2025-12-26 2822 1231.645 0 0
2025-12-27 2822 1232.835 1.19 0.097
2025-12-28 2822 1232.835 0 0
2025-12-29 2816 1232.835 0 0
2025-12-30 2845 1217.554 -15.281 -1.24
2025-12-31 2826 1226.486 8.932 0.734
2026-01-01 2831 1221.354 -5.132 -0.418
2026-01-02 2838 1221.354 0 0
2026-01-03 2845 1217.993 -3.361 -0.275
2026-01-05 2855 1217.993 0 0
2026-01-06 2886 1205.93 -12.063 -0.99
2026-01-07 2862 1217.567 11.637 0.965
2026-01-08 2852 1217.644 0.077 0.006
2026-01-09 2863 1220.56 2.916 0.239
2026-01-10 2862 1222.588 2.028 0.166
2026-01-11 2862 1222.588 0 0
2026-01-12 2870 1222.588 0 0
2026-01-13 2859 1221.331 -1.257 -0.103
2026-01-14 2858 1217.216 -4.115 -0.337
2026-01-15 2879 1213.11 -4.106 -0.337
2026-01-16 2885 1204.455 -8.655 -0.713
2026-01-17 2879 1210.857 6.402 0.532
2026-01-18 2878 1210.857 0 0
2026-01-19 2874 1210.857 0 0
2026-01-20 2871 1210.857 0 0
2026-01-21 2874 1213.164 2.307 0.191
2026-01-22 2865 1216.3 3.136 0.258
2026-01-23 2826 1252.238 35.938 2.955
2026-01-24 2836 1247.233 -5.005 -0.4
2026-01-25 2836 1247.233 0 0
2026-01-26 2835 1247.233 0 0
2026-01-27 2815 1263.963 16.73 1.341
2026-01-28 2799 1279.287 15.324 1.212
2026-01-29 2817 1262.579 -16.708 -1.306
2026-01-30 2796 1266.743 4.164 0.33
2026-01-31 2795 1267.285 0.542 0.043
2026-02-01 2794 1267.285 0 0
2026-02-02 2782 1267.285 0 0
2026-02-03 2772 1278.576 11.291 0.891
2026-02-04 2786 1269.297 -9.279 -0.726
2026-02-05 2761 1287.504 18.207 1.434
2026-02-06 2786 1274.91 -12.594 -0.978
2026-02-07 2773 1287.428 12.518 0.982
2026-02-08 2775 1287.428 0 0
2026-02-09 2789 1287.428 0 0
2026-02-10 2759 1306.591 19.163 1.488
2026-02-11 2727 1333.374 26.783 2.05
2026-02-12 2753 1309.378 -23.996 -1.8
2026-02-13 2728 1328.666 19.288 1.473
2026-02-14 2746 1311.62 -17.046 -1.283
2026-02-15 2745 1311.62 0 0
2026-02-16 2750 1311.62 0 0
2026-02-17 2749 1311.62 0 0
2026-02-18 2752 1309.26 -2.36 -0.18
2026-02-19 2748 1308.714 -0.546 -0.042
2026-02-20 2797 1273.307 -35.407 -2.705
2026-02-21 2788 1279.042 5.735 0.45
2026-02-22 2788 1279.042 0 0
2026-02-23 2793 1279.042 0 0
2026-02-24 2800 1277.968 -1.074 -0.084
2026-02-25 2809 1277.531 -0.437 -0.034
2026-02-26 2803 1281.435 3.904 0.306
2026-02-27 2808 1278.053 -3.382 -0.264
2026-02-28 2810 1282.458 4.405 0.345
2026-03-01 2811 1282.458 0 0
2026-03-02 2822 1282.458 0 0
2026-03-03 2809 1261.912 -20.546 -1.602
2026-03-04 2811 1243.029 -18.883 -1.496
2026-03-05 2789 1261.183 18.154 1.46
2026-03-06 2806 1252.827 -8.356 -0.663
2026-03-07 2802 1255.872 3.045 0.243
2026-03-08 2802 1255.872 0 0
2026-03-09 2795 1255.872 0 0
2026-03-10 2965 1257.524 1.652 0.132
2026-03-11 3142 1160.412 -97.112 -7.722
2026-03-12 3154 1148.819 -11.593 -0.999
2026-03-13 3202 1110.239 -38.58 -3.358
2026-03-14 3237 1080.448 -29.791 -2.683
2026-03-15 3237 1080.448 0 0
2026-03-16 3240 1080.448 0 0
2026-03-17 3210 1099.872 19.424 1.798
2026-03-18 3216 1099.872 0 0
2026-03-19 3184 1112.949 13.077 1.189
2026-03-20 3218 1085.206 -27.743 -2.493
2026-03-21 3217 1082.081 -3.125 -0.288
2026-03-22 3217 1082.081 0 0
2026-03-23 3203 1082.081 0 0
2026-03-24 3179 1100.622 18.541 1.713
2026-03-25 3184 1105.553 4.931 0.448
2026-03-27 3172 1105.553 0 0
2026-03-28 3215 1076.89 -28.663 -2.593
2026-03-29 3215 1076.89 0 0
2026-03-30 3207 1076.89 0 0
2026-03-31 3233 1060.975 -15.915 -1.478
2026-04-01 3228 1073.295 12.32 1.161
2026-04-02 3145 1123.603 50.308 4.687
2026-04-03 3145 1118.565 -5.038 -0.448
2026-04-04 3145 1118.565 0 0
2026-04-05 3145 1118.565 0 0
2026-04-06 3146 1118.565 0 0
2026-04-07 3144 1119.37 0.805 0.072
2026-04-08 3176 1119.37 0 0
2026-04-09 3064 1189.782 70.412 6.29
2026-04-10 3086 1177.371 -12.411 -1.043
2026-04-11 3051 1202.706 25.335 2.152
2026-04-12 3051 1202.706 0 0
2026-04-13 3053 1202.706 0 0
2026-04-14 3071 1197.261 -5.445 -0.453
2026-04-15 3004 1237.8 40.539 3.386
2026-04-16 3021 1235.275 -2.525 -0.204
2026-04-17 3048 1220.75 -14.525 -1.176
2026-04-18 2962 1273.525 52.775 4.323
2026-04-19 2962 1273.525 0 0
2026-04-20 2968 1273.525 0 0
2026-04-21 3006 1246.811 -26.714 -2.098
2026-04-22 3039 1224.036 -22.775 -1.827
2026-04-23 3066 1203.782 -20.254 -1.655
2026-04-24 3062 1202.873 -0.909 -0.076
2026-04-25 3056 1205.001 2.128 0.177
2026-04-26 3056 1205.001 0 0
2026-04-27 3052 1205.001 0 0
2026-04-28 3049 1204.326 -0.675 -0.056
2026-04-29 3081 1188.237 -16.089 -1.336
2026-04-30 3103 1171.637 -16.6 -1.397
2026-05-01 3092 1182.68 11.043 0.943
2026-05-02 3055 1203.257 20.577 1.74
2026-05-04 3052 1203.257 0 0
2026-05-05 3096 1181.506 -21.751 -1.808
2026-05-06 3100 1181.506 0 0
2026-05-07 3059 1211.754 30.248 2.56
2026-05-08 3054 1219.379 7.625 0.629
2026-05-09 3042 1222.447 3.068 0.252
2026-05-10 3042 1222.447 0 0
2026-05-11 3045 1222.447 0 0
<<<<<<< HEAD
2026-05-12 3045 1216.521 -5.926 -0.485
2026-05-13 3082 1202.631 -13.89 -1.142
2026-05-14 3081 1201.136 -1.495 -0.124
2026-05-15 3065 1208.757 7.621 0.634
2026-05-16 3101 1174.089 -34.668 -2.868
2026-05-17 3101 1174.089 0 0
2026-05-18 3103 1174.089 0 0
2026-05-19 3087 1185.9 11.811 1.006
2026-05-20 3097 1181.374 -4.526 -0.382
2026-05-21 3039 1218.319 36.945 3.127
2026-05-22 3036 1218.319 0 0
2026-05-23 3069 1201.614 -16.705 -1.371
2026-05-24 3069 1201.614 0 0
2026-05-26 3069 1201.614 0 0
2026-05-27 3039 1214.498 12.884 1.072
2026-05-28 3001 1237.84 23.342 1.922
2026-05-29 2985 1246.468 8.628 0.697
2026-05-31 2982 1248.756 2.288 0.184
2026-06-01 2984 1248.756 0 0
2026-06-02 3040 1214.497 -34.259 -2.743
2026-06-03 2990 1236.934 22.437 1.847
2026-06-04 3002 1226.163 -10.771 -0.871
2026-06-05 2972 1233.055 6.892 0.562
2026-06-06 2995 1220.119 -12.936 -1.049
2026-06-07 2995 1220.119 0 0
2026-06-08 2989 1220.119 0 0
2026-06-09 2978 1224.702 4.583 0.376
2026-06-10 2998 1215.744 -8.958 -0.731
2026-06-11 2999 1213.219 -2.525 -0.208
2026-06-12 3033 1194.306 -18.913 -1.559
2026-06-13 2949 1256.364 62.058 5.196
2026-06-15 2956 1256.364 0 0
2026-06-16 2929 1279.713 23.349 1.858
2026-06-17 2921 1282.319 2.606 0.204
2026-06-18 2932 1281.821 -0.498 -0.039
2026-06-19 2946 1262.715 -19.106 -1.491
2026-06-20 2946 1262.715 0 0
2026-06-21 2946 1262.715 0 0
2026-06-23 2976 1241.839 -20.876 -1.653
2026-06-24 2994 1223.656 -18.183 -1.464
2026-06-25 2984 1231.037 7.381 0.603
2026-06-26 2938 1252.475 21.438 1.741
2026-06-27 2974 1236.309 -16.166 -1.291
2026-06-28 2974 1236.309 0 0
2026-06-29 2977 1236.309 0 0
2026-06-30 2974 1239.225 2.916 0.236
2026-07-01 2971 1248.099 8.874 0.716
2026-07-02 3003 1223.826 -24.273 -1.945
2026-07-03 2990 1244.674 20.848 1.704
2026-07-04 2990 1244.674 0 0
2026-07-05 2990 1244.674 0 0
2026-07-06 2992 1244.674 0 0
2026-07-07 3002 1223.688 -20.986 -1.686
2026-07-08 2983 1232.009 8.321 0.68
2026-07-09 3058 1195.086 -36.923 -2.997
2026-07-10 3025 1210.008 14.922 1.249
2026-07-11 3013 1219.46 9.452 0.781
2026-07-12 3013 1219.46 0 0
2026-07-13 2994 1219.46 0 0
2026-07-14 3035 1203.243 -16.217 -1.33
2026-07-15 3073 1186.662 -16.581 -1.378
2026-07-16 3054 1196.342 9.68 0.816
2026-07-17 3044 1195.389 -0.953 -0.08
2026-07-18 3062 1183.901 -11.488 -0.961
2026-07-19 3061 1183.901 0 0
2026-07-20 3054 1183.901 0 0
2026-07-21 3084 1174.855 -9.046 -0.764
2026-07-22 3087 1168.006 -6.849 -0.583
2026-07-23 3084 1170.05 2.044 0.175
2026-07-24 3111 1142.931 -27.119 -2.318
2026-07-25 3073 1169.089 26.158 2.289
2026-07-26 3073 1169.089 0 0
2026-07-27 3083 1169.089 0 0
2026-07-28 3076 1174.221 5.132 0.439
2026-07-29 3051 1191.751 17.53 1.493
2026-07-30 3044 1190.971 -0.78 -0.065
2026-07-31 3010 1216.32 25.349 2.128
2026-08-01 3029 1208.439 -7.881 -0.648
2026-08-02 3029 1208.439 0 0
2026-08-03 3037 1208.439 0 0
2026-08-04 3054 1204.026 -4.413 -0.365
2026-08-05 3054 1206.548 2.522 0.209
2026-08-06 3009 1230.672 24.124 1.999
2026-08-07 3038 1221.862 -8.81 -0.716
2026-08-08 3051 1219.142 -2.72 -0.223
2026-08-09 3051 1219.142 0 0
2026-08-10 3053 1219.142 0 0
2026-08-11 3051 1219.142 0 0
2026-08-12 3086 1198.77 -20.372 -1.671
2026-08-13 3069 1208.762 9.992 0.834
=======
2026-05-12 3042 1222.447 0 0
2026-05-13 3047 1216.521 0 0
2026-05-14 3078 1202.631 0 0
2026-05-15 3081 1201.136 0 0
2026-05-16 3065 1208.757 0 0
2026-05-17 3101 1174.089 0 0
2026-05-18 3103 1174.089 0 0
2026-05-19 3103 1174.089 0 0
2026-05-20 3087 1185.9 0 0
2026-05-21 3101 1181.374 0 0
2026-05-22 3034 1218.319 0 0
2026-05-23 3036 1218.319 0 0
2026-05-24 3069 1201.614 0 0
2026-05-25 3070 1201.614 0 0
2026-05-26 3067 1201.614 0 0
2026-05-27 3064 1201.614 0 0
2026-05-28 3036 1214.498 0 0
2026-05-29 2998 1237.84 0 0
2026-05-30 2985 1246.468 0 0
2026-05-31 2982 1248.756 0 0
2026-06-01 2988 1248.756 0 0
2026-06-02 2978 1248.756 0 0
2026-06-03 3040 1214.497 0 0
2026-06-04 2989 1236.934 0 0
2026-06-05 2997 1226.163 0 0
2026-06-06 2972 1233.055 0 0
2026-06-07 2995 1220.119 0 0
2026-06-09 2989 1220.119 0 0
2026-06-10 2972 1224.702 0 0
2026-06-11 2996 1215.744 0 0
2026-06-12 3006 1213.219 0 0
2026-06-13 3033 1194.306 0 0
2026-06-14 2949 1256.364 0 0
2026-06-16 2954 1256.364 0 0
2026-06-17 2933 1279.713 0 0
2026-06-18 2925 1282.319 0 0
2026-06-19 2932 1281.821 0 0
2026-06-20 2946 1262.715 0 0
2026-06-21 2946 1262.715 0 0
2026-06-22 2945 1262.715 0 0
2026-06-23 2949 1262.715 0 0
2026-06-24 2973 1241.839 0 0
2026-06-25 2991 1223.656 0 0
2026-06-26 2971 1231.037 0 0
2026-06-27 2938 1252.475 0 0
2026-06-28 2974 1236.309 0 0
2026-06-29 2977 1236.309 0 0
2026-06-30 2974 1236.309 0 0
2026-07-01 2982 1239.225 0 0
2026-07-02 2977 1248.099 0 0
2026-07-03 3011 1223.826 0 0
2026-07-04 2990 1244.674 0 0
2026-07-05 2990 1244.674 0 0
2026-07-06 2993 1244.674 0 0
2026-07-07 2983 1244.674 0 0
2026-07-08 2993 1223.688 0 0
2026-07-09 2975 1232.009 0 0
2026-07-10 3065 1195.086 0 0
2026-07-11 3025 1210.008 0 0
2026-07-12 3013 1219.46 0 0
2026-07-13 3003 1219.46 0 0
2026-07-14 2997 1219.46 0 0
2026-07-15 3038 1203.243 0 0
2026-07-16 3075 1186.662 0 0
2026-07-17 3047 1196.342 0 0
2026-07-18 3044 1195.389 0 0
2026-07-19 3062 1183.901 0 0
2026-07-20 3062 1183.901 0 0
2026-07-21 3057 1183.901 0 0
2026-07-22 3083 1174.855 0 0
2026-07-23 3086 1168.006 0 0
2026-07-24 3079 1170.05 0 0
2026-07-25 3111 1142.931 0 0
2026-07-26 3073 1169.089 0 0
2026-07-27 3076 1169.089 0 0
2026-07-28 3080 1169.089 0 0
2026-07-29 3080 1174.221 0 0
2026-07-30 3049 1191.751 0 0
2026-07-31 3055 1190.971 0 0
2026-08-01 3010 1216.32 0 0
2026-08-02 3029 1208.439 0 0
2026-08-03 3035 1208.439 0 0
2026-08-04 3039 1208.439 0 0
2026-08-05 3059 1204.026 0 0
2026-08-06 3058 1206.548 0 0
2026-08-07 3013 1230.672 0 0
2026-08-08 3038 1221.862 0 0
2026-08-09 3051 1219.142 0 0
2026-08-10 3052 1219.142 0 0
2026-08-11 3049 1219.142 0 0
2026-08-12 3054 1219.142 0 0
2026-08-13 3087 1198.77 0 0
2026-08-14 3069 1208.762 0 0
>>>>>>> 2b550085baac25c543016ca743053a87bf115d5d
2026-08-15 3068 1209.816 0 0
2026-08-16 3053 1216.242 0 0
2026-08-17 3053 1216.242 0 0
