2026-05-13 1141 3782.567 0 0
2026-05-14 1099 3947.617 165.05 4.363
2026-05-15 1148 3739.822 -207.795 -5.264
2026-05-16 1147 3729.654 -10.168 -0.272
2026-05-17 1147 3729.654 0 0
2026-05-18 1065 4034.54 304.886 8.175
2026-05-19 1119 3821.128 -213.412 -5.29
2026-05-20 1110 3856.904 35.776 0.936
2026-05-21 1114 3855.601 -1.303 -0.034
2026-05-22 1125 3802.132 -53.469 -1.387
2026-05-23 1126 3808.511 6.379 0.168
2026-05-24 1126 3808.511 0 0
2026-05-26 1151 3752.86 -55.651 -1.461
2026-05-27 1115 3871.087 118.227 3.15
2026-05-28 1085 3956.129 85.042 2.197
2026-05-29 1074 4003.274 47.145 1.192
2026-05-31 1073 4010.076 6.802 0.17
2026-06-01 1148 3733.589 -276.487 -6.895
2026-06-02 1144 3715.68 -17.909 -0.48
2026-06-03 1116 3848.465 132.785 3.574
2026-06-04 1014 4179.715 331.25 8.607
2026-06-05 1117 3803.364 -376.351 -9.004
2026-06-06 1118 3806.454 3.09 0.081
2026-06-07 1118 3806.454 0 0
2026-06-08 1196 3528.455 -277.999 -7.303
2026-06-09 1134 3726.579 198.124 5.615
2026-06-10 1086 3880.931 154.352 4.142
2026-06-11 1066 3966.428 85.497 2.203
2026-06-12 1056 4011.352 44.924 1.133
2026-06-13 1058 4020.904 9.552 0.238
2026-06-15 1021 4167.472 146.568 3.645
2026-06-16 1021 4179.151 11.679 0.28
2026-06-17 938 4544.423 365.272 8.74
2026-06-18 895 4745.401 200.978 4.423
2026-06-19 894 4741.822 -3.579 -0.075
2026-06-20 894 4741.822 0 0
2026-06-21 894 4741.822 0 0
2026-06-23 890 4772.256 30.434 0.642
2026-06-24 819 5104.228 331.972 6.956
2026-06-25 698 5869.205 764.977 14.987
2026-06-26 660 6128.913 259.708 4.425
2026-06-27 661 6127.832 -1.081 -0.018
2026-06-28 661 6127.832 0 0
2026-06-29 658 6201.027 73.195 1.194
2026-06-30 680 6056.676 -144.351 -2.328
2026-07-01 737 5673.209 -383.467 -6.331
2026-07-02 826 5121.134 -552.075 -9.731
2026-07-03 802 5238.713 117.579 2.296
2026-07-04 802 5238.713 0 0
2026-07-05 802 5238.713 0 0
2026-07-06 746 5568.947 330.234 6.304
2026-07-07 808 5198.247 -370.7 -6.657
2026-07-08 875 4841.658 -356.589 -6.86
2026-07-09 819 5117.75 276.092 5.702
2026-07-10 895 4748.018 -369.732 -7.225
2026-07-11 893 4758.595 10.577 0.223
2026-07-12 893 4758.595 0 0
2026-07-13 1023 4153.739 -604.856 -12.711
2026-07-14 961 4384.806 231.067 5.563
2026-07-15 1149 3721.115 -663.691 -15.136
2026-07-16 1165 3673.523 -47.592 -1.279
2026-07-17 1362 3089.473 -584.05 -15.899
2026-07-18 1361 3085.279 -4.194 -0.136
2026-07-19 1361 3085.279 0 0
2026-07-20 1401 2975.909 -109.37 -3.545
2026-07-21 1288 3314.065 338.156 11.363
2026-07-22 1375 3033.442 -280.623 -8.468
2026-07-23 1365 3056.388 22.946 0.756
2026-07-24 1433 2884.613 -171.775 -5.62
2026-07-25 1432 2883.08 -1.533 -0.053
2026-07-26 1432 2883.08 0 0
2026-07-27 1415 2941.74 58.66 2.035
2026-07-28 1607 2557.606 -384.134 -13.058
2026-07-29 1594 2583.148 25.542 0.999
2026-07-30 1536 2682.105 98.957 3.831
2026-07-31 1508 2761.944 79.839 2.977
2026-08-01 1507 2765.628 3.684 0.133
2026-08-02 1507 2765.628 0 0
2026-08-03 1653 2527.707 -237.921 -8.603
2026-08-04 1575 2658.061 130.354 5.157
2026-08-05 1481 2851.083 193.022 7.262
2026-08-06 1486 2850.95 -0.133 -0.005
2026-08-07 1418 2998.408 147.458 5.172
2026-08-08 1419 2999.119 0.711 0.024
2026-08-09 1419 2999.119 0 0
2026-08-10 1437 2963.42 -35.699 -1.19
2026-08-11 1431 2964.164 0.744 0.025
2026-08-12 1419 3000.63 36.466 1.23
2026-08-13 1476 2878.483 -122.147 -4.071
2026-08-15 1432 2966.541 88.058 3.059
2026-08-16 1431 2966.541 0 0
2026-08-17 1360 3149.936 183.395 6.182
2026-08-18 1377 3107.063 -42.873 -1.361
2026-08-19 1486 2838.483 -268.58 -8.644
2026-08-20 1476 2877.423 38.94 1.372
2026-08-21 1449 2936.704 59.281 2.06
2026-08-23 1448 2938.189 1.485 0.051
2026-08-24 1520 2771.76 -166.429 -5.664
2026-08-25 1513 2798.228 26.468 0.955
2026-08-26 1546 2742.978 -55.25 -1.974
2026-08-27 1451 2931.716 188.738 6.881
2026-08-28 1492 2838.528 -93.188 -3.179
2026-08-29 1493 2838.316 -0.212 -0.007
2026-08-30 1493 2838.316 0 0
2026-08-31 1470 2895.828 57.512 2.026
2026-09-01 1506 2815.162 0 0
2026-09-02 1537 2742.668 0 0
2026-09-03 1539 2735.794 0 0
2026-09-04 1568 2682.86 0 0
