<<<<<<< HEAD
2026-05-19 3165 1139.639 0 0
2026-05-20 2950 1281.056 141.417 12.409
2026-05-21 2953 1280.623 -0.433 -0.034
2026-05-22 2730 1426.98 146.357 11.429
2026-05-23 2729 1429.374 2.394 0.168
2026-05-24 2729 1429.374 0 0
2026-05-26 2709 1449.149 19.775 1.383
2026-05-27 2710 1440.937 -8.212 -0.567
2026-05-28 2621 1519.875 78.938 5.478
2026-05-29 2753 1403.844 -116.031 -7.634
2026-05-31 2753 1406.229 2.385 0.17
2026-06-01 2854 1331.681 -74.548 -5.301
2026-06-02 2610 1521.498 189.817 14.254
2026-06-03 2461 1640.019 118.521 7.79
2026-06-04 2369 1732.201 92.182 5.621
2026-06-05 2334 1751.731 19.53 1.127
2026-06-06 2326 1753.154 1.423 0.081
2026-06-07 2326 1753.154 0 0
2026-06-08 2197 1875.752 122.598 6.993
2026-06-09 2203 1875.33 -0.422 -0.022
2026-06-10 2304 1772.109 -103.221 -5.504
2026-06-11 2284 1797.936 25.827 1.457
2026-06-12 2395 1697.556 -100.38 -5.583
2026-06-13 2392 1701.598 4.042 0.238
2026-06-15 2319 1789.011 87.413 5.137
2026-06-16 2331 1778.002 -11.009 -0.615
2026-06-17 2211 1896.669 118.667 6.674
2026-06-18 2155 1943.522 46.853 2.47
2026-06-19 2141 1942.056 -1.466 -0.075
2026-06-20 2141 1942.056 0 0
2026-06-21 2141 1942.056 0 0
2026-06-23 2144 1927.369 -14.687 -0.756
2026-06-24 1955 2108.696 181.327 9.408
2026-06-25 1880 2195.903 87.207 4.136
2026-06-26 2197 1871.987 -323.916 -14.751
2026-06-27 2198 1871.656 -0.331 -0.018
2026-06-28 2197 1871.656 0 0
2026-06-29 2153 1912.345 40.689 2.174
2026-06-30 2186 1891.887 -20.458 -1.07
2026-07-01 2259 1830.965 -60.922 -3.22
2026-07-02 2369 1735.052 -95.913 -5.238
2026-07-03 2242 1851 115.948 6.683
2026-07-04 2242 1851 0 0
2026-07-05 2241 1851 0 0
2026-07-06 2291 1812.675 -38.325 -2.071
2026-07-07 2310 1792.336 -20.339 -1.122
2026-07-08 2356 1736.976 -55.36 -3.089
2026-07-09 2254 1834.168 97.192 5.595
2026-07-10 2405 1698.363 -135.805 -7.404
2026-07-11 2401 1702.146 3.783 0.223
2026-07-12 2401 1702.146 0 0
2026-07-13 2525 1579.712 -122.434 -7.193
2026-07-14 2374 1717.159 137.447 8.701
2026-07-15 2422 1687.699 -29.46 -1.716
2026-07-16 2481 1620.7 -66.999 -3.97
2026-07-17 2877 1297.189 -323.511 -19.961
2026-07-18 2878 1295.428 -1.761 -0.136
2026-07-19 2877 1295.428 0 0
2026-07-20 2742 1393.074 97.646 7.538
2026-07-21 2462 1630.045 236.971 17.011
2026-07-22 2558 1544.148 -85.897 -5.27
2026-07-23 2491 1583.22 39.072 2.53
2026-07-24 2480 1597.934 14.714 0.929
2026-07-25 2480 1597.085 -0.849 -0.053
2026-07-26 2480 1597.085 0 0
2026-07-27 2320 1757.43 160.345 10.04
2026-07-28 2584 1512.804 -244.626 -13.92
2026-07-29 2655 1462.262 -50.542 -3.341
2026-07-30 2931 1256.333 -205.929 -14.083
2026-07-31 2825 1343.244 86.911 6.918
2026-08-01 2826 1345.035 1.791 0.133
2026-08-02 2825 1345.035 0 0
2026-08-03 2850 1331.913 -13.122 -0.976
2026-08-04 2523 1596.686 264.773 19.879
2026-08-05 2418 1703.69 107.004 6.702
2026-08-06 2410 1717.7 14.01 0.822
2026-08-07 2295 1819.855 102.155 5.947
2026-08-08 2295 1820.287 0.432 0.024
2026-08-09 2294 1820.287 0 0
2026-08-10 2376 1753.871 -66.416 -3.649
2026-08-11 2440 1690.76 -63.111 -3.598
2026-08-12 2273 1844.174 153.414 9.074
2026-08-13 2305 1814.803 -29.371 -1.593
=======
2026-05-20 2995 1239.808 0 0
2026-05-21 2954 1279.356 0 0
2026-05-22 2929 1294.6 0 0
2026-05-23 2730 1426.98 0 0
2026-05-24 2729 1429.374 0 0
2026-05-25 2756 1408.198 0 0
2026-05-26 2711 1442.813 0 0
2026-05-27 2722 1433.577 0 0
2026-05-28 2617 1518.599 0 0
2026-05-29 2744 1413.367 0 0
2026-05-30 2753 1403.844 0 0
2026-05-31 2753 1406.229 0 0
2026-06-01 2834 1346.585 0 0
2026-06-02 2723 1426.187 0 0
2026-06-03 2414 1694.098 0 0
2026-06-04 2433 1664.243 0 0
2026-06-05 2275 1811.049 0 0
2026-06-06 2334 1751.731 0 0
2026-06-07 2326 1753.154 0 0
2026-06-09 2257 1812.818 0 0
2026-06-10 2313 1761.823 0 0
2026-06-11 2257 1814.859 0 0
2026-06-12 2418 1673.827 0 0
2026-06-13 2395 1697.556 0 0
2026-06-14 2392 1701.598 0 0
2026-06-16 2353 1751.59 0 0
2026-06-17 2221 1882.823 0 0
2026-06-18 2107 1976.107 0 0
2026-06-19 2150 1943.522 0 0
2026-06-20 2141 1942.056 0 0
2026-06-21 2141 1942.056 0 0
2026-06-22 2012 2058.268 0 0
2026-06-23 2121 1954.34 0 0
2026-06-24 2001 2062.122 0 0
2026-06-25 1875 2201.63 0 0
2026-06-26 2090 1961.632 0 0
2026-06-27 2197 1871.987 0 0
2026-06-28 2198 1871.656 0 0
2026-06-29 2175 1887.94 0 0
2026-06-30 2101 1965.313 0 0
2026-07-01 2264 1819.904 0 0
2026-07-02 2320 1780.424 0 0
2026-07-03 2281 1815.695 0 0
2026-07-04 2242 1851.0 0 0
2026-07-05 2242 1851.0 0 0
2026-07-06 2235 1867.3 0 0
2026-07-07 2318 1788.213 0 0
2026-07-08 2259 1831.441 0 0
2026-07-09 2332 1750.828 0 0
2026-07-10 2246 1843.853 0 0
2026-07-11 2405 1698.363 0 0
2026-07-12 2401 1702.146 0 0
2026-07-13 2433 1671.981 0 0
2026-07-14 2443 1657.277 0 0
2026-07-15 2359 1735.536 0 0
2026-07-16 2429 1682.743 0 0
2026-07-17 2537 1567.731 0 0
2026-07-18 2877 1297.189 0 0
2026-07-19 2878 1295.428 0 0
2026-07-20 2672 1451.051 0 0
2026-07-21 2661 1460.033 0 0
2026-07-22 2464 1630.691 0 0
2026-07-23 2517 1571.072 0 0
2026-07-24 2448 1633.87 0 0
2026-07-25 2480 1597.934 0 0
2026-07-26 2480 1597.085 0 0
2026-07-27 2497 1579.12 0 0
2026-07-28 2486 1591.366 0 0
2026-07-29 2695 1430.949 0 0
2026-07-30 2885 1298.351 0 0
2026-07-31 2738 1405.195 0 0
2026-08-01 2825 1343.244 0 0
2026-08-02 2826 1345.035 0 0
2026-08-03 2843 1334.365 0 0
2026-08-04 2611 1524.647 0 0
2026-08-05 2593 1546.806 0 0
2026-08-06 2428 1692.201 0 0
2026-08-07 2234 1869.373 0 0
2026-08-08 2295 1819.855 0 0
2026-08-09 2295 1820.287 0 0
2026-08-10 2384 1743.212 0 0
2026-08-11 2422 1706.043 0 0
2026-08-12 2355 1766.17 0 0
2026-08-13 2251 1868.785 0 0
2026-08-14 2279 1832.032 0 0
>>>>>>> 2b550085baac25c543016ca743053a87bf115d5d
2026-08-15 2290 1822.17 0 0
2026-08-16 2297 1823.008 0 0
