2026-02-14 3174 1009.193 0 0
2026-02-15 3174 1009.193 0 0
2026-02-16  972.706 -36.487 -3.615
2026-02-17  989.125 16.419 1.688
2026-02-28 3110 1056.038 66.913 6.765
2026-03-01 3104 1056.038 0 0
2026-03-11 3297 1052.4 -3.638 -0.344
2026-03-12 3317 1032.925 -19.475 -1.851
2026-03-13 3326 1026.854 -6.071 -0.588
2026-03-14 3324 1024.311 -2.543 -0.248
2026-03-15 3324 1024.311 0 0
2026-03-16 3321 1024.311 0 0
2026-03-17  998.088 -26.223 -2.56
2026-03-18 3281 1050.697 52.609 5.271
2026-03-19 3339 1005.538 -45.159 -4.298
2026-03-20 3311 1014.869 9.331 0.928
2026-03-21 3325 1007.204 -7.665 -0.755
2026-03-22 3325 1007.204 0 0
2026-03-23  947.562 -59.642 -5.922
2026-03-28 3245 1055.128 107.566 11.352
2026-03-29 3245 1055.128 0 0
2026-03-30 3298 1018.495 -36.633 -3.472
2026-03-31  993.003 -25.492 -2.503
2026-04-02 3250 1060.249 67.246 6.772
2026-04-03 3267 1045.005 -15.244 -1.438
2026-04-04 3267 1045.005 0 0
2026-04-05 3267 1045.005 0 0
2026-04-06  999.428 -45.577 -4.361
2026-04-09 3365 1001.635 2.207 0.221
2026-04-15 3317 1051.091 49.456 4.938
2026-04-16 3307 1067.07 15.979 1.52
2026-04-17 3282 1084.313 17.243 1.616
2026-04-18 3269 1094.854 10.541 0.972
2026-04-19 3269 1094.854 0 0
2026-04-20 3272 1094.854 0 0
2026-04-21 3292 1079.393 -15.461 -1.412
2026-04-22 3283 1083.421 4.028 0.373
2026-04-23 3318 1046.506 -36.915 -3.407
2026-04-24 3347 1025.51 -20.996 -2.006
2026-04-25 3350 1024.734 -0.776 -0.076
2026-04-26 3350 1024.734 0 0
2026-04-27  970.44 -54.294 -5.298
2026-05-02 3357 1014.845 44.405 4.576
2026-05-04 3354 1014.845 0 0
2026-05-05 3356 1011.864 -2.981 -0.294
2026-05-06 3362 1011.864 0 0
2026-05-07 3310 1062.096 50.232 4.964
2026-05-08 3327 1051.704 -10.392 -0.978
2026-05-09 3333 1048.946 -2.758 -0.262
2026-05-10 3333 1048.946 0 0
2026-05-11 3280 1089.968 41.022 3.911
2026-05-12 3248 1103.14 13.172 1.208
2026-05-13 3223 1117.787 14.647 1.328
2026-05-14 3082 1197.453 79.666 7.127
2026-05-15 3223 1112.132 -85.321 -7.125
2026-05-16 3222 1108.692 -3.44 -0.309
2026-05-17 3222 1108.692 0 0
2026-05-18 3331 1034.711 -73.981 -6.673
2026-05-19 3258 1090.962 56.251 5.436
2026-05-20 3318 1050.677 -40.285 -3.693
2026-05-21 3321 1052.343 1.666 0.159
2026-05-22 3355 1020.684 -31.659 -3.008
2026-05-23 3365 1018.712 -1.972 -0.193
2026-05-24 3365 1018.712 0 0
2026-05-26 3162 1148.635 129.923 12.754
2026-05-27 3153 1152.249 3.614 0.315
2026-05-28 3014 1229.65 77.401 6.717
2026-05-29 2992 1242.515 12.865 1.046
2026-05-31 2993 1242.81 0.295 0.024
2026-06-01 3006 1232.281 -10.529 -0.847
2026-06-02 3174 1138.542 -93.739 -7.607
2026-06-03 3085 1184.636 46.094 4.049
2026-06-04 3223 1096.744 -87.892 -7.419
2026-06-05 3187 1113.793 17.049 1.555
2026-06-06 3188 1111.785 -2.008 -0.18
2026-06-07 3188 1111.785 0 0
2026-06-08 3201 1099.584 -12.201 -1.097
2026-06-09 3115 1149.795 50.211 4.566
2026-06-10 3105 1150.212 0.417 0.036
2026-06-11 3074 1169.23 19.018 1.653
2026-06-12 3115 1155.188 -14.042 -1.201
2026-06-13 3120 1157.42 2.232 0.193
2026-06-15 3120 1164.394 6.974 0.603
2026-06-16 3070 1192.977 28.583 2.455
2026-06-17 3055 1199.549 6.572 0.551
2026-06-18 2964 1259.441 59.892 4.993
2026-06-19 2964 1254.92 -4.521 -0.359
2026-06-20 2964 1254.92 0 0
2026-06-21 2964 1254.92 0 0
2026-06-23 3035 1200.877 -54.043 -4.306
2026-06-24 3032 1204.132 3.255 0.271
2026-06-25 3002 1215.929 11.797 0.98
2026-06-26 3058 1180.741 -35.188 -2.894
2026-06-27 3058 1180.226 -0.515 -0.044
2026-06-28 3058 1180.226 0 0
2026-06-29 3011 1209.59 29.364 2.488
2026-06-30 3003 1213.148 3.558 0.294
2026-07-01 3010 1218.694 5.546 0.457
2026-07-02 2923 1278.153 59.459 4.879
2026-07-03 2849 1331.424 53.271 4.168
2026-07-04 2849 1331.424 0 0
2026-07-05 2849 1331.424 0 0
2026-07-06 2844 1338.362 6.938 0.521
2026-07-07 2847 1328.301 -10.061 -0.752
2026-07-08 2840 1323.644 -4.657 -0.351
2026-07-09 3019 1209.294 -114.35 -8.639
2026-07-10 2994 1225.073 15.779 1.305
2026-07-11 2993 1229.577 4.504 0.368
2026-07-12 2993 1229.577 0 0
2026-07-13 3068 1181.24 -48.337 -3.931
2026-07-14 3062 1188.983 7.743 0.655
2026-07-15 2951 1254.3 65.317 5.494
2026-07-16 2846 1326.969 72.669 5.794
2026-07-17 3011 1208.985 -117.984 -8.891
2026-07-18 3010 1209.267 0.282 0.023
2026-07-19 3009 1209.267 0 0
2026-07-20 3008 1209.267 0 0
2026-07-21 2892 1285.602 76.335 6.313
2026-07-22 2957 1240.436 -45.166 -3.513
2026-07-23 2923 1261.962 21.526 1.735
2026-07-24 2968 1232.913 -29.049 -2.302
2026-07-25 2965 1234.46 1.547 0.125
2026-07-26 2965 1234.46 0 0
2026-07-27 2993 1224.223 -10.237 -0.829
2026-07-28 3009 1210.735 -13.488 -1.102
2026-07-29 3087 1170.327 -40.408 -3.337
2026-07-30 3112 1149.794 -20.533 -1.754
2026-07-31 2934 1260.96 111.166 9.668
2026-08-01 2936 1261.815 0.855 0.068
2026-08-02 2936 1261.815 0 0
2026-08-03 2904 1295.15 33.335 2.642
2026-08-04 2986 1247.395 -47.755 -3.687
2026-08-05 2973 1258.217 10.822 0.868
2026-08-06 2925 1294.511 36.294 2.885
2026-08-07 2821 1369.248 74.737 5.773
2026-08-08 2819 1371.992 2.744 0.2
2026-08-09 2819 1371.992 0 0
2026-08-10 2875 1334.847 -37.145 -2.707
2026-08-11 2868 1334.847 0 0
2026-08-12 2846 1361.683 26.836 2.01
2026-08-13 2854 1346.031 -15.652 -1.149
2026-08-15 2853 1354.693 8.662 0.644
2026-08-16 2853 1354.693 0 0
2026-08-17 2831 1372.258 17.565 1.297
2026-08-18 2920 1308.567 -63.691 -4.641
2026-08-19 2918 1309.729 1.162 0.089
2026-08-20 2719 1450.807 141.078 10.772
2026-08-21 2724 1454.476 3.669 0.253
2026-08-23 2726 1452.081 -2.395 -0.165
2026-08-24 2757 1422.205 -29.876 -2.057
2026-08-25 2660 1502.483 80.278 5.645
2026-08-26 2645 1521.175 18.692 1.244
2026-08-27 2681 1493.412 -27.763 -1.825
2026-08-28 2610 1548.569 55.157 3.693
2026-08-29 2616 1542.949 -5.62 -0.363
2026-08-30 2616 1542.949 0 0
2026-08-31 2626 1537.706 -5.243 -0.34
2026-09-01 2649 1518.484 0 0
2026-09-02 2753 1422.244 0 0
2026-09-03 2794 1401.085 0 0
2026-09-04 2785 1408.809 0 0
