2026-03-10 1266 3351.093 0 0
2026-03-11 1284 3302.639 -48.454 -1.446
2026-03-12 1361 3100.519 -202.12 -6.12
2026-03-13 1483 2808.194 -292.325 -9.428
2026-03-14 1488 2796.965 -11.229 -0.4
2026-03-15 1487 2796.965 0 0
2026-03-16 1501 2778.641 -18.324 -0.655
2026-03-17 1524 2740.206 -38.435 -1.383
2026-03-18 1494 2795.199 54.993 2.007
2026-03-19 1551 2635.787 -159.412 -5.703
2026-03-20 1584 2572.777 -63.01 -2.391
2026-03-21 1582 2579.918 7.141 0.278
2026-03-22 1582 2579.918 0 0
2026-03-23 1661 2445.607 -134.311 -5.206
2026-03-24 1623 2490.645 45.038 1.842
2026-03-25 1650 2464.629 -26.016 -1.045
2026-03-27 1631 2486.524 21.895 0.888
2026-03-28 1630 2478.392 -8.132 -0.327
2026-03-29 1630 2478.392 0 0
2026-03-30 1639 2462.905 -15.487 -0.625
2026-03-31 1676 2398.046 -64.859 -2.633
2026-04-01 1683 2412.318 14.272 0.595
2026-04-02 1727 2347.786 -64.532 -2.675
2026-04-03 1761 2298.199 -49.587 -2.112
2026-04-04 1761 2298.199 0 0
2026-04-05 1761 2298.199 0 0
2026-04-06 1763 2298.199 0 0
2026-04-07 1694 2392.057 93.858 4.084
2026-04-08 1659 2463.333 71.276 2.98
2026-04-09 1663 2473.644 10.311 0.419
2026-04-10 1701 2435.268 -38.376 -1.551
2026-04-11 1705 2437.976 2.708 0.111
2026-04-12 1705 2437.976 0 0
2026-04-13 1695 2450.079 12.103 0.496
2026-04-14 1691 2459.225 9.146 0.373
2026-04-15 1772 2348.424 -110.801 -4.506
2026-04-16 1666 2508.375 159.951 6.811
2026-04-17 1667 2519.237 10.862 0.433
2026-04-18 1671 2516.69 -2.547 -0.101
2026-04-19 1671 2516.69 0 0
2026-04-20 1631 2584.389 67.699 2.69
2026-04-21 1670 2516.383 -68.006 -2.631
2026-04-22 1624 2590.511 74.128 2.946
2026-04-23 1731 2434.278 -156.233 -6.031
2026-04-24 1755 2389.532 -44.746 -1.838
2026-04-25 1755 2389.288 -0.244 -0.01
2026-04-26 1753 2389.288 0 0
2026-04-27 1831 2284.651 -104.637 -4.379
2026-04-28 1786 2330.941 46.29 2.026
2026-04-29 1643 2539.412 208.471 8.944
2026-04-30 1603 2607.522 68.11 2.682
2026-05-01 1605 2607.369 -0.153 -0.006
2026-05-02 1606 2607.369 0 0
2026-05-04 1608 2607.369 0 0
2026-05-05 1582 2660.761 53.392 2.048
2026-05-06 1585 2660.761 0 0
2026-05-07 1583 2663.182 2.421 0.091
2026-05-08 1635 2599.648 -63.534 -2.386
2026-05-09 1634 2599.534 -0.114 -0.004
2026-05-10 1634 2599.534 0 0
<<<<<<< HEAD
2026-05-11 1652 2578.792 -20.742 -0.798
2026-05-12 1692 2496.746 -82.046 -3.182
2026-05-13 1620 2620.265 123.519 4.947
2026-05-14 1711 2469.892 -150.373 -5.739
2026-05-15 1778 2367.443 -102.449 -4.148
2026-05-16 1775 2361.006 -6.437 -0.272
2026-05-17 1775 2361.006 0 0
2026-05-18 1786 2338.845 -22.161 -0.939
2026-05-19 1880 2224.541 -114.304 -4.887
2026-05-20 1883 2218.387 -6.154 -0.277
2026-05-21 1888 2217.638 -0.749 -0.034
2026-05-22 1848 2274.104 56.466 2.546
2026-05-23 1843 2277.919 3.815 0.168
2026-05-24 1843 2277.919 0 0
2026-05-26 1838 2285.795 7.876 0.346
2026-05-27 1925 2192.244 -93.551 -4.093
2026-05-28 1868 2247.17 54.926 2.505
2026-05-29 1843 2274.214 27.044 1.203
2026-05-31 1838 2278.078 3.864 0.17
2026-06-01 1833 2288.141 10.063 0.442
2026-06-02 1802 2318.054 29.913 1.307
2026-06-03 1738 2417.64 99.586 4.296
2026-06-04 1726 2427.468 9.828 0.407
2026-06-05 1774 2330.016 -97.452 -4.015
2026-06-06 1770 2331.909 1.893 0.081
2026-06-07 1770 2331.909 0 0
2026-06-08 1745 2361.366 29.457 1.263
2026-06-09 1736 2378.791 17.425 0.738
2026-06-10 1714 2395.347 16.556 0.696
2026-06-11 1572 2612.366 217.019 9.06
2026-06-12 1539 2684.938 72.572 2.778
2026-06-13 1543 2691.332 6.394 0.238
2026-06-15 1452 2889.91 198.578 7.378
2026-06-16 1437 2926.263 36.353 1.258
2026-06-17 1556 2710.163 -216.1 -7.385
2026-06-18 1465 2870.956 160.793 5.933
2026-06-19 1464 2868.79 -2.166 -0.075
2026-06-20 1464 2868.79 0 0
2026-06-21 1464 2868.79 0 0
2026-06-23 1481 2816.832 -51.958 -1.811
2026-06-24 1460 2851.182 34.35 1.219
2026-06-25 1422 2950.291 99.109 3.476
2026-06-26 1497 2787.229 -163.062 -5.527
2026-06-27 1498 2786.737 -0.492 -0.018
2026-06-28 1498 2786.737 0 0
2026-06-29 1580 2630.075 -156.662 -5.622
2026-06-30 1603 2595.701 -34.374 -1.307
2026-07-01 1638 2557.064 -38.637 -1.488
2026-07-02 1534 2735.105 178.041 6.963
2026-07-03 1654 2550.84 -184.265 -6.737
2026-07-04 1654 2550.84 0 0
2026-07-05 1652 2550.84 0 0
2026-07-06 1753 2375.223 -175.617 -6.885
2026-07-07 1828 2274.293 -100.93 -4.249
2026-07-08 1893 2178.796 -95.497 -4.199
2026-07-09 1887 2191.887 13.091 0.601
2026-07-10 1920 2157.955 -33.932 -1.548
2026-07-11 1918 2162.762 4.807 0.223
2026-07-12 1918 2162.762 0 0
2026-07-13 1951 2107.502 -55.26 -2.555
2026-07-14 1890 2177.587 70.085 3.326
2026-07-15 2008 2053.203 -124.384 -5.712
2026-07-16 2105 1963.99 -89.213 -4.345
2026-07-17 2214 1855.662 -108.328 -5.516
2026-07-18 2215 1853.143 -2.519 -0.136
2026-07-19 2214 1853.143 0 0
2026-07-20 2326 1751.212 -101.931 -5.5
2026-07-21 2216 1850.321 99.109 5.659
2026-07-22 2236 1830.855 -19.466 -1.052
2026-07-23 2201 1860.427 29.572 1.615
2026-07-24 2256 1801.033 -59.394 -3.192
2026-07-25 2262 1800.076 -0.957 -0.053
2026-07-26 2262 1800.076 0 0
2026-07-27 2217 1856.09 56.014 3.112
2026-07-28 2291 1789.638 -66.452 -3.58
2026-07-29 2297 1793.285 3.647 0.204
2026-07-30 2346 1736.136 -57.149 -3.187
2026-07-31 2285 1799.005 62.869 3.621
2026-08-01 2278 1801.405 2.4 0.133
2026-08-02 2279 1801.405 0 0
2026-08-03 2266 1822.313 20.908 1.161
2026-08-04 2203 1887.46 65.147 3.575
2026-08-05 2069 2015.329 127.869 6.775
2026-08-06 1996 2099.98 84.651 4.2
2026-08-07 1955 2147.168 47.188 2.247
2026-08-08 1957 2147.677 0.509 0.024
2026-08-09 1956 2147.677 0 0
2026-08-10 1882 2237.775 90.098 4.195
2026-08-11 1976 2123.891 -113.884 -5.089
2026-08-12 1977 2124.24 0.349 0.016
2026-08-13 2024 2075.386 -48.854 -2.3
=======
2026-05-11 1630 2613.123 0 0
2026-05-12 1696 2495.112 0 0
2026-05-13 1635 2594.107 0 0
2026-05-14 1703 2480.646 0 0
2026-05-15 1754 2418.311 0 0
2026-05-16 1778 2367.443 0 0
2026-05-17 1775 2361.006 0 0
2026-05-18 1778 2348.853 0 0
2026-05-19 1887 2213.739 0 0
2026-05-20 1892 2206.651 0 0
2026-05-21 1840 2276.303 0 0
2026-05-22 1832 2282.681 0 0
2026-05-23 1848 2274.104 0 0
2026-05-24 1843 2277.919 0 0
2026-05-25 1877 2239.973 0 0
2026-05-26 1870 2254.293 0 0
2026-05-27 1908 2199.88 0 0
2026-05-28 1868 2245.283 0 0
2026-05-29 1833 2284.472 0 0
2026-05-30 1843 2274.214 0 0
2026-05-31 1838 2278.078 0 0
2026-06-01 1823 2293.172 0 0
2026-06-02 1846 2270.891 0 0
2026-06-03 1744 2410.096 0 0
2026-06-04 1764 2364.405 0 0
2026-06-05 1758 2375.753 0 0
2026-06-06 1774 2330.016 0 0
2026-06-07 1770 2331.909 0 0
2026-06-09 1748 2358.493 0 0
2026-06-10 1744 2353.695 0 0
2026-06-11 1568 2615.221 0 0
2026-06-12 1487 2795.394 0 0
2026-06-13 1539 2684.938 0 0
2026-06-14 1543 2691.332 0 0
2026-06-16 1414 2992.077 0 0
2026-06-17 1526 2770.037 0 0
2026-06-18 1589 2638.172 0 0
2026-06-19 1463 2870.956 0 0
2026-06-20 1464 2868.79 0 0
2026-06-21 1464 2868.79 0 0
2026-06-22 1412 2993.97 0 0
2026-06-23 1455 2883.179 0 0
2026-06-24 1524 2740.015 0 0
2026-06-25 1428 2938.632 0 0
2026-06-26 1470 2825.891 0 0
2026-06-27 1497 2787.229 0 0
2026-06-28 1498 2786.737 0 0
2026-06-29 1586 2614.337 0 0
2026-06-30 1574 2634.367 0 0
2026-07-01 1608 2594.985 0 0
2026-07-02 1504 2792.939 0 0
2026-07-03 1616 2582.583 0 0
2026-07-04 1654 2550.84 0 0
2026-07-05 1654 2550.84 0 0
2026-07-06 1728 2419.665 0 0
2026-07-07 1804 2289.923 0 0
2026-07-08 1849 2241.349 0 0
2026-07-09 1971 2086.451 0 0
2026-07-10 1882 2206.912 0 0
2026-07-11 1920 2157.955 0 0
2026-07-12 1918 2162.762 0 0
2026-07-13 1920 2149.127 0 0
2026-07-14 1935 2123.291 0 0
2026-07-15 1947 2113.026 0 0
2026-07-16 2041 2020.904 0 0
2026-07-17 2161 1903.64 0 0
2026-07-18 2214 1855.662 0 0
2026-07-19 2215 1853.143 0 0
2026-07-20 2231 1836.633 0 0
2026-07-21 2333 1747.623 0 0
2026-07-22 2201 1869.014 0 0
2026-07-23 2183 1879.743 0 0
2026-07-24 2252 1811.593 0 0
2026-07-25 2256 1801.033 0 0
2026-07-26 2262 1800.076 0 0
2026-07-27 2226 1835.983 0 0
2026-07-28 2244 1821.62 0 0
2026-07-29 2291 1791.076 0 0
2026-07-30 2309 1777.47 0 0
2026-07-31 2260 1813.07 0 0
2026-08-01 2285 1799.005 0 0
2026-08-02 2278 1801.405 0 0
2026-08-03 2255 1828.08 0 0
2026-08-04 2212 1872.059 0 0
2026-08-05 2158 1942.918 0 0
2026-08-06 1958 2135.631 0 0
2026-08-07 2002 2084.845 0 0
2026-08-08 1955 2147.168 0 0
2026-08-09 1957 2147.677 0 0
2026-08-10 1965 2136.144 0 0
2026-08-11 1957 2147.677 0 0
2026-08-12 1974 2123.891 0 0
2026-08-13 1990 2111.259 0 0
2026-08-14 2002 2103.514 0 0
>>>>>>> 2b550085baac25c543016ca743053a87bf115d5d
2026-08-15 2012 2092.696 0 0
2026-08-16 2017 2093.658 0 0
2026-08-17 2014 2093.658 0 0
2026-08-18 1972 2130.457 0 0
2026-08-19 1960 2136.744 0 0
