2026-03-10 2557 1543.997 0 0
2026-03-11 2559 1545.894 1.897 0.123
2026-03-12 2600 1500.643 -45.251 -2.927
2026-03-13 2629 1474.353 -26.29 -1.752
2026-03-14 2624 1474.353 0 0
2026-03-15 2624 1474.353 0 0
2026-03-16 2530 1549.29 74.937 5.083
2026-03-17 2459 1606.003 56.713 3.661
2026-03-18 2412 1649.589 43.586 2.714
2026-03-19 2451 1600.588 -49.001 -2.97
2026-03-20 2503 1557.634 -42.954 -2.684
2026-03-21 2501 1557.753 0.119 0.008
2026-03-22 2498 1557.753 0 0
2026-03-23 2538 1512.822 -44.931 -2.884
2026-03-24 2456 1576.312 63.49 4.197
2026-03-25 2478 1574.937 -1.375 -0.087
2026-03-27 2359 1686.645 111.708 7.093
2026-03-28 2356 1685.826 -0.819 -0.049
2026-03-29 2356 1685.826 0 0
2026-03-30 2326 1706.251 20.425 1.212
2026-03-31 2436 1593.824 -112.427 -6.589
2026-04-01 2266 1775.288 181.464 11.385
2026-04-02 2271 1780.073 4.785 0.27
2026-04-03 2266 1780.027 -0.046 -0.003
2026-04-04 2266 1780.027 0 0
2026-04-05 2266 1780.027 0 0
2026-04-06 2269 1780.027 0 0
2026-04-07 2271 1780.118 0.091 0.005
2026-04-08 2395 1669.889 -110.229 -6.192
2026-04-09 2478 1605.777 -64.112 -3.839
2026-04-10 2472 1615.991 10.214 0.636
2026-04-11 2475 1616.466 0.475 0.029
2026-04-12 2474 1616.466 0 0
2026-04-13 2403 1679.104 62.638 3.875
2026-04-14 2470 1621.643 -57.461 -3.422
2026-04-15 2358 1749.734 128.091 7.899
2026-04-16 2364 1749.265 -0.469 -0.027
2026-04-17 2336 1774.466 25.201 1.441
2026-04-18 2342 1773.514 -0.952 -0.054
2026-04-19 2342 1773.514 0 0
2026-04-20 2382 1739.463 -34.051 -1.92
2026-04-21 2374 1743.304 3.841 0.221
2026-04-22 2401 1721.757 -21.547 -1.236
2026-04-23 2562 1560.437 -161.32 -9.369
2026-04-24 2497 1602.767 42.33 2.713
2026-04-25 2497 1602.399 -0.368 -0.023
2026-04-26 2497 1602.399 0 0
2026-04-27 2561 1561.559 -40.84 -2.549
2026-04-28 2531 1575.769 14.21 0.91
2026-04-29 2548 1565.263 -10.506 -0.667
2026-04-30 2476 1627.703 62.44 3.989
2026-05-01 2482 1628.368 0.665 0.041
2026-05-02 2482 1628.035 -0.333 -0.02
2026-05-04 2543 1570.868 -57.167 -3.511
2026-05-05 2577 1552.248 -18.62 -1.185
2026-05-06 2581 1554.971 2.723 0.175
2026-05-07 2509 1614.424 59.453 3.823
2026-05-08 2566 1573.112 -41.312 -2.559
2026-05-09 2564 1573.534 0.422 0.027
2026-05-10 2564 1573.534 0 0
2026-05-11 2634 1527.217 -46.317 -2.944
2026-05-12 2620 1524.532 -2.685 -0.176
2026-05-13 2705 1472.783 -51.749 -3.394
2026-05-14 2745 1426.064 -46.719 -3.172
2026-05-15 2743 1414.181 -11.883 -0.833
2026-05-16 2739 1414.614 0.433 0.031
2026-05-17 2739 1414.614 0 0
2026-05-18 2805 1375.115 -39.499 -2.792
2026-05-19 2813 1368.112 -7.003 -0.509
2026-05-20 2821 1365.72 -2.392 -0.175
2026-05-21 2823 1365.72 0 0
2026-05-22 2821 1362.317 -3.403 -0.249
2026-05-23 2820 1361.934 -0.383 -0.028
2026-05-24 2820 1361.934 0 0
2026-05-26 2931 1295.919 -66.015 -4.847
2026-05-27 2870 1322.939 27.02 2.085
2026-05-28 3021 1227.417 -95.522 -7.22
2026-05-29 2885 1312.286 84.869 6.914
2026-05-31 2888 1311.901 -0.385 -0.029
2026-06-01 2885 1313.262 1.361 0.104
2026-06-02 3074 1200.984 -112.278 -8.55
2026-06-03 3109 1166.359 -34.625 -2.883
2026-06-04 3155 1140.459 -25.9 -2.221
2026-06-05 3167 1120.377 -20.082 -1.761
2026-06-06 3169 1120.391 0.014 0.001
2026-06-07 3169 1120.391 0 0
2026-06-08 3219 1089.764 -30.627 -2.734
2026-06-09 3189 1101.776 12.012 1.102
2026-06-10 3063 1174.494 72.718 6.6
2026-06-11 3096 1158.179 -16.315 -1.389
2026-06-12 3061 1180.663 22.484 1.941
2026-06-13 3077 1180.798 0.135 0.011
2026-06-15 3021 1216.865 36.067 3.054
2026-06-16 3094 1174.839 -42.026 -3.454
2026-06-17 3144 1146.415 -28.424 -2.419
2026-06-18 3135 1157.765 11.35 0.99
2026-06-19 3119 1157.41 -0.355 -0.031
2026-06-20 3119 1157.41 0 0
2026-06-21 3119 1157.41 0 0
2026-06-23 3090 1170.614 13.204 1.141
2026-06-24 3087 1169.859 -0.755 -0.064
2026-06-25 3120 1145.479 -24.38 -2.084
2026-06-26 3134 1135.204 -10.275 -0.897
2026-06-27 3136 1135.045 -0.159 -0.014
2026-06-28 3136 1135.045 0 0
2026-06-29 2983 1228.205 93.16 8.208
2026-06-30 3039 1201.501 -26.704 -2.174
2026-07-01 3046 1201.639 0.138 0.011
2026-07-02 2910 1286.357 84.718 7.05
2026-07-03 2786 1382.371 96.014 7.464
2026-07-04 2786 1382.371 0 0
2026-07-05 2786 1382.371 0 0
2026-07-06 2800 1375.572 -6.799 -0.492
2026-07-07 2901 1295.36 -80.212 -5.831
2026-07-08 2942 1256.653 -38.707 -2.988
2026-07-09 3017 1209.489 -47.164 -3.753
2026-07-10 2908 1282.71 73.221 6.054
2026-07-11 2914 1282.203 -0.507 -0.04
2026-07-12 2914 1282.203 0 0
2026-07-13 2921 1267.24 -14.963 -1.167
2026-07-14 2969 1236.284 -30.956 -2.443
2026-07-15 2908 1287.989 51.705 4.182
2026-07-16 2925 1271.499 -16.49 -1.28
2026-07-17 3111 1151.703 -119.796 -9.422
2026-07-18 3112 1151.571 -0.132 -0.011
2026-07-19 3111 1151.571 0 0
2026-07-20 2985 1221.623 70.052 6.083
2026-07-21 3032 1203.894 -17.729 -1.451
2026-07-22 2983 1228.932 25.038 2.08
2026-07-23 2950 1248.164 19.232 1.565
2026-07-24 2972 1228.299 -19.865 -1.592
2026-07-25 2973 1228.174 -0.125 -0.01
2026-07-26 2973 1228.174 0 0
2026-07-27 3004 1217.974 -10.2 -0.831
2026-07-28 2997 1218.623 0.649 0.053
2026-07-29 2965 1241.853 23.23 1.906
2026-07-30 2975 1233.472 -8.381 -0.675
2026-07-31 3067 1189.822 -43.65 -3.539
2026-08-01 3061 1190.155 0.333 0.028
2026-08-02 3061 1190.155 0 0
2026-08-03 3090 1175.875 -14.28 -1.2
2026-08-04 3065 1197.544 21.669 1.843
2026-08-05 3019 1223.875 26.331 2.199
2026-08-06 3025 1221.063 -2.812 -0.23
2026-08-07 2955 1274.621 53.558 4.386
2026-08-08 2959 1274.491 -0.13 -0.01
2026-08-09 2959 1274.491 0 0
2026-08-10 2959 1276.53 2.039 0.16
2026-08-11 2980 1262.257 -14.273 -1.118
2026-08-12 2996 1250.576 -11.681 -0.925
2026-08-13 2981 1261.337 10.761 0.86
2026-08-15 3012 1244.301 -17.036 -1.351
2026-08-16 3012 1244.301 0 0
2026-08-17 3019 1240.224 -4.077 -0.328
2026-08-18 3067 1207.961 -32.263 -2.601
2026-08-19 3096 1187.767 -20.194 -1.672
2026-08-20 3122 1175.33 -12.437 -1.047
2026-08-21 2979 1265.395 90.065 7.663
2026-08-23 2981 1265.847 0.452 0.036
2026-08-24 2967 1270.608 4.761 0.376
2026-08-25 2998 1254.877 -15.731 -1.238
2026-08-26 3015 1245.682 -9.195 -0.733
2026-08-27 3059 1219.847 -25.835 -2.074
2026-08-28 3079 1206.814 -13.033 -1.068
2026-08-29 3080 1206.737 -0.077 -0.006
2026-08-30 3080 1206.737 0 0
2026-08-31 3175 1149.604 -57.133 -4.735
2026-09-01 3199 1138.041 0 0
2026-09-02 3208 1120.442 0 0
2026-09-03 3168 1147.402 0 0
2026-09-04 3148 1166.31 0 0
