2026-03-10 1197 3561.669 0 0
2026-03-11 1208 3526.271 -35.398 -0.994
2026-03-12 1215 3476.2 -50.071 -1.42
2026-03-13 1224 3411.001 -65.199 -1.876
2026-03-14 1229 3397.362 -13.639 -0.4
2026-03-15 1229 3397.362 0 0
2026-03-16 1279 3268.376 -128.986 -3.797
2026-03-17 1269 3296.358 27.982 0.856
2026-03-18 1265 3312.319 15.961 0.484
2026-03-19 1296 3202.648 -109.671 -3.311
2026-03-20 1325 3130.722 -71.926 -2.246
2026-03-21 1320 3139.411 8.689 0.278
2026-03-22 1320 3139.411 0 0
2026-03-23 1359 3049.253 -90.158 -2.872
2026-03-24 1365 3038.656 -10.597 -0.348
2026-03-25 1337 3126.272 87.616 2.883
2026-03-27 1321 3133.253 6.981 0.223
2026-03-28 1318 3123.006 -10.247 -0.327
2026-03-29 1318 3123.006 0 0
2026-03-30 1313 3119.639 -3.367 -0.108
2026-03-31 1335 3078.436 -41.203 -1.321
2026-04-01 1335 3102.715 24.279 0.789
2026-04-02 1357 3076.949 -25.766 -0.83
2026-04-03 1367 3036.653 -40.296 -1.31
2026-04-04 1367 3036.653 0 0
2026-04-05 1367 3036.653 0 0
2026-04-06 1366 3036.653 0 0
2026-04-07 1361 3032.827 -3.826 -0.126
2026-04-08 1324 3153.659 120.832 3.984
2026-04-09 1304 3199.867 46.208 1.465
2026-04-10 1278 3273.724 73.857 2.308
2026-04-11 1278 3277.365 3.641 0.111
2026-04-12 1278 3277.365 0 0
2026-04-13 1354 3114.841 -162.524 -4.959
2026-04-14 1350 3138.764 23.923 0.768
2026-04-15 1292 3284.4 145.636 4.64
2026-04-16 1296 3302.919 18.519 0.564
2026-04-17 1273 3372.701 69.782 2.113
2026-04-18 1278 3369.292 -3.409 -0.101
2026-04-19 1278 3369.292 0 0
2026-04-20 1286 3342.026 -27.266 -0.809
2026-04-21 1297 3291.502 -50.524 -1.512
2026-04-22 1315 3254.554 -36.948 -1.123
2026-04-23 1344 3179.482 -75.072 -2.307
2026-04-24 1346 3172.45 -7.032 -0.221
2026-04-25 1345 3172.125 -0.325 -0.01
2026-04-26 1345 3172.125 0 0
2026-04-27 1354 3163.954 -8.171 -0.258
2026-04-28 1321 3212.239 48.285 1.526
2026-04-29 1331 3196.562 -15.677 -0.488
2026-04-30 1347 3161.286 -35.276 -1.104
2026-05-01 1346 3161.101 -0.185 -0.006
2026-05-02 1352 3161.101 0 0
2026-05-04 1359 3161.101 0 0
2026-05-05 1346 3181.756 20.655 0.653
2026-05-06 1347 3181.756 0 0
2026-05-07 1291 3343.586 161.83 5.086
2026-05-08 1244 3492.561 148.975 4.456
2026-05-09 1245 3492.407 -0.154 -0.004
2026-05-10 1245 3492.407 0 0
<<<<<<< HEAD
2026-05-11 1228 3518.404 25.997 0.744
2026-05-12 1233 3498.435 -19.969 -0.568
2026-05-13 1246 3465.619 -32.816 -0.938
2026-05-14 1298 3294.92 -170.699 -4.925
2026-05-15 1238 3455.762 160.842 4.882
2026-05-16 1243 3446.367 -9.395 -0.272
2026-05-17 1243 3446.367 0 0
2026-05-18 1291 3319.859 -126.508 -3.671
2026-05-19 1279 3347.594 27.735 0.835
2026-05-20 1278 3374.883 27.289 0.815
2026-05-21 1280 3373.743 -1.14 -0.034
2026-05-22 1198 3605.746 232.003 6.877
2026-05-23 1197 3611.796 6.05 0.168
2026-05-24 1197 3611.796 0 0
2026-05-26 1174 3652.659 40.863 1.131
2026-05-27 1219 3541.004 -111.655 -3.057
2026-05-28 1260 3421.383 -119.621 -3.378
2026-05-29 1313 3252.846 -168.537 -4.926
2026-05-31 1313 3258.373 5.527 0.17
2026-06-01 1324 3246.915 -11.458 -0.352
2026-06-02 1318 3260.698 13.783 0.424
2026-06-03 1346 3178.421 -82.277 -2.523
2026-06-04 1300 3278.061 99.64 3.135
2026-06-05 1313 3224.865 -53.196 -1.623
2026-06-06 1309 3227.485 2.62 0.081
2026-06-07 1309 3227.485 0 0
2026-06-08 1336 3150.741 -76.744 -2.378
2026-06-09 1315 3211.776 61.035 1.937
2026-06-10 1355 3113.218 -98.558 -3.069
2026-06-11 1361 3084.187 -29.031 -0.933
2026-06-12 1382 3045.371 -38.816 -1.259
2026-06-13 1383 3052.623 7.252 0.238
2026-06-15 1385 3071.893 19.27 0.631
2026-06-16 1393 3059.57 -12.323 -0.401
2026-06-17 1388 3075.732 16.162 0.528
2026-06-18 1425 2966.963 -108.769 -3.536
2026-06-19 1425 2964.726 -2.237 -0.075
2026-06-20 1425 2964.726 0 0
2026-06-21 1425 2964.726 0 0
2026-06-23 1433 2930.815 -33.911 -1.144
2026-06-24 1452 2874.399 -56.416 -1.925
2026-06-25 1474 2826.118 -48.281 -1.68
2026-06-26 1610 2580.033 -246.085 -8.708
2026-06-27 1615 2579.577 -0.456 -0.018
2026-06-28 1613 2579.577 0 0
2026-06-29 1720 2416.266 -163.311 -6.331
2026-06-30 1723 2415.929 -0.337 -0.014
2026-07-01 1635 2564.516 148.587 6.15
2026-07-02 1603 2595.63 31.114 1.213
2026-07-03 1591 2639.675 44.045 1.697
2026-07-04 1591 2639.675 0 0
2026-07-05 1591 2639.675 0 0
2026-07-06 1571 2684.243 44.568 1.688
2026-07-07 1562 2675.935 -8.308 -0.31
2026-07-08 1611 2575.921 -100.014 -3.738
2026-07-09 1653 2511.976 -63.945 -2.482
2026-07-10 1684 2477.818 -34.158 -1.36
2026-07-11 1681 2483.338 5.52 0.223
2026-07-12 1681 2483.338 0 0
2026-07-13 1706 2436.886 -46.452 -1.871
2026-07-14 1723 2416.824 -20.062 -0.823
2026-07-15 1708 2444.955 28.131 1.164
2026-07-16 1715 2422.175 -22.78 -0.932
2026-07-17 1747 2343.563 -78.612 -3.246
2026-07-18 1750 2340.382 -3.181 -0.136
2026-07-19 1749 2340.382 0 0
2026-07-20 1731 2371.28 30.898 1.32
2026-07-21 1713 2412.396 41.116 1.734
2026-07-22 1725 2390.777 -21.619 -0.896
2026-07-23 1694 2443.314 52.537 2.197
2026-07-24 1704 2398.299 -45.015 -1.842
2026-07-25 1706 2397.025 -1.274 -0.053
2026-07-26 1706 2397.025 0 0
2026-07-27 1709 2408.473 11.448 0.478
2026-07-28 1642 2503.226 94.753 3.934
2026-07-29 1639 2509.03 5.804 0.232
2026-07-30 1630 2527.202 18.172 0.724
2026-07-31 1586 2625.952 98.75 3.907
2026-08-01 1578 2629.455 3.503 0.133
2026-08-02 1579 2629.455 0 0
2026-08-03 1614 2587.158 -42.297 -1.609
2026-08-04 1654 2530.816 -56.342 -2.178
2026-08-05 1664 2539.572 8.756 0.346
2026-08-06 1677 2513.082 -26.49 -1.043
2026-08-07 1677 2517.001 3.919 0.156
2026-08-08 1674 2517.597 0.596 0.024
2026-08-09 1674 2517.597 0 0
2026-08-10 1647 2557.816 40.219 1.598
2026-08-11 1648 2553.45 -4.366 -0.171
2026-08-12 1655 2543.24 -10.21 -0.4
2026-08-13 1669 2520.7 -22.54 -0.886
=======
2026-05-11 1220 3548.734 0 0
2026-05-12 1234 3505.177 0 0
2026-05-13 1239 3477.892 0 0
2026-05-14 1294 3325.447 0 0
2026-05-15 1244 3464.64 0 0
2026-05-16 1238 3455.762 0 0
2026-05-17 1243 3446.367 0 0
2026-05-18 1282 3335.359 0 0
2026-05-19 1276 3355.418 0 0
2026-05-20 1284 3332.307 0 0
2026-05-21 1194 3593.742 0 0
2026-05-22 1217 3537.148 0 0
2026-05-23 1198 3605.746 0 0
2026-05-24 1197 3611.796 0 0
2026-05-25 1193 3618.188 0 0
2026-05-26 1178 3644.212 0 0
2026-05-27 1201 3568.194 0 0
2026-05-28 1257 3418.51 0 0
2026-05-29 1305 3281.861 0 0
2026-05-30 1313 3252.846 0 0
2026-05-31 1313 3258.373 0 0
2026-06-01 1330 3208.874 0 0
2026-06-02 1323 3241.644 0 0
2026-06-03 1327 3234.79 0 0
2026-06-04 1285 3343.575 0 0
2026-06-05 1315 3235.006 0 0
2026-06-06 1313 3224.865 0 0
2026-06-07 1309 3227.485 0 0
2026-06-09 1339 3149.138 0 0
2026-06-10 1350 3110.268 0 0
2026-06-11 1357 3096.035 0 0
2026-06-12 1373 3072.286 0 0
2026-06-13 1382 3045.371 0 0
2026-06-14 1383 3052.623 0 0
2026-06-16 1390 3062.717 0 0
2026-06-17 1396 3049.011 0 0
2026-06-18 1410 2995.852 0 0
2026-06-19 1424 2966.963 0 0
2026-06-20 1425 2964.726 0 0
2026-06-21 1425 2964.726 0 0
2026-06-22 1474 2860.354 0 0
2026-06-23 1444 2911.737 0 0
2026-06-24 1452 2890.299 0 0
2026-06-25 1464 2844.916 0 0
2026-06-26 1605 2578.099 0 0
2026-06-27 1610 2580.033 0 0
2026-06-28 1615 2579.577 0 0
2026-06-29 1713 2420.827 0 0
2026-06-30 1722 2417.862 0 0
2026-07-01 1667 2511.831 0 0
2026-07-02 1584 2629.894 0 0
2026-07-03 1605 2599.74 0 0
2026-07-04 1591 2639.675 0 0
2026-07-05 1591 2639.675 0 0
2026-07-06 1570 2689.957 0 0
2026-07-07 1552 2700.928 0 0
2026-07-08 1608 2598.296 0 0
2026-07-09 1668 2487.589 0 0
2026-07-10 1643 2532.735 0 0
2026-07-11 1684 2477.818 0 0
2026-07-12 1681 2483.338 0 0
2026-07-13 1697 2452.904 0 0
2026-07-14 1732 2389.748 0 0
2026-07-15 1714 2431.005 0 0
2026-07-16 1704 2447.93 0 0
2026-07-17 1740 2364.218 0 0
2026-07-18 1747 2343.563 0 0
2026-07-19 1750 2340.382 0 0
2026-07-20 1731 2370.136 0 0
2026-07-21 1695 2423.693 0 0
2026-07-22 1737 2377.093 0 0
2026-07-23 1706 2422.182 0 0
2026-07-24 1708 2406.448 0 0
2026-07-25 1704 2398.299 0 0
2026-07-26 1706 2397.025 0 0
2026-07-27 1709 2398.627 0 0
2026-07-28 1663 2470.983 0 0
2026-07-29 1641 2509.873 0 0
2026-07-30 1618 2548.683 0 0
2026-07-31 1595 2607.441 0 0
2026-08-01 1586 2625.952 0 0
2026-08-02 1578 2629.455 0 0
2026-08-03 1593 2604.398 0 0
2026-08-04 1650 2534.286 0 0
2026-08-05 1649 2542.987 0 0
2026-08-06 1669 2525.331 0 0
2026-08-07 1692 2491.25 0 0
2026-08-08 1677 2517.001 0 0
2026-08-09 1674 2517.597 0 0
2026-08-10 1647 2565.171 0 0
2026-08-11 1662 2534.604 0 0
2026-08-12 1646 2558.736 0 0
2026-08-13 1655 2544.619 0 0
2026-08-14 1690 2484.367 0 0
>>>>>>> 2b550085baac25c543016ca743053a87bf115d5d
