2026-03-10 3342 1018.863 0 0
2026-03-11 3341 1020.407 1.544 0.152
2026-03-12  995.063 -25.344 -2.484
2026-04-22 3375 1010.741 15.678 1.576
2026-04-23  987.63 -23.111 -2.287
2026-05-07 3319 1052.868 65.238 6.606
2026-05-08 3343 1043.179 -9.689 -0.92
2026-05-09 3343 1043.133 -0.046 -0.004
2026-05-10 3343 1043.133 0 0
<<<<<<< HEAD
2026-05-11 3370 1019.84 -23.293 -2.233
2026-05-12 3318 1057.1 37.26 3.654
2026-05-13 3281 1084.065 26.965 2.551
2026-05-14 3331 1042.494 -41.571 -3.835
2026-05-15  993.495 -48.999 -4.7
2026-05-20  992.349 -1.146 -0.115
2026-05-23 3336 1039.476 47.127 4.749
2026-05-24 3336 1039.476 0 0
2026-05-26 3143 1162.628 123.152 11.848
2026-05-27 3183 1132.864 -29.764 -2.56
2026-05-28 3205 1120.806 -12.058 -1.064
2026-05-29 3150 1151.558 30.752 2.744
2026-05-31 3147 1153.515 1.957 0.17
2026-06-01 3171 1141.32 -12.195 -1.057
2026-06-02 3091 1184.526 43.206 3.786
2026-06-03 3132 1159.096 -25.43 -2.147
2026-06-04 3182 1122.245 -36.851 -3.179
2026-06-05 3181 1115.366 -6.879 -0.613
2026-06-06 3179 1116.272 0.906 0.081
2026-06-07 3179 1116.272 0 0
2026-06-08 3287 1040.467 -75.805 -6.791
2026-06-09 3232 1080.581 40.114 3.855
2026-06-10 3281 1041.12 -39.461 -3.652
2026-06-11 3234 1066.999 25.879 2.486
2026-06-12 3188 1104.126 37.127 3.48
2026-06-13 3193 1106.755 2.629 0.238
2026-06-15 3045 1206.098 99.343 8.976
2026-06-16 3167 1135.102 -70.996 -5.886
2026-06-17 3056 1199.213 64.111 5.648
2026-06-18 3154 1145.262 -53.951 -4.499
2026-06-19 3152 1144.398 -0.864 -0.075
2026-06-20 3152 1144.398 0 0
2026-06-21 3152 1144.398 0 0
2026-06-23 3218 1089.637 -54.761 -4.785
2026-06-24 3209 1090.327 0.69 0.063
2026-06-25  995.189 -95.138 -8.726
2026-07-07 3339 1011.429 16.24 1.632
2026-07-08 3334 1009.028 -2.401 -0.237
2026-07-09 3298 1031.905 22.877 2.267
2026-07-10 3332 1024.547 -7.358 -0.713
2026-07-11 3335 1026.829 2.282 0.223
2026-07-12 3335 1026.829 0 0
2026-07-13 3316 1029.908 3.079 0.3
2026-07-14 3285 1052.256 22.348 2.17
2026-07-15 3343 1016.732 -35.524 -3.376
2026-07-16 3314 1036.373 19.641 1.932
2026-07-17  965.511 -70.862 -6.837
2026-07-22 3134 1136.61 171.099 17.721
2026-07-23 3107 1154.119 17.509 1.54
2026-07-24 3188 1088.296 -65.823 -5.703
2026-07-25 3188 1087.718 -0.578 -0.053
2026-07-26 3188 1087.718 0 0
2026-07-27 3152 1120.63 32.912 3.026
2026-07-28 3160 1115.43 -5.2 -0.464
2026-07-29 3120 1143.782 28.352 2.542
2026-07-30 3106 1152.573 8.791 0.769
2026-07-31 3117 1156.406 3.833 0.333
2026-08-01 3119 1157.948 1.542 0.133
2026-08-02 3119 1157.948 0 0
2026-08-03 3188 1120.267 -37.681 -3.254
2026-08-04 3196 1118.718 -1.549 -0.138
2026-08-05 3032 1219.382 100.664 8.998
2026-08-06 3042 1216.078 -3.304 -0.271
2026-08-07 3026 1226.965 10.887 0.895
2026-08-08 3027 1227.256 0.291 0.024
2026-08-09 3027 1227.256 0 0
2026-08-10 3012 1241.172 13.916 1.134
2026-08-11 3115 1182.554 -58.618 -4.723
2026-08-12 3141 1163.039 -19.515 -1.65
2026-08-13 3195 1131.496 -31.543 -2.712
=======
2026-05-11 3364 1026.256 0 0
2026-05-12 3310 1068.1 0 0
2026-05-13 3309 1069.944 0 0
2026-05-14 3321 1048.738 0 0
2026-05-15 3379 1008.124 0 0
2026-05-16 3393 993.495 0 0
2026-05-21 3362 1013.265 0 0
2026-05-24 3336 1039.476 0 0
2026-05-25 3253 1096.723 0 0
2026-05-26 3183 1131.211 0 0
2026-05-27 3193 1124.09 0 0
2026-05-28 3206 1119.864 0 0
2026-05-29 3204 1125.003 0 0
2026-05-30 3150 1151.558 0 0
2026-05-31 3147 1153.515 0 0
2026-06-01 3150 1156.738 0 0
2026-06-02 3139 1161.504 0 0
2026-06-03 3110 1172.185 0 0
2026-06-04 3175 1124.161 0 0
2026-06-05 3161 1138.915 0 0
2026-06-06 3181 1115.366 0 0
2026-06-07 3179 1116.272 0 0
2026-06-09 3281 1043.13 0 0
2026-06-10 3290 1034.855 0 0
2026-06-11 3272 1045.184 0 0
2026-06-12 3153 1133.209 0 0
2026-06-13 3188 1104.126 0 0
2026-06-14 3193 1106.755 0 0
2026-06-16 3148 1141.974 0 0
2026-06-17 3114 1165.991 0 0
2026-06-18 3147 1145.722 0 0
2026-06-19 3153 1145.262 0 0
2026-06-20 3152 1144.398 0 0
2026-06-21 3152 1144.398 0 0
2026-06-22 3142 1148.327 0 0
2026-06-23 3186 1109.884 0 0
2026-06-24 3233 1078.016 0 0
2026-06-25 3322 1013.022 0 0
2026-06-26 3363 948.481 0 0
2026-07-08 3309 1032.798 0 0
2026-07-09 3377 947.461 0 0
2026-07-10 3297 1041.812 0 0
2026-07-11 3332 1024.547 0 0
2026-07-12 3335 1026.829 0 0
2026-07-13 3343 1013.253 0 0
2026-07-14 3332 1013.673 0 0
2026-07-15 3326 1028.613 0 0
2026-07-16 3274 1065.024 0 0
2026-07-17 3378 973.462 0 0
2026-07-18 3375 965.511 0 0
2026-07-23 3069 1180.355 0 0
2026-07-24 3170 1107.341 0 0
2026-07-25 3188 1088.296 0 0
2026-07-26 3188 1087.718 0 0
2026-07-27 3174 1102.843 0 0
2026-07-28 3172 1103.964 0 0
2026-07-29 3147 1132.393 0 0
2026-07-30 3142 1133.408 0 0
2026-07-31 3116 1153.554 0 0
2026-08-01 3117 1156.406 0 0
2026-08-02 3119 1157.948 0 0
2026-08-03 3152 1135.452 0 0
2026-08-04 3197 1115.205 0 0
2026-08-05 3095 1188.105 0 0
2026-08-06 3016 1226.828 0 0
2026-08-07 3012 1230.978 0 0
2026-08-08 3026 1226.965 0 0
2026-08-09 3027 1227.256 0 0
2026-08-10 3018 1234.846 0 0
2026-08-11 3054 1217.556 0 0
2026-08-12 3111 1185.928 0 0
2026-08-13 3173 1147.709 0 0
2026-08-14 3201 1129.667 0 0
>>>>>>> 2b550085baac25c543016ca743053a87bf115d5d
2026-08-15 3096 1192.258 0 0
2026-08-16 3099 1192.806 0 0
2026-08-17 3098 1192.806 0 0
2026-08-18 3078 1206.033 0 0
2026-08-19 3090 1196.734 0 0
2026-08-20 3179 1139.232 0 0
2026-08-21 3132 1168.926 0 0
2026-08-22 3128 1174.147 0 0
2026-08-24 3127 1174.741 0 0
2026-08-25 3139 1164.012 0 0
2026-08-26 3168 1149.788 0 0
2026-08-27 3010 1248.445 0 0
2026-08-28 2982 1268.194 0 0
2026-08-29 2987 1268.326 0 0
