2026-03-10 2460 1630.194 0 0
2026-03-11 2455 1636.298 6.104 0.374
2026-03-12 2439 1634.274 -2.024 -0.124
2026-03-13 2433 1630.014 -4.26 -0.261
2026-03-14 2440 1618.737 -11.277 -0.692
2026-03-15 2440 1618.737 0 0
2026-03-16 2416 1635.429 16.692 1.031
2026-03-17 2428 1627.794 -7.635 -0.467
2026-03-18 2439 1624.583 -3.211 -0.197
2026-03-19 2387 1661.813 37.23 2.292
2026-03-20 2428 1615.237 -46.576 -2.803
2026-03-21 2433 1608.053 -7.184 -0.445
2026-03-22 2433 1608.053 0 0
2026-03-23 2421 1612.289 4.236 0.263
2026-03-24 2419 1610.125 -2.164 -0.134
2026-03-25 2421 1615.478 5.353 0.332
2026-03-26 2412 1629.543 14.065 0.871
2026-03-27 2432 1606.101 -23.442 -1.439
2026-03-28 2431 1599.335 -6.766 -0.421
2026-03-29 2431 1599.335 0 0
2026-03-30 2394 1639.625 40.29 2.519
2026-03-31 2393 1640.43 0.805 0.049
2026-04-01 2407 1641.983 1.553 0.095
2026-04-02 2394 1652.296 10.313 0.628
2026-04-03 2400 1645.479 -6.817 -0.413
2026-04-04 2400 1645.479 0 0
2026-04-05 2400 1645.479 0 0
2026-04-06 2401 1645.479 0 0
2026-04-07 2371 1677.829 32.35 1.966
2026-04-08 2435 1636.044 -41.785 -2.49
2026-04-09 2381 1696.714 60.67 3.708
2026-04-10 2363 1717.498 20.784 1.225
2026-04-11 2362 1718.855 1.357 0.079
2026-04-12 2362 1718.855 0 0
2026-04-13 2324 1756.845 37.99 2.21
2026-04-14 2353 1745.516 -11.329 -0.645
2026-04-15 2404 1702.513 -43.003 -2.464
2026-04-16 2409 1705.804 3.291 0.193
2026-04-17 2421 1703.106 -2.698 -0.158
2026-04-18 2418 1705.705 2.599 0.153
2026-04-19 2419 1705.705 0 0
2026-04-20 2487 1644.722 -60.983 -3.575
2026-04-21 2484 1646.224 1.502 0.091
2026-04-22 2465 1664.431 18.207 1.106
2026-04-23 2449 1667.854 3.423 0.206
2026-04-24 2457 1652.399 -15.455 -0.927
2026-04-25 2458 1648.013 -4.386 -0.265
2026-04-26 2458 1648.013 0 0
2026-04-27 2451 1655.674 7.661 0.465
2026-04-28 2434 1674.315 18.641 1.126
2026-04-29 2446 1662.839 -11.476 -0.685
2026-04-30 2423 1688.18 25.341 1.524
2026-05-01 2431 1685.73 -2.45 -0.145
2026-05-02 2421 1695.059 9.329 0.553
2026-05-04 2400 1713.922 18.863 1.113
2026-05-05 2397 1724.372 10.45 0.61
2026-05-06 2423 1701.175 -23.197 -1.345
2026-05-07 2434 1702.734 1.559 0.092
2026-05-08 2460 1678.286 -24.448 -1.436
2026-05-09 2449 1688.195 9.909 0.59
2026-05-10 2449 1688.195 0 0
<<<<<<< HEAD
2026-05-11 2469 1666.372 -21.823 -1.293
2026-05-12 2484 1639.012 -27.36 -1.642
2026-05-13 2500 1614.852 -24.16 -1.474
2026-05-14 2499 1615.785 0.933 0.058
2026-05-15 2511 1591.402 -24.383 -1.509
2026-05-16 2518 1579.774 -11.628 -0.731
2026-05-17 2518 1579.774 0 0
2026-05-18 2491 1610.093 30.319 1.919
2026-05-19 2473 1626.384 16.291 1.012
2026-05-20 2514 1587.601 -38.783 -2.385
2026-05-21 2511 1593.496 5.895 0.371
2026-05-22 2574 1548.357 -45.139 -2.833
2026-05-23 2579 1546.421 -1.936 -0.125
2026-05-24 2579 1546.421 0 0
2026-05-26 2600 1535.089 -11.332 -0.733
2026-05-27 2691 1456.107 -78.982 -5.145
2026-05-28 2703 1448.256 -7.851 -0.539
2026-05-29 2610 1518.726 70.47 4.866
2026-05-31 2609 1524.416 5.69 0.375
2026-06-01 2618 1521.042 -3.374 -0.221
2026-06-02 2613 1517.745 -3.297 -0.217
2026-06-03 2593 1534.064 16.319 1.075
2026-06-04 2606 1521.277 -12.787 -0.834
2026-06-05 2567 1546.327 25.05 1.647
2026-06-06 2583 1530.998 -15.329 -0.991
2026-06-07 2583 1530.998 0 0
2026-06-08 2581 1523.155 -7.843 -0.512
2026-06-09 2594 1516.907 -6.248 -0.41
2026-06-10 2602 1501.464 -15.443 -1.018
2026-06-11 2590 1514.448 12.984 0.865
2026-06-12 2645 1481.433 -33.015 -2.18
2026-06-13 2645 1486.158 4.725 0.319
2026-06-15 2681 1465.027 -21.131 -1.422
2026-06-16 2712 1441.822 -23.205 -1.584
2026-06-17 2703 1445.092 3.27 0.227
2026-06-18 2728 1422.208 -22.884 -1.584
2026-06-19 2712 1427.366 5.158 0.363
2026-06-20 2712 1427.366 0 0
2026-06-21 2712 1427.366 0 0
2026-06-23 2713 1427.068 -0.298 -0.021
2026-06-24 2753 1398.467 -28.601 -2.004
2026-06-25 2772 1379.261 -19.206 -1.373
2026-06-26 2785 1372.271 -6.99 -0.507
2026-06-27 2796 1362.845 -9.426 -0.687
2026-06-28 2796 1362.845 0 0
2026-06-29 2810 1354.651 -8.194 -0.601
2026-06-30 2811 1355.581 0.93 0.069
2026-07-01 2833 1339.166 -16.415 -1.211
2026-07-02 2823 1347.695 8.529 0.637
2026-07-03 2782 1386.493 38.798 2.879
2026-07-04 2782 1386.493 0 0
2026-07-05 2782 1386.493 0 0
2026-07-06 2810 1367.306 -19.187 -1.384
2026-07-07 2811 1358.485 -8.821 -0.645
2026-07-08 2754 1393.725 35.24 2.594
2026-07-09 2762 1391.175 -2.55 -0.183
2026-07-10 2763 1395.815 4.64 0.334
2026-07-11 2774 1389.587 -6.228 -0.446
2026-07-12 2774 1389.587 0 0
2026-07-13 2774 1386.155 -3.432 -0.247
2026-07-14 2780 1379.482 -6.673 -0.481
2026-07-15 2783 1384.77 5.288 0.383
2026-07-16 2718 1426.409 41.639 3.007
2026-07-17 2722 1415.984 -10.425 -0.731
2026-07-18 2717 1417.523 1.539 0.109
2026-07-19 2716 1417.523 0 0
2026-07-20 2696 1425.197 7.674 0.541
2026-07-21 2686 1442.684 17.487 1.227
2026-07-22 2650 1467.199 24.515 1.699
2026-07-23 2599 1504.848 37.649 2.566
2026-07-24 2579 1510.917 6.069 0.403
2026-07-25 2574 1517.181 6.264 0.415
2026-07-26 2574 1517.181 0 0
2026-07-27 2596 1514.95 -2.231 -0.147
2026-07-28 2631 1483.537 -31.413 -2.074
2026-07-29 2640 1479.465 -4.072 -0.274
2026-07-30 2636 1484.395 4.93 0.333
2026-07-31 2619 1504.962 20.567 1.386
2026-08-01 2605 1517.704 12.742 0.847
2026-08-02 2605 1517.704 0 0
2026-08-03 2615 1521.247 3.543 0.233
2026-08-04 2628 1510.724 -10.523 -0.692
2026-08-05 2663 1495.861 -14.863 -0.984
2026-08-06 2650 1499.236 3.375 0.226
2026-08-07 2686 1479.217 -20.019 -1.335
2026-08-08 2678 1485.772 6.555 0.443
2026-08-09 2678 1485.772 0 0
2026-08-10 2675 1491.056 5.284 0.356
2026-08-11 2649 1505.389 14.333 0.961
2026-08-12 2651 1505.373 -0.016 -0.001
2026-08-13 2635 1515.781 10.408 0.691
=======
2026-05-11 2453 1688.195 0 0
2026-05-12 2471 1666.372 0 0
2026-05-13 2483 1639.012 0 0
2026-05-14 2494 1614.852 0 0
2026-05-15 2500 1615.785 0 0
2026-05-16 2511 1591.402 0 0
2026-05-17 2518 1579.774 0 0
2026-05-18 2515 1579.774 0 0
2026-05-19 2488 1610.093 0 0
2026-05-20 2476 1626.384 0 0
2026-05-21 2523 1587.601 0 0
2026-05-22 2552 1562.529 0 0
2026-05-23 2574 1548.357 0 0
2026-05-24 2579 1546.421 0 0
2026-05-25 2585 1546.421 0 0
2026-05-26 2582 1546.421 0 0
2026-05-27 2636 1505.443 0 0
2026-05-28 2677 1466.944 0 0
2026-05-29 2696 1448.256 0 0
2026-05-30 2610 1518.726 0 0
2026-05-31 2609 1524.416 0 0
2026-06-01 2614 1524.416 0 0
2026-06-02 2613 1521.042 0 0
2026-06-03 2618 1517.745 0 0
2026-06-04 2589 1534.064 0 0
2026-06-05 2604 1521.277 0 0
2026-06-06 2567 1546.327 0 0
2026-06-07 2583 1530.998 0 0
2026-06-09 2588 1523.155 0 0
2026-06-10 2585 1516.907 0 0
2026-06-11 2602 1501.464 0 0
2026-06-12 2602 1514.448 0 0
2026-06-13 2645 1481.433 0 0
2026-06-14 2645 1486.158 0 0
2026-06-16 2679 1465.027 0 0
2026-06-17 2709 1441.822 0 0
2026-06-18 2697 1445.092 0 0
2026-06-19 2728 1422.208 0 0
2026-06-20 2712 1427.366 0 0
2026-06-21 2712 1427.366 0 0
2026-06-22 2714 1427.366 0 0
2026-06-23 2730 1415.291 0 0
2026-06-24 2713 1427.068 0 0
2026-06-25 2755 1398.467 0 0
2026-06-26 2767 1379.261 0 0
2026-06-27 2785 1372.271 0 0
2026-06-28 2796 1362.845 0 0
2026-06-29 2800 1362.845 0 0
2026-06-30 2807 1354.651 0 0
2026-07-01 2818 1355.581 0 0
2026-07-02 2836 1339.166 0 0
2026-07-03 2823 1347.695 0 0
2026-07-04 2782 1386.493 0 0
2026-07-05 2782 1386.493 0 0
2026-07-06 2783 1386.493 0 0
2026-07-07 2804 1367.306 0 0
2026-07-08 2805 1358.485 0 0
2026-07-09 2749 1393.725 0 0
2026-07-10 2771 1391.175 0 0
2026-07-11 2763 1395.815 0 0
2026-07-12 2774 1389.587 0 0
2026-07-13 2769 1389.587 0 0
2026-07-14 2775 1386.155 0 0
2026-07-15 2787 1379.482 0 0
2026-07-16 2782 1384.77 0 0
2026-07-17 2714 1426.409 0 0
2026-07-18 2722 1415.984 0 0
2026-07-19 2717 1417.523 0 0
2026-07-20 2715 1417.523 0 0
2026-07-21 2699 1425.197 0 0
2026-07-22 2682 1442.684 0 0
2026-07-23 2649 1467.199 0 0
2026-07-24 2593 1504.848 0 0
2026-07-25 2579 1510.917 0 0
2026-07-26 2574 1517.181 0 0
2026-07-27 2580 1517.181 0 0
2026-07-28 2591 1514.95 0 0
2026-07-29 2634 1483.537 0 0
2026-07-30 2641 1479.465 0 0
2026-07-31 2648 1484.395 0 0
2026-08-01 2619 1504.962 0 0
2026-08-02 2605 1517.704 0 0
2026-08-03 2612 1517.704 0 0
2026-08-04 2617 1521.247 0 0
2026-08-05 2635 1510.724 0 0
2026-08-06 2666 1495.861 0 0
2026-08-07 2654 1499.236 0 0
2026-08-08 2686 1479.217 0 0
2026-08-09 2678 1485.772 0 0
2026-08-10 2681 1485.772 0 0
2026-08-11 2674 1491.056 0 0
2026-08-12 2648 1505.389 0 0
2026-08-13 2651 1505.373 0 0
2026-08-14 2635 1515.781 0 0
>>>>>>> 2b550085baac25c543016ca743053a87bf115d5d
2026-08-15 2611 1535.626 0 0
2026-08-16 2604 1546.61 0 0
2026-08-17 2604 1546.61 0 0
2026-08-18 2607 1543.073 0 0
2026-08-19 2547 1590.783 0 0
2026-08-20 2597 1544.759 0 0
