2026-03-10 1815 2310 0 0
2026-03-11 1813 2310 0 0
2026-03-12 1794 2310 0 0
2026-03-13 1780 2310 0 0
2026-03-14 1772 2310 0 0
2026-03-15 1772 2310 0 0
2026-03-16 1778 2310 0 0
2026-03-17 1781 2310 0 0
2026-03-18 1784 2310 0 0
2026-03-19 1762 2310 0 0
2026-03-20 1756 2310 0 0
2026-03-21 1753 2310 0 0
2026-03-22 1753 2310 0 0
2026-03-23 1735 2310 0 0
2026-03-24 1756 2310 0 0
2026-03-25 1762 2310 0 0
2026-03-27 1743 2310 0 0
2026-03-28 1738 2310 0 0
2026-03-29 1735 2310 0 0
2026-03-30 1737 2310 0 0
2026-03-31 1741 2310 0 0
2026-04-01 1749 2310 0 0
2026-04-02 1756 2310 0 0
2026-04-03 1746 2310 0 0
2026-04-04 1746 2310 0 0
2026-04-05 1746 2310 0 0
2026-04-06 1746 2310 0 0
2026-04-07 1743 2310 0 0
2026-04-08 1767 2310 0 0
2026-04-09 1789 2310 0 0
2026-04-10 1785 2310 0 0
2026-04-11 1787 2310 0 0
2026-04-12 1787 2310 0 0
2026-04-13 1784 2310 0 0
2026-04-14 1789 2310 0 0
2026-04-15 1806 2310 0 0
2026-04-16 1816 2310 0 0
2026-04-17 1815 2310 0 0
2026-04-18 1820 2310 0 0
2026-04-19 1820 2310 0 0
2026-04-20 1830 2310 0 0
2026-04-21 1824 2310 0 0
2026-04-22 1822 2310 0 0
2026-04-23 1812 2310 0 0
2026-04-24 1808 2310 0 0
2026-04-25 1806 2310 0 0
2026-04-26 1806 2310 0 0
2026-04-27 1808 2310 0 0
2026-04-28 1805 2310 0 0
2026-04-29 1807 2310 0 0
2026-04-30 1805 2310 0 0
2026-05-01 1809 2310 0 0
2026-05-02 1810 2310 0 0
2026-05-04 1810 2310 0 0
2026-05-05 1820 2310 0 0
2026-05-06 1822 2310 0 0
2026-05-07 1829 2310 0 0
2026-05-08 1831 2310 0 0
2026-05-09 1829 2310 0 0
2026-05-10 1829 2310 0 0
2026-05-11 1831 2310 0 0
2026-05-12 1826 2310 0 0
2026-05-13 1821 2310 0 0
2026-05-14 1828 2310 0 0
2026-05-15 1821 2310 0 0
2026-05-16 1815 2310 0 0
2026-05-17 1815 2310 0 0
2026-05-18 1811 2310 0 0
2026-05-19 1811 2310 0 0
2026-05-20 1810 2310 0 0
2026-05-21 1818 2310 0 0
2026-05-22 1818 2310 0 0
2026-05-23 1817 2310 0 0
2026-05-24 1817 2310 0 0
2026-05-26 1815 2310 0 0
2026-05-27 1820 2310 0 0
2026-05-28 1814 2310 0 0
2026-05-29 1809 2310 0 0
2026-05-31 1812 2310 0 0
2026-06-01 1811 2310 0 0
2026-06-02 1813 2310 0 0
2026-06-03 1808 2310 0 0
2026-06-04 1803 2310 0 0
2026-06-05 1787 2310 0 0
2026-06-06 1782 2310 0 0
2026-06-07 1782 2310 0 0
2026-06-08 1775 2310 0 0
2026-06-09 1785 2310 0 0
2026-06-10 1772 2310 0 0
2026-06-11 1775 2310 0 0
2026-06-12 1775 2310 0 0
2026-06-13 1779 2310 0 0
2026-06-15 1794 2310 0 0
2026-06-16 1799 2310 0 0
2026-06-17 1799 2310 0 0
2026-06-18 1797 2310 0 0
2026-06-19 1792 2310 0 0
2026-06-20 1792 2310 0 0
2026-06-21 1792 2310 0 0
2026-06-23 1774 2310 0 0
2026-06-24 1770 2310 0 0
2026-06-25 1776 2310 0 0
2026-06-26 1776 2310 0 0
2026-06-27 1777 2310 0 0
2026-06-28 1777 2310 0 0
2026-06-29 1781 2310 0 0
2026-06-30 1784 2310 0 0
2026-07-01 1787 2310 0 0
2026-07-02 1793 2310 0 0
2026-07-03 1798 2310 0 0
2026-07-04 1798 2310 0 0
2026-07-05 1798 2310 0 0
2026-07-06 1793 2310 0 0
2026-07-07 1791 2310 0 0
2026-07-08 1775 2310 0 0
2026-07-09 1781 2310 0 0
2026-07-10 1787 2310 0 0
2026-07-11 1788 2310 0 0
2026-07-12 1788 2310 0 0
2026-07-13 1779 2310 0 0
2026-07-14 1781 2310 0 0
2026-07-15 1790 2310 0 0
2026-07-16 1788 2310 0 0
2026-07-17 1767 2310 0 0
2026-07-18 1766 2310 0 0
2026-07-19 1765 2310 0 0
2026-07-20 1767 2310 0 0
2026-07-21 1775 2310 0 0
2026-07-22 1772 2310 0 0
2026-07-23 1770 2310 0 0
2026-07-24 1761 2310 0 0
2026-07-25 1760 2310 0 0
2026-07-26 1760 2310 0 0
2026-07-27 1772 2310 0 0
2026-07-28 1773 2310 0 0
2026-07-29 1771 2310 0 0
2026-07-30 1768 2310 0 0
2026-07-31 1779 2310 0 0
2026-08-01 1776 2310 0 0
2026-08-02 1776 2310 0 0
2026-08-03 1776 2310 0 0
2026-08-04 1792 2310 0 0
2026-08-05 1803 2310 0 0
2026-08-06 1802 2310 0 0
2026-08-07 1804 2310 0 0
2026-08-08 1806 2310 0 0
2026-08-09 1806 2310 0 0
2026-08-10 1811 2310 0 0
2026-08-11 1803 2310 0 0
2026-08-12 1808 2310 0 0
2026-08-13 1808 2310 0 0
2026-08-15 1819 2310 0 0
2026-08-16 1818 2310 0 0
2026-08-17 1823 2310 0 0
2026-08-18 1817 2310 0 0
2026-08-19 1807 2310 0 0
2026-08-20 1813 2310 0 0
2026-08-21 1818 2310 0 0
2026-08-23 1817 2310 0 0
2026-08-24 1811 2310 0 0
2026-08-25 1819 2310 0 0
2026-08-26 1821 2310 0 0
2026-08-27 1818 2310 0 0
2026-08-28 1817 2310 0 0
2026-08-29 1813 2310 0 0
2026-08-30 1813 2310 0 0
2026-08-31 1814 2310 0 0
2026-09-01 1811 2310.0 0 0
