2026-04-07 3338 1000.935 0 0
2026-04-08 3224 1087.445 86.51 8.643
2026-04-09 3169 1127.204 39.759 3.656
2026-04-10 3100 1168.659 41.455 3.678
2026-04-11 3108 1167.84 -0.819 -0.07
2026-04-12 3108 1167.84 0 0
2026-04-13 3098 1173.929 6.089 0.521
2026-04-14 3123 1165.664 -8.265 -0.704
2026-04-15 2976 1247.861 82.197 7.052
2026-04-16 3057 1215.251 -32.61 -2.613
2026-04-17 3102 1189.736 -25.515 -2.1
2026-04-18 3102 1193.321 3.585 0.301
2026-04-19 3102 1193.321 0 0
2026-04-20 3126 1179.904 -13.417 -1.124
2026-04-21 2954 1284.956 105.052 8.903
2026-04-22 2918 1302.942 17.986 1.4
2026-04-23 2925 1297.676 -5.266 -0.404
2026-04-24 2915 1295.193 -2.483 -0.191
2026-04-25 2915 1293.269 -1.924 -0.149
2026-04-26 2915 1293.269 0 0
2026-04-27 2942 1273.516 -19.753 -1.527
2026-04-28 2893 1305.249 31.733 2.492
2026-04-29 2951 1262.245 -43.004 -3.295
2026-04-30 2951 1267.144 4.899 0.388
2026-05-01 2960 1266.344 -0.8 -0.063
2026-05-02 2960 1266.344 0 0
2026-05-04 2913 1302.215 35.871 2.833
2026-05-05 2997 1245.274 -56.941 -4.373
2026-05-06 3000 1239.512 -5.762 -0.463
2026-05-07 3033 1229.216 -10.296 -0.831
2026-05-08 3059 1213.556 -15.66 -1.274
2026-05-09 3062 1210.585 -2.971 -0.245
2026-05-10 3062 1210.585 0 0
<<<<<<< HEAD
2026-05-11 3191 1145.083 -65.502 -5.411
2026-05-12 3300 1073.933 -71.15 -6.214
2026-05-13 3250 1101.368 27.435 2.555
2026-05-14 3234 1109.383 8.015 0.728
2026-05-15 3257 1095.582 -13.801 -1.244
2026-05-16 3253 1093.341 -2.241 -0.205
2026-05-17 3253 1093.341 0 0
2026-05-18 3286 1070.911 -22.43 -2.052
2026-05-19 3272 1081.852 10.941 1.022
2026-05-20 3261 1091.748 9.896 0.915
2026-05-21 3275 1088.077 -3.671 -0.336
2026-05-22 3269 1084.267 -3.81 -0.35
2026-05-23 3249 1096.825 12.558 1.158
2026-05-24 3249 1096.825 0 0
2026-05-26 3244 1102.549 5.724 0.522
2026-05-27 3266 1094.627 -7.922 -0.719
2026-05-28 3255 1094.556 -0.071 -0.006
2026-05-29 3274 1080.184 -14.372 -1.313
2026-05-31 3262 1088.058 7.874 0.729
2026-06-01 3253 1092.884 4.826 0.444
2026-06-02 3196 1122.911 30.027 2.748
2026-06-03 3201 1108.535 -14.376 -1.28
2026-06-04 3193 1110.712 2.177 0.196
2026-06-05 3133 1144.436 33.724 3.036
2026-06-06 3110 1154.743 10.307 0.901
2026-06-07 3110 1154.743 0 0
2026-06-08 3164 1118.056 -36.687 -3.177
2026-06-09 3125 1140.502 22.446 2.008
2026-06-10 3149 1123.333 -17.169 -1.505
2026-06-11 3148 1126.199 2.866 0.255
2026-06-12 3105 1161.655 35.456 3.148
2026-06-13 3089 1169.563 7.908 0.681
2026-06-15 3019 1218.763 49.2 4.207
2026-06-16 3089 1178.584 -40.179 -3.297
2026-06-17 3090 1176.381 -2.203 -0.187
2026-06-18 3075 1186.009 9.628 0.818
2026-06-19 3071 1184.537 -1.472 -0.124
2026-06-20 3071 1184.537 0 0
2026-06-21 3071 1184.537 0 0
2026-06-23 3134 1148.509 -36.028 -3.042
2026-06-24 3073 1178.325 29.816 2.596
2026-06-25 3057 1180.021 1.696 0.144
2026-06-26 3052 1183.294 3.273 0.277
2026-06-27 3052 1183.294 0 0
2026-06-28 3052 1183.294 0 0
2026-06-29 3039 1201.832 18.538 1.567
2026-06-30 3046 1195.01 -6.822 -0.568
2026-07-01 3019 1212.466 17.456 1.461
2026-07-02 3030 1209.83 -2.636 -0.217
2026-07-03 3040 1210.231 0.401 0.033
2026-07-04 3040 1210.231 0 0
2026-07-05 3040 1210.231 0 0
2026-07-06 3121 1173.132 -37.099 -3.065
2026-07-07 3163 1131.521 -41.611 -3.547
2026-07-08 3160 1129.345 -2.176 -0.192
2026-07-09 3109 1160.91 31.565 2.795
2026-07-10 3054 1198.396 37.486 3.229
2026-07-11 3065 1199.166 0.77 0.064
2026-07-12 3065 1199.166 0 0
2026-07-13 2992 1220.924 21.758 1.814
2026-07-14 3056 1191.499 -29.425 -2.41
2026-07-15 2945 1257.166 65.667 5.511
2026-07-16 3057 1194.282 -62.884 -5.002
2026-07-17 3012 1208.585 14.303 1.198
2026-07-18 3009 1209.48 0.895 0.074
2026-07-19 3008 1209.48 0 0
2026-07-20 3062 1181.203 -28.277 -2.338
2026-07-21 3044 1196.126 14.923 1.263
2026-07-22 3060 1184.516 -11.61 -0.971
2026-07-23 3080 1172.271 -12.245 -1.034
2026-07-24 3070 1170.261 -2.01 -0.171
2026-07-25 3070 1170.321 0.06 0.005
2026-07-26 3070 1170.321 0 0
2026-07-27 3109 1154.285 -16.036 -1.37
2026-07-28 3127 1138.489 -15.796 -1.368
2026-07-29 3145 1129.765 -8.724 -0.766
2026-07-30 3150 1124.15 -5.615 -0.497
2026-07-31 3151 1135.733 11.583 1.03
2026-08-01 3148 1138.872 3.139 0.276
2026-08-02 3148 1138.872 0 0
2026-08-03 3170 1128.501 -10.371 -0.911
2026-08-04 3190 1121.949 -6.552 -0.581
2026-08-05 3195 1124.386 2.437 0.217
2026-08-06 3219 1110.975 -13.411 -1.193
2026-08-07 3213 1118.424 7.449 0.67
2026-08-08 3213 1118.6 0.176 0.016
2026-08-09 3213 1118.6 0 0
2026-08-10 3191 1135.276 16.676 1.491
2026-08-11 3191 1136.215 0.939 0.083
2026-08-12 3163 1155.575 19.36 1.704
2026-08-13 3144 1161.072 5.497 0.476
=======
2026-05-11 3067 1210.585 0 0
2026-05-12 3186 1145.083 0 0
2026-05-13 3302 1073.933 0 0
2026-05-14 3242 1101.368 0 0
2026-05-15 3232 1109.383 0 0
2026-05-16 3257 1095.582 0 0
2026-05-17 3253 1093.341 0 0
2026-05-18 3248 1093.341 0 0
2026-05-19 3292 1070.911 0 0
2026-05-20 3268 1081.852 0 0
2026-05-21 3235 1104.201 0 0
2026-05-22 3261 1087.615 0 0
2026-05-23 3269 1084.267 0 0
2026-05-24 3249 1096.825 0 0
2026-05-25 3199 1118.611 0 0
2026-05-26 3231 1106.638 0 0
2026-05-27 3252 1097.76 0 0
2026-05-28 3263 1094.627 0 0
2026-05-29 3254 1094.556 0 0
2026-05-30 3274 1080.184 0 0
2026-05-31 3262 1088.058 0 0
2026-06-01 3231 1105.477 0 0
2026-06-02 3243 1096.12 0 0
2026-06-03 3186 1129.031 0 0
2026-06-04 3190 1109.239 0 0
2026-06-05 3187 1120.291 0 0
2026-06-06 3133 1144.436 0 0
2026-06-07 3110 1154.743 0 0
2026-06-09 3164 1118.056 0 0
2026-06-10 3121 1139.684 0 0
2026-06-11 3159 1116.415 0 0
2026-06-12 3143 1138.991 0 0
2026-06-13 3105 1161.655 0 0
2026-06-14 3089 1169.563 0 0
2026-06-16 3079 1185.904 0 0
2026-06-17 3061 1194.816 0 0
2026-06-18 3073 1185.131 0 0
2026-06-19 3076 1186.305 0 0
2026-06-20 3071 1184.537 0 0
2026-06-21 3071 1184.537 0 0
2026-06-22 3101 1168.713 0 0
2026-06-23 3091 1171.261 0 0
2026-06-24 3129 1148.509 0 0
2026-06-25 3067 1178.325 0 0
2026-06-26 3049 1180.021 0 0
2026-06-27 3052 1183.294 0 0
2026-06-28 3052 1183.294 0 0
2026-06-29 3111 1154.332 0 0
2026-06-30 3037 1201.832 0 0
2026-07-01 3040 1203.289 0 0
2026-07-02 3027 1212.466 0 0
2026-07-03 3037 1209.83 0 0
2026-07-04 3040 1210.231 0 0
2026-07-05 3040 1210.231 0 0
2026-07-06 3043 1210.231 0 0
2026-07-07 3113 1173.132 0 0
2026-07-08 3160 1131.521 0 0
2026-07-09 3155 1129.345 0 0
2026-07-10 3117 1160.91 0 0
2026-07-11 3054 1198.396 0 0
2026-07-12 3065 1199.166 0 0
2026-07-13 3048 1199.166 0 0
2026-07-14 2993 1220.924 0 0
2026-07-15 3062 1191.499 0 0
2026-07-16 2949 1257.166 0 0
2026-07-17 3051 1194.282 0 0
2026-07-18 3012 1208.585 0 0
2026-07-19 3009 1209.48 0 0
2026-07-20 3009 1209.48 0 0
2026-07-21 3064 1181.203 0 0
2026-07-22 3045 1196.126 0 0
2026-07-23 3062 1184.516 0 0
2026-07-24 3074 1172.271 0 0
2026-07-25 3070 1170.261 0 0
2026-07-26 3070 1170.321 0 0
2026-07-27 3074 1170.321 0 0
2026-07-28 3106 1154.285 0 0
2026-07-29 3128 1138.489 0 0
2026-07-30 3148 1129.765 0 0
2026-07-31 3162 1124.15 0 0
2026-08-01 3151 1135.733 0 0
2026-08-02 3148 1138.872 0 0
2026-08-03 3147 1138.872 0 0
2026-08-04 3176 1128.501 0 0
2026-08-05 3199 1121.949 0 0
2026-08-06 3195 1124.386 0 0
2026-08-07 3216 1110.975 0 0
2026-08-08 3213 1118.424 0 0
2026-08-09 3213 1118.6 0 0
2026-08-10 3215 1118.6 0 0
2026-08-11 3187 1135.276 0 0
2026-08-12 3195 1136.215 0 0
2026-08-13 3163 1155.575 0 0
2026-08-14 3143 1161.072 0 0
>>>>>>> 2b550085baac25c543016ca743053a87bf115d5d
2026-08-15 3168 1149.027 0 0
2026-08-16 3169 1149.208 0 0
2026-08-17 3168 1149.208 0 0
2026-08-18 3147 1163.971 0 0
2026-08-19 3188 1133.26 0 0
2026-08-20 3187 1134.358 0 0
2026-08-21 3125 1171.841 0 0
2026-08-22 3165 1150.745 0 0
2026-08-24 3164 1150.752 0 0
2026-08-25 3171 1147.598 0 0
2026-08-26 3117 1185.38 0 0
2026-08-27 3168 1155.423 0 0
2026-08-28 3217 1122.495 0 0
