2026-03-10 3336 1022.706 0 0
2026-03-11 3365 1002.905 -19.801 -1.936
2026-03-12  970.286 -32.619 -3.252
2026-03-19  997.999 27.713 2.856
2026-03-24 3265 1038.556 40.557 4.064
2026-03-25 3314 1013.494 -25.062 -2.413
2026-03-26 3300 1024.262 10.768 1.062
2026-03-27 3282 1030.22 5.958 0.582
2026-03-28 3282 1029.591 -0.629 -0.061
2026-03-29 3282 1029.591 0 0
2026-03-30 3286 1026.727 -2.864 -0.278
2026-03-31 3275 1036.888 10.161 0.99
2026-04-01 3291 1035.219 -1.669 -0.161
2026-04-02 3262 1051.915 16.696 1.613
2026-04-03 3258 1051.121 -0.794 -0.075
2026-04-04 3258 1051.121 0 0
2026-04-05 3258 1051.121 0 0
2026-04-06 3263 1046.653 -4.468 -0.425
2026-04-07 3288 1031.314 -15.339 -1.466
2026-04-08 3296 1041.853 10.539 1.022
2026-04-09 3315 1035.849 -6.004 -0.576
2026-04-10 3341 1021.309 -14.54 -1.404
2026-04-11 3344 1021.79 0.481 0.047
2026-04-12 3344 1021.79 0 0
2026-04-13 3323 1029.58 7.79 0.762
2026-04-14 3351 1015.637 -13.943 -1.354
2026-04-15 3324 1043.864 28.227 2.779
2026-04-16 3353 1029.765 -14.099 -1.351
2026-04-17 3329 1051.816 22.051 2.141
2026-04-18 3330 1052.273 0.457 0.043
2026-04-19 3330 1052.273 0 0
2026-04-20 3317 1065.333 13.06 1.241
2026-04-21 3333 1045.858 -19.475 -1.828
2026-04-22 3337 1039.689 -6.169 -0.59
2026-04-23 3327 1039.426 -0.263 -0.025
2026-04-24 3289 1068.45 29.024 2.792
2026-04-25 3288 1068.39 -0.06 -0.006
2026-04-26 3288 1068.39 0 0
2026-04-27 3275 1081.335 12.945 1.212
2026-04-28 3260 1086.593 5.258 0.486
2026-04-29 3262 1081.52 -5.073 -0.467
2026-04-30 3244 1092.732 11.212 1.037
2026-05-01 3246 1091.573 -1.159 -0.106
2026-05-02 3246 1091.982 0.409 0.037
2026-05-04 3245 1095.189 3.207 0.294
2026-05-05 3219 1112.183 16.994 1.552
2026-05-06 3263 1087.781 -24.402 -2.194
2026-05-07 3243 1110.534 22.753 2.092
2026-05-08 3260 1104.575 -5.959 -0.537
2026-05-09 3257 1104.545 -0.03 -0.003
2026-05-10 3257 1104.545 0 0
<<<<<<< HEAD
2026-05-11 3260 1101.452 -3.093 -0.28
2026-05-12 3231 1109.761 8.309 0.754
2026-05-13 3282 1083.958 -25.803 -2.325
2026-05-14 3276 1085.375 1.417 0.131
2026-05-15 3262 1091.132 5.757 0.53
2026-05-16 3255 1090.597 -0.535 -0.049
2026-05-17 3255 1090.597 0 0
2026-05-18 3240 1098.501 7.904 0.725
2026-05-19 3271 1082.123 -16.378 -1.491
2026-05-20 3224 1109.13 27.007 2.496
2026-05-21 3227 1109.381 0.251 0.023
2026-05-22 3280 1078.449 -30.932 -2.788
2026-05-23 3287 1078.213 -0.236 -0.022
2026-05-24 3287 1078.213 0 0
2026-05-26 3300 1072.256 -5.957 -0.552
2026-05-27 3324 1045.5 -26.756 -2.495
2026-05-28 3370 1010.359 -35.141 -3.361
2026-05-29 3384 1000.156 -10.203 -1.01
2026-05-31 3392 1000.409 0.253 0.025
2026-06-01 3360 1016.333 15.924 1.592
2026-06-02 3363 1010.942 -5.391 -0.53
2026-06-03 3366 1005.167 -5.775 -0.571
2026-06-04 3369 1003.093 -2.074 -0.206
2026-06-05 3355 1006.05 2.957 0.295
2026-06-06 3358 1005.269 -0.781 -0.078
2026-06-07 3358 1005.269 0 0
2026-06-08 3342 1006.529 1.26 0.125
2026-06-09 3319 1019.972 13.443 1.336
2026-06-10 3315 1022.024 2.052 0.201
2026-06-11 3300 1028.337 6.313 0.618
2026-06-12 3260 1062.098 33.761 3.283
2026-06-13 3268 1062.711 0.613 0.058
2026-06-15 3274 1067.867 5.156 0.485
2026-06-16 3293 1054.602 -13.265 -1.242
2026-06-17 3300 1043.489 -11.113 -1.054
2026-06-18 3283 1059.894 16.405 1.572
2026-06-19 3281 1058.771 -1.123 -0.106
2026-06-20 3281 1058.771 0 0
2026-06-21 3281 1058.771 0 0
2026-06-23 3185 1105.983 47.212 4.459
2026-06-24 3226 1080.094 -25.889 -2.341
2026-06-25 3265 1050.299 -29.795 -2.759
2026-06-26 3300 1027.783 -22.516 -2.144
2026-06-27 3302 1027.981 0.198 0.019
2026-06-28 3302 1027.981 0 0
2026-06-29 3312 1024.774 -3.207 -0.312
2026-06-30 3304 1031.03 6.256 0.61
2026-07-01 3317 1029.083 -1.947 -0.189
2026-07-02 3258 1064.971 35.888 3.487
2026-07-03 3266 1065.514 0.543 0.051
2026-07-04 3266 1065.514 0 0
2026-07-05 3266 1065.514 0 0
2026-07-06 3267 1068.263 2.749 0.258
2026-07-07 3255 1072.23 3.967 0.371
2026-07-08 3220 1087.524 15.294 1.426
2026-07-09 3276 1055.032 -32.492 -2.988
2026-07-10 3236 1086.364 31.332 2.97
2026-07-11 3239 1086.264 -0.1 -0.009
2026-07-12 3239 1086.264 0 0
2026-07-13 3241 1077.786 -8.478 -0.78
2026-07-14 3193 1106.57 28.784 2.671
2026-07-15 3198 1106.083 -0.487 -0.044
2026-07-16 3194 1107.372 1.289 0.117
2026-07-17 3236 1074.335 -33.037 -2.983
2026-07-18 3232 1074.306 -0.029 -0.003
2026-07-19 3231 1074.306 0 0
2026-07-20 3219 1078.43 4.124 0.384
2026-07-21 3165 1110.938 32.508 3.014
2026-07-22 3179 1103.592 -7.346 -0.661
2026-07-23 3170 1114.99 11.398 1.033
2026-07-24 3148 1119.376 4.386 0.393
2026-07-25 3147 1119.461 0.085 0.008
2026-07-26 3147 1119.461 0 0
2026-07-27 3158 1115.795 -3.666 -0.327
2026-07-28 3147 1124.76 8.965 0.803
2026-07-29 3152 1124.572 -0.188 -0.017
2026-07-30 3121 1142.172 17.6 1.565
2026-07-31 3132 1148.891 6.719 0.588
2026-08-01 3134 1148.92 0.029 0.003
2026-08-02 3134 1148.92 0 0
2026-08-03 3118 1160.949 12.029 1.047
2026-08-04 3167 1136.405 -24.544 -2.114
2026-08-05 3150 1152.431 16.026 1.41
2026-08-06 3092 1188.954 36.523 3.169
2026-08-07 3127 1166.768 -22.186 -1.866
2026-08-08 3129 1166.972 0.204 0.017
2026-08-09 3129 1166.972 0 0
2026-08-10 3159 1151.506 -15.466 -1.325
2026-08-11 3152 1154.141 2.635 0.229
2026-08-12 3120 1178.526 24.385 2.113
2026-08-13 3102 1190.441 11.915 1.011
=======
2026-05-11 3257 1104.545 0 0
2026-05-12 3260 1101.452 0 0
2026-05-13 3236 1109.761 0 0
2026-05-14 3272 1083.958 0 0
2026-05-15 3277 1085.375 0 0
2026-05-16 3262 1091.132 0 0
2026-05-17 3255 1090.597 0 0
2026-05-18 3251 1090.597 0 0
2026-05-19 3244 1098.501 0 0
2026-05-20 3267 1082.123 0 0
2026-05-21 3225 1109.13 0 0
2026-05-22 3236 1100.33 0 0
2026-05-23 3280 1078.449 0 0
2026-05-24 3287 1078.213 0 0
2026-05-25 3290 1078.213 0 0
2026-05-26 3288 1078.213 0 0
2026-05-27 3298 1072.256 0 0
2026-05-28 3322 1045.5 0 0
2026-05-29 3372 1010.359 0 0
2026-05-30 3384 1000.156 0 0
2026-05-31 3392 1000.409 0 0
2026-06-01 3390 1000.409 0 0
2026-06-02 3357 1016.333 0 0
2026-06-03 3359 1010.942 0 0
2026-06-04 3362 1005.167 0 0
2026-06-05 3368 1003.093 0 0
2026-06-06 3355 1006.05 0 0
2026-06-07 3358 1005.269 0 0
2026-06-09 3345 1006.529 0 0
2026-06-10 3316 1019.972 0 0
2026-06-11 3308 1022.024 0 0
2026-06-12 3304 1028.337 0 0
2026-06-13 3260 1062.098 0 0
2026-06-14 3268 1062.711 0 0
2026-06-16 3276 1067.867 0 0
2026-06-17 3292 1054.602 0 0
2026-06-18 3297 1043.489 0 0
2026-06-19 3282 1059.894 0 0
2026-06-20 3281 1058.771 0 0
2026-06-21 3281 1058.771 0 0
2026-06-22 3273 1058.771 0 0
2026-06-23 3226 1087.526 0 0
2026-06-24 3187 1105.983 0 0
2026-06-25 3220 1080.094 0 0
2026-06-26 3258 1050.299 0 0
2026-06-27 3300 1027.783 0 0
2026-06-28 3302 1027.981 0 0
2026-06-29 3299 1027.981 0 0
2026-06-30 3312 1024.774 0 0
2026-07-01 3311 1031.03 0 0
2026-07-02 3314 1029.083 0 0
2026-07-03 3261 1064.971 0 0
2026-07-04 3266 1065.514 0 0
2026-07-05 3266 1065.514 0 0
2026-07-06 3267 1065.514 0 0
2026-07-07 3266 1068.263 0 0
2026-07-08 3250 1072.23 0 0
2026-07-09 3218 1087.524 0 0
2026-07-10 3284 1055.032 0 0
2026-07-11 3236 1086.364 0 0
2026-07-12 3239 1086.264 0 0
2026-07-13 3234 1086.264 0 0
2026-07-14 3238 1077.786 0 0
2026-07-15 3195 1106.57 0 0
2026-07-16 3199 1106.083 0 0
2026-07-17 3186 1107.372 0 0
2026-07-18 3236 1074.335 0 0
2026-07-19 3232 1074.306 0 0
2026-07-20 3232 1074.306 0 0
2026-07-21 3218 1078.43 0 0
2026-07-22 3168 1110.938 0 0
2026-07-23 3185 1103.592 0 0
2026-07-24 3164 1114.99 0 0
2026-07-25 3148 1119.376 0 0
2026-07-26 3147 1119.461 0 0
2026-07-27 3151 1119.461 0 0
2026-07-28 3157 1115.795 0 0
2026-07-29 3156 1124.76 0 0
2026-07-30 3155 1124.572 0 0
2026-07-31 3127 1142.172 0 0
2026-08-01 3132 1148.891 0 0
2026-08-02 3134 1148.92 0 0
2026-08-03 3131 1148.92 0 0
2026-08-04 3126 1160.949 0 0
2026-08-05 3173 1136.405 0 0
2026-08-06 3149 1152.431 0 0
2026-08-07 3089 1188.954 0 0
2026-08-08 3127 1166.768 0 0
2026-08-09 3129 1166.972 0 0
2026-08-10 3134 1166.972 0 0
2026-08-11 3153 1151.506 0 0
2026-08-12 3155 1154.141 0 0
2026-08-13 3120 1178.526 0 0
2026-08-14 3104 1190.441 0 0
>>>>>>> 2b550085baac25c543016ca743053a87bf115d5d
2026-08-15 3169 1148.884 0 0
2026-08-16 3168 1149.279 0 0
2026-08-17 3167 1149.279 0 0
2026-08-18 3122 1176.889 0 0
2026-08-19 3132 1169.287 0 0
2026-08-20 3083 1194.546 0 0
2026-08-21 3090 1193.83 0 0
2026-08-22 3087 1201.042 0 0
2026-08-24 3090 1200.923 0 0
2026-08-25 3072 1205.849 0 0
2026-08-26 3082 1204.629 0 0
2026-08-27 3139 1173.054 0 0
2026-08-28 3060 1219.299 0 0
2026-08-29 3044 1225.256 0 0
