<<<<<<< HEAD
2026-05-11 1548 2762.004 0 0
2026-05-12 1528 2785.803 23.799 0.862
2026-05-13 1550 2749.456 -36.347 -1.305
2026-05-14 1413 3025.353 275.897 10.035
2026-05-15 1552 2722.825 -302.528 -10
2026-05-16 1554 2715.422 -7.403 -0.272
2026-05-17 1554 2715.422 0 0
2026-05-18 1466 2891.15 175.728 6.471
2026-05-19 1524 2765.68 -125.47 -4.34
2026-05-20 1581 2640.723 -124.957 -4.518
2026-05-21 1581 2639.83 -0.893 -0.034
2026-05-22 1595 2621.699 -18.131 -0.687
2026-05-23 1597 2626.098 4.399 0.168
2026-05-24 1597 2626.098 0 0
2026-05-26 1662 2521.455 -104.643 -3.985
2026-05-27 1706 2463.6 -57.855 -2.295
2026-05-28 1605 2629.438 165.838 6.732
2026-05-29 1676 2516.917 -112.521 -4.279
2026-05-31 1677 2521.194 4.277 0.17
2026-06-01 1796 2329.765 -191.429 -7.593
2026-06-02 1740 2416.492 86.727 3.723
2026-06-03 1648 2549.215 132.723 5.492
2026-06-04 1690 2484.455 -64.76 -2.54
2026-06-05 1750 2368.707 -115.748 -4.659
2026-06-06 1751 2370.631 1.924 0.081
2026-06-07 1751 2370.631 0 0
2026-06-08 1932 2134.139 -236.492 -9.976
2026-06-09 1873 2205.149 71.01 3.327
2026-06-10 1868 2202.027 -3.122 -0.142
2026-06-11 1933 2132.431 -69.596 -3.161
2026-06-12 1927 2152.002 19.571 0.918
2026-06-13 1926 2157.126 5.124 0.238
2026-06-15 1806 2295.31 138.184 6.406
2026-06-16 1798 2310.651 15.341 0.668
2026-06-17 1737 2395.767 85.116 3.684
2026-06-18 1656 2532.517 136.75 5.708
2026-06-19 1652 2530.606 -1.911 -0.075
2026-06-20 1652 2530.606 0 0
2026-06-21 1652 2530.606 0 0
2026-06-23 1562 2666.654 136.048 5.376
2026-06-24 1567 2665.559 -1.095 -0.041
2026-06-25 1549 2693.169 27.61 1.036
2026-06-26 1707 2426.411 -266.758 -9.905
2026-06-27 1709 2425.983 -0.428 -0.018
2026-06-28 1709 2425.983 0 0
2026-06-29 1790 2290.754 -135.229 -5.574
2026-06-30 1782 2320.065 29.311 1.28
2026-07-01 1890 2199.292 -120.773 -5.206
2026-07-02 2035 2032.265 -167.027 -7.595
2026-07-03 2102 1984.575 -47.69 -2.347
2026-07-04 2102 1984.575 0 0
2026-07-05 2102 1984.575 0 0
2026-07-06 2180 1911.412 -73.163 -3.687
2026-07-07 2284 1805.914 -105.498 -5.519
2026-07-08 2299 1790.85 -15.064 -0.834
2026-07-09 2186 1887.937 97.087 5.421
2026-07-10 2201 1882.629 -5.308 -0.281
2026-07-11 2197 1886.823 4.194 0.223
2026-07-12 2197 1886.823 0 0
2026-07-13 2289 1795.367 -91.456 -4.847
2026-07-14 2228 1852.628 57.261 3.189
2026-07-15 2321 1770.437 -82.191 -4.436
2026-07-16 2412 1689.744 -80.693 -4.558
2026-07-17 2583 1522.104 -167.64 -9.921
2026-07-18 2584 1520.037 -2.067 -0.136
2026-07-19 2583 1520.037 0 0
2026-07-20 2775 1368.734 -151.303 -9.954
2026-07-21 2680 1446.019 77.285 5.646
2026-07-22 2747 1396.042 -49.977 -3.456
2026-07-23 2760 1380.183 -15.859 -1.136
2026-07-24 2791 1351.388 -28.795 -2.086
2026-07-25 2790 1350.67 -0.718 -0.053
2026-07-26 2790 1350.67 0 0
2026-07-27 2634 1485.123 134.453 9.955
2026-07-28 2793 1355.915 -129.208 -8.7
2026-07-29 2861 1313.841 -42.074 -3.103
2026-07-30 3052 1183.403 -130.438 -9.928
2026-07-31 2886 1302.876 119.473 10.096
2026-08-01 2885 1304.614 1.738 0.133
2026-08-02 2885 1304.614 0 0
2026-08-03 2930 1275.44 -29.174 -2.236
2026-08-04 2765 1401.174 125.734 9.858
2026-08-05 2603 1541.102 139.928 9.986
2026-08-06 2430 1695.562 154.46 10.023
2026-08-07 2250 1864.127 168.565 9.942
2026-08-08 2251 1864.569 0.442 0.024
2026-08-09 2251 1864.569 0 0
2026-08-10 2240 1876.758 12.189 0.654
2026-08-11 2400 1727.441 -149.317 -7.956
2026-08-12 2311 1808.452 81.011 4.69
2026-08-13 2299 1817.76 9.308 0.515
=======
2026-05-12 1548 2762.004 0 0
2026-05-13 1559 2706.248 0 0
2026-05-14 1515 2808.267 0 0
2026-05-15 1535 2775.698 0 0
2026-05-16 1552 2722.825 0 0
2026-05-17 1554 2715.422 0 0
2026-05-18 1438 2929.576 0 0
2026-05-19 1552 2718.876 0 0
2026-05-20 1589 2625.217 0 0
2026-05-21 1578 2647.2 0 0
2026-05-22 1616 2594.503 0 0
2026-05-23 1595 2621.699 0 0
2026-05-24 1597 2626.098 0 0
2026-05-25 1649 2546.534 0 0
2026-05-26 1663 2523.184 0 0
2026-05-27 1701 2479.511 0 0
2026-05-28 1606 2627.23 0 0
2026-05-29 1651 2558.819 0 0
2026-05-30 1676 2516.917 0 0
2026-05-31 1676 2521.194 0 0
2026-06-01 1768 2373.173 0 0
2026-06-02 1734 2439.587 0 0
2026-06-03 1645 2562.85 0 0
2026-06-04 1684 2494.035 0 0
2026-06-05 1699 2463.199 0 0
2026-06-06 1750 2368.707 0 0
2026-06-07 1751 2370.631 0 0
2026-06-09 1902 2178.4 0 0
2026-06-10 1949 2122.436 0 0
2026-06-11 1909 2155.159 0 0
2026-06-12 1924 2153.239 0 0
2026-06-13 1927 2152.002 0 0
2026-06-14 1926 2157.126 0 0
2026-06-16 1766 2357.45 0 0
2026-06-17 1743 2393.265 0 0
2026-06-18 1688 2480.117 0 0
2026-06-19 1653 2532.517 0 0
2026-06-20 1652 2530.606 0 0
2026-06-21 1652 2530.606 0 0
2026-06-22 1738 2388.09 0 0
2026-06-23 1574 2659.653 0 0
2026-06-24 1611 2579.936 0 0
2026-06-25 1524 2747.814 0 0
2026-06-26 1690 2442.728 0 0
2026-06-27 1707 2426.411 0 0
2026-06-28 1709 2425.983 0 0
2026-06-29 1807 2279.521 0 0
2026-06-30 1751 2367.225 0 0
2026-07-01 1872 2225.345 0 0
2026-07-02 1940 2138.672 0 0
2026-07-03 2027 2043.509 0 0
2026-07-04 2102 1984.575 0 0
2026-07-05 2102 1984.575 0 0
2026-07-06 2154 1931.759 0 0
2026-07-07 2286 1811.407 0 0
2026-07-08 2288 1800.724 0 0
2026-07-09 2349 1737.239 0 0
2026-07-10 2162 1915.591 0 0
2026-07-11 2201 1882.629 0 0
2026-07-12 2197 1886.823 0 0
2026-07-13 2206 1874.253 0 0
2026-07-14 2255 1821.374 0 0
2026-07-15 2253 1830.532 0 0
2026-07-16 2336 1758.733 0 0
2026-07-17 2587 1531.364 0 0
2026-07-18 2583 1522.104 0 0
2026-07-19 2584 1520.037 0 0
2026-07-20 2639 1481.886 0 0
2026-07-21 2880 1291.132 0 0
2026-07-22 2684 1441.676 0 0
2026-07-23 2744 1393.871 0 0
2026-07-24 2789 1356.329 0 0
2026-07-25 2791 1351.388 0 0
2026-07-26 2790 1350.67 0 0
2026-07-27 2630 1485.123 0 0
2026-07-28 2679 1445.655 0 0
2026-07-29 2874 1302.08 0 0
2026-07-30 2953 1246.546 0 0
2026-07-31 2886 1301.085 0 0
2026-08-01 2886 1302.876 0 0
2026-08-02 2885 1304.614 0 0
2026-08-03 2886 1305.05 0 0
2026-08-04 2805 1365.139 0 0
2026-08-05 2599 1540.806 0 0
2026-08-06 2500 1622.461 0 0
2026-08-07 2334 1785.669 0 0
2026-08-08 2250 1864.127 0 0
2026-08-09 2251 1864.569 0 0
2026-08-10 2253 1862.392 0 0
2026-08-11 2387 1738.325 0 0
2026-08-12 2371 1751.82 0 0
2026-08-13 2306 1810.195 0 0
2026-08-14 2345 1785.963 0 0
>>>>>>> 2b550085baac25c543016ca743053a87bf115d5d
2026-08-15 2306 1812.533 0 0
2026-08-16 2314 1813.367 0 0
2026-08-17 2314 1813.367 0 0
2026-08-18 2294 1834.72 0 0
2026-08-19 2363 1776.045 0 0
2026-08-20 2520 1602.305 0 0
2026-08-21 2514 1620.04 0 0
2026-08-22 2498 1643.465 0 0
2026-08-24 2496 1644.297 0 0
2026-08-25 2424 1717.306 0 0
2026-08-26 2464 1672.816 0 0
2026-08-27 2377 1760.01 0 0
2026-08-28 2442 1711.185 0 0
2026-08-29 2437 1711.363 0 0
2026-08-30 2438 1711.236 0 0
2026-08-31 2431 1711.236 0 0
