2026-05-12 2916 1307.026 0 0
2026-05-13 2967 1274.069 -32.957 -2.522
2026-05-14 3008 1239.331 -34.738 -2.727
2026-05-15 3108 1174.18 -65.151 -5.257
2026-05-16 3103 1173.435 -0.745 -0.063
2026-05-17 3103 1173.435 0 0
2026-05-18 3150 1146.836 -26.599 -2.267
2026-05-19 3208 1116.393 -30.443 -2.655
2026-05-20 3254 1094.778 -21.615 -1.936
2026-05-21 3261 1094.484 -0.294 -0.027
2026-05-22 3122 1172.541 78.057 7.132
2026-05-23 3109 1179.093 6.552 0.559
2026-05-24 3109 1179.093 0 0
2026-05-26 3046 1214.135 35.042 2.972
2026-05-27 2981 1254.43 40.295 3.319
2026-05-28 3045 1211.357 -43.073 -3.434
2026-05-29 2982 1249.647 38.29 3.161
2026-05-31 2976 1253.157 3.51 0.281
2026-06-01 2989 1247.52 -5.637 -0.45
2026-06-02 3034 1217.721 -29.799 -2.389
2026-06-03 2837 1332.468 114.747 9.423
2026-06-04 2888 1300.012 -32.456 -2.436
2026-06-05 3010 1215.37 -84.642 -6.511
2026-06-06 3009 1213.23 -2.14 -0.176
2026-06-07 3009 1213.23 0 0
2026-06-08 3081 1162.807 -50.423 -4.156
2026-06-09 3021 1198.621 35.814 3.08
2026-06-10 3138 1125.247 -73.374 -6.122
2026-06-11 3187 1098.232 -27.015 -2.401
2026-06-12 3162 1123.968 25.736 2.343
2026-06-13 3166 1125.621 1.653 0.147
2026-06-15 3179 1122.829 -2.792 -0.248
2026-06-16 3188 1114.32 -8.509 -0.758
2026-06-17 3149 1144.149 29.829 2.677
2026-06-18 3074 1186.193 42.044 3.675
2026-06-19 3064 1186.945 0.752 0.063
2026-06-20 3064 1186.945 0 0
2026-06-21 3064 1186.945 0 0
2026-06-23 3113 1156.465 -30.48 -2.568
2026-06-24 3100 1163.041 6.576 0.569
2026-06-25 3124 1143.048 -19.993 -1.719
2026-06-26 3178 1102.09 -40.958 -3.583
2026-06-27 3185 1099.897 -2.193 -0.199
2026-06-28 3185 1099.897 0 0
2026-06-29 3186 1104.046 4.149 0.377
2026-06-30 3205 1095.085 -8.961 -0.812
2026-07-01 3251 1070.129 -24.956 -2.279
2026-07-02 3226 1087.411 17.282 1.615
2026-07-03 3227 1089.362 1.951 0.179
2026-07-04 3227 1089.362 0 0
2026-07-05 3227 1089.362 0 0
2026-07-06 3234 1089.362 0 0
2026-07-07 3286 1051.124 -38.238 -3.51
2026-07-08 3298 1036.613 -14.511 -1.381
2026-07-09 3337 1012.249 -24.364 -2.35
2026-07-10 3348 1009.184 -3.065 -0.303
2026-07-11 3356 1009.184 0 0
2026-07-12 3356 1009.184 0 0
2026-07-13 3333 1017.409 8.225 0.815
2026-07-14  970.411 -46.998 -4.619
2026-07-28  934.241 -36.17 -3.727
2026-08-06 3358 1015.947 81.706 8.746
2026-08-07 3372 1004.579 -11.368 -1.119
2026-08-08 3383 1001.518 -3.061 -0.305
2026-08-09 3383 1001.518 0 0
2026-08-10 3340 1028.553 27.035 2.699
2026-08-11 3280 1076.614 48.061 4.673
2026-08-12 3241 1103.717 27.103 2.517
2026-08-13 3237 1105.824 2.107 0.191
2026-08-15 3249 1098.046 -7.778 -0.703
2026-08-16 3249 1098.046 0 0
2026-08-17 3216 1113.216 15.17 1.382
2026-08-18 3219 1110.201 -3.015 -0.271
2026-08-19 3211 1112.25 2.049 0.185
2026-08-20 3203 1124.274 12.024 1.081
2026-08-21 3216 1118.693 -5.581 -0.496
2026-08-23 3209 1122.871 4.178 0.373
2026-08-24 3227 1106.108 -16.763 -1.493
2026-08-25 3222 1112.54 6.432 0.581
2026-08-26 3230 1113.203 0.663 0.06
2026-08-27 3102 1195.734 82.531 7.414
2026-08-28 3137 1178.497 -17.237 -1.442
2026-08-29 3134 1181.2 2.703 0.229
2026-08-30 3134 1181.2 0 0
2026-08-31 3189 1141.255 -39.945 -3.382
2026-09-01 3120 1191.955 0 0
2026-09-02 3134 1176.956 0 0
2026-09-03 3161 1156.581 0 0
2026-09-04 3160 1160.653 0 0
