2026-03-10 2530 1562.197 0 0
2026-03-11 2581 1527.571 -34.626 -2.216
2026-03-12 2583 1513.954 -13.617 -0.891
2026-03-13 2606 1492.64 -21.314 -1.408
2026-03-14 2610 1486.671 -5.969 -0.4
2026-03-15 2610 1486.671 0 0
2026-03-16 2642 1456.049 -30.622 -2.06
2026-03-17 2639 1460.505 4.456 0.306
2026-03-18 2638 1463.787 3.282 0.225
2026-03-19 2661 1429.173 -34.614 -2.365
2026-03-20 2669 1414.838 -14.335 -1.003
2026-03-21 2666 1418.765 3.927 0.278
2026-03-22 2666 1418.765 0 0
2026-03-23 2707 1379.117 -39.648 -2.795
2026-03-24 2669 1402.746 23.629 1.713
2026-03-25 2666 1419.857 17.111 1.22
2026-03-27 2736 1371.163 -48.694 -3.43
2026-03-28 2734 1366.679 -4.484 -0.327
2026-03-29 2735 1366.679 0 0
2026-03-30 2731 1361.529 -5.15 -0.377
2026-03-31 2828 1304.601 -56.928 -4.181
2026-04-01 2799 1326.232 21.631 1.658
2026-04-02 2833 1305.946 -20.286 -1.53
2026-04-03 2830 1303.247 -2.699 -0.207
2026-04-04 2830 1303.247 0 0
2026-04-05 2830 1303.247 0 0
2026-04-06 2834 1303.247 0 0
2026-04-07 2876 1279.781 -23.466 -1.801
2026-04-08 2768 1368.954 89.173 6.968
2026-04-09 2795 1348.088 -20.866 -1.524
2026-04-10 2769 1380.07 31.982 2.372
2026-04-11 2769 1381.605 1.535 0.111
2026-04-12 2769 1381.605 0 0
2026-04-13 2793 1363.772 -17.833 -1.291
2026-04-14 2792 1370.34 6.568 0.482
2026-04-15 2824 1350.719 -19.621 -1.432
2026-04-16 2663 1478.343 127.624 9.449
2026-04-17 2633 1501.422 23.079 1.561
2026-04-18 2643 1499.905 -1.517 -0.101
2026-04-19 2643 1499.905 0 0
2026-04-20 2689 1467.519 -32.386 -2.159
2026-04-21 2694 1465.051 -2.468 -0.168
2026-04-22 2621 1523.259 58.208 3.973
2026-04-23 2623 1506.629 -16.63 -1.092
2026-04-24 2664 1478.484 -28.145 -1.868
2026-04-25 2660 1478.332 -0.152 -0.01
2026-04-26 2660 1478.332 0 0
2026-04-27 2698 1449.928 -28.404 -1.921
2026-04-28 2688 1454.056 4.128 0.285
2026-04-29 2655 1491.602 37.546 2.582
2026-04-30 2690 1450.32 -41.282 -2.768
2026-05-01 2694 1450.235 -0.085 -0.006
2026-05-02 2695 1450.235 0 0
2026-05-04 2700 1450.235 0 0
2026-05-05 2667 1489.689 39.454 2.721
2026-05-06 2668 1489.689 0 0
2026-05-07 2729 1452.695 -36.994 -2.483
2026-05-08 2753 1438.369 -14.326 -0.986
2026-05-09 2752 1438.305 -0.064 -0.004
2026-05-10 2752 1438.305 0 0
2026-05-11 2763 1431.718 -6.587 -0.458
2026-05-12 2780 1408.443 -23.275 -1.626
2026-05-13 2733 1446.626 38.183 2.711
2026-05-14 2742 1429.494 -17.132 -1.184
2026-05-15 2725 1429.436 -0.058 -0.004
2026-05-16 2725 1425.55 -3.886 -0.272
2026-05-17 2725 1425.55 0 0
2026-05-18 2786 1388.323 -37.227 -2.611
2026-05-19 2788 1381.661 -6.662 -0.48
2026-05-20 2803 1377.285 -4.376 -0.317
2026-05-21 2803 1376.82 -0.465 -0.034
2026-05-22 2814 1366.251 -10.569 -0.768
2026-05-23 2812 1368.543 2.292 0.168
2026-05-24 2812 1368.543 0 0
2026-05-26 2889 1316.761 -51.782 -3.784
2026-05-27 2931 1293.545 -23.216 -1.763
2026-05-28 2941 1284.717 -8.828 -0.682
2026-05-29 2947 1277.159 -7.558 -0.588
2026-05-31 2946 1279.329 2.17 0.17
2026-06-01 2938 1286.029 6.7 0.524
2026-06-02 2913 1298.002 11.973 0.931
2026-06-03 2941 1278.227 -19.775 -1.523
2026-06-04 2935 1276.901 -1.326 -0.104
2026-06-05 2963 1242.78 -34.121 -2.672
2026-06-06 2963 1243.79 1.01 0.081
2026-06-07 2963 1243.79 0 0
2026-06-08 3009 1207.069 -36.721 -2.952
2026-06-09 2937 1260.621 53.552 4.437
2026-06-10 2955 1243.669 -16.952 -1.345
2026-06-11 2974 1224.777 -18.892 -1.519
2026-06-12 3057 1180.975 -43.802 -3.576
2026-06-13 3066 1183.787 2.812 0.238
2026-06-15 3033 1212.696 28.909 2.442
2026-06-16 3081 1183.828 -28.868 -2.38
2026-06-17 3025 1216.404 32.576 2.752
2026-06-18 2991 1239.193 22.789 1.873
2026-06-19 2986 1238.258 -0.935 -0.075
2026-06-20 2986 1238.258 0 0
2026-06-21 2986 1238.258 0 0
2026-06-23 3057 1189.278 -48.98 -3.956
2026-06-24 3069 1178.913 -10.365 -0.872
2026-06-25 3088 1165.275 -13.638 -1.157
2026-06-26 3119 1145.45 -19.825 -1.701
2026-06-27 3118 1145.248 -0.202 -0.018
2026-06-28 3118 1145.248 0 0
2026-06-29 3126 1148.927 3.679 0.321
2026-06-30 3139 1143.273 -5.654 -0.492
2026-07-01 3143 1142.035 -1.238 -0.108
2026-07-02 3148 1141.56 -0.475 -0.042
2026-07-03 3032 1212.323 70.763 6.199
2026-07-04 3032 1212.323 0 0
2026-07-05 3032 1212.323 0 0
2026-07-06 3079 1187.899 -24.424 -2.015
2026-07-07 3134 1153.93 -33.969 -2.86
2026-07-08 3171 1120.745 -33.185 -2.876
2026-07-09 3172 1121.498 0.753 0.067
2026-07-10 3177 1124.067 2.569 0.229
2026-07-11 3175 1126.571 2.504 0.223
2026-07-12 3175 1126.571 0 0
2026-07-13 3169 1124.495 -2.076 -0.184
2026-07-14 3163 1129.07 4.575 0.407
2026-07-15 3143 1148.622 19.552 1.732
2026-07-16 3136 1149.297 0.675 0.059
2026-07-17 3139 1128.583 -20.714 -1.802
2026-07-18 3140 1127.051 -1.532 -0.136
2026-07-19 3139 1127.051 0 0
2026-07-20 3110 1151.279 24.228 2.15
2026-07-21 3079 1176.903 25.624 2.226
2026-07-22 3043 1191.659 14.756 1.254
2026-07-23 2973 1230.275 38.616 3.241
2026-07-24 3002 1212.434 -17.841 -1.45
2026-07-25 3004 1211.79 -0.644 -0.053
2026-07-26 3004 1211.79 0 0
2026-07-27 3046 1197.247 -14.543 -1.2
2026-07-28 3055 1185.03 -12.217 -1.02
2026-07-29 3010 1211.639 26.609 2.245
2026-07-30 2884 1291.165 79.526 6.564
2026-07-31 2917 1278.593 -12.572 -0.974
2026-08-01 2918 1280.298 1.705 0.133
2026-08-02 2918 1280.298 0 0
2026-08-03 2894 1300.228 19.93 1.557
2026-08-04 2929 1286.881 -13.347 -1.027
2026-08-05 2912 1301.717 14.836 1.153
2026-08-06 2926 1294.051 -7.666 -0.589
2026-08-07 2943 1284.787 -9.264 -0.716
2026-08-08 2945 1285.092 0.305 0.024
2026-08-09 2945 1285.092 0 0
2026-08-10 2925 1304.091 18.999 1.478
2026-08-11 2992 1254.74 -49.351 -3.784
2026-08-12 2989 1254.677 -0.063 -0.005
2026-08-13 2988 1257.338 2.661 0.212
2026-08-15 2972 1267.89 10.552 0.839
2026-08-16 2972 1267.89 0 0
2026-08-17 2907 1317.293 49.403 3.896
2026-08-18 2951 1284.405 -32.888 -2.497
2026-08-19 3020 1232.526 -51.879 -4.039
2026-08-20 3036 1223.442 -9.084 -0.737
2026-08-21 3090 1197.348 -26.094 -2.133
2026-08-23 3092 1197.954 0.606 0.051
2026-08-24 3110 1189.577 -8.377 -0.699
2026-08-25 3118 1185.308 -4.269 -0.359
2026-08-26 3138 1169.649 -15.659 -1.321
2026-08-27 3141 1176.082 6.433 0.55
2026-08-28 3141 1174.575 -1.507 -0.128
2026-08-29 3143 1174.488 -0.087 -0.007
2026-08-30 3143 1174.488 0 0
2026-08-31 3267 1092.117 -82.371 -7.013
2026-09-01 3310 1062.333 0 0
2026-09-02 3287 1072.185 0 0
2026-09-03 3306 1059.552 0 0
2026-09-04 3310 1064.189 0 0
2026-09-05 3316 1058.274 0 0
