2026-03-10 1303 3255.843 0 0
2026-03-11 1308 3243.869 -11.974 -0.368
2026-03-12 1344 3128.126 -115.743 -3.568
2026-03-13 1388 3009.652 -118.474 -3.787
2026-03-14 1405 2969.52 -40.132 -1.333
2026-03-15 1405 2969.52 0 0
2026-03-16 1358 3082.656 113.136 3.81
2026-03-17 1352 3093.385 10.729 0.348
2026-03-18 1381 3045.329 -48.056 -1.554
2026-03-19 1401 2983.616 -61.713 -2.026
2026-03-20 1503 2742.406 -241.21 -8.084
2026-03-21 1510 2718.463 -23.943 -0.873
2026-03-22 1510 2718.463 0 0
2026-03-23 1463 2787.686 69.223 2.546
2026-03-24 1492 2747.345 -40.341 -1.447
2026-03-25 1479 2785.837 38.492 1.401
2026-03-27 1548 2632.102 -153.735 -5.518
2026-03-28 1533 2649.658 17.556 0.667
2026-03-29 1533 2649.658 0 0
2026-03-30 1597 2533.022 -116.636 -4.402
2026-03-31 1542 2629.816 96.794 3.821
2026-04-01 1736 2335.42 -294.396 -11.195
2026-04-02 1769 2298.646 -36.774 -1.575
2026-04-03 1762 2296.462 -2.184 -0.095
2026-04-04 1762 2296.462 0 0
2026-04-05 1762 2296.462 0 0
2026-04-06 1730 2341.515 45.053 1.962
2026-04-07 1803 2256.918 -84.597 -3.613
2026-04-08 1735 2355.131 98.213 4.352
2026-04-09 1711 2423.374 68.243 2.898
2026-04-10 1738 2373.417 -49.957 -2.061
2026-04-11 1726 2401.958 28.541 1.203
2026-04-12 1724 2401.958 0 0
2026-04-13 1773 2321.6 -80.358 -3.346
2026-04-14 1793 2302.053 -19.547 -0.842
2026-04-15 1759 2358.193 56.14 2.439
2026-04-16 1799 2324.72 -33.473 -1.419
2026-04-17 1804 2326.328 1.608 0.069
2026-04-18 1797 2341.937 15.609 0.671
2026-04-19 1797 2341.937 0 0
2026-04-20 1801 2335.058 -6.879 -0.294
2026-04-21 1802 2331.779 -3.279 -0.14
2026-04-22 1834 2291.314 -40.465 -1.735
2026-04-23 1892 2219.776 -71.538 -3.122
2026-04-24 1855 2259.068 39.292 1.77
2026-04-25 1870 2231.004 -28.064 -1.242
2026-04-26 1870 2231.004 0 0
2026-04-27 1850 2258.211 27.207 1.219
2026-04-28 1839 2271.03 12.819 0.568
2026-04-29 1927 2168.535 -102.495 -4.513
2026-04-30 1886 2214.153 45.618 2.104
2026-05-01 1881 2220.508 6.355 0.287
2026-05-02 1874 2232.967 12.459 0.561
2026-05-04 1928 2187.272 -45.695 -2.046
2026-05-05 1949 2162.22 -25.052 -1.145
2026-05-06 1930 2199.406 37.186 1.72
2026-05-07 1949 2173.08 -26.326 -1.197
2026-05-08 1925 2208.755 35.675 1.642
2026-05-09 1917 2218.228 9.473 0.429
2026-05-10 1917 2218.228 0 0
<<<<<<< HEAD
2026-05-11 1920 2220.048 1.82 0.082
2026-05-12 1935 2189.151 -30.897 -1.392
2026-05-13 1969 2132.18 -56.971 -2.602
2026-05-14 1966 2149.037 16.857 0.791
2026-05-15 2021 2065.655 -83.382 -3.88
2026-05-16 2054 2029.989 -35.666 -1.727
2026-05-17 2054 2029.989 0 0
2026-05-18 2054 2025.707 -4.282 -0.211
2026-05-19 2009 2075.016 49.309 2.434
2026-05-20 1963 2130.722 55.706 2.685
2026-05-21 1950 2146.23 15.508 0.728
2026-05-22 1880 2230.683 84.453 3.935
2026-05-23 1889 2225.314 -5.369 -0.241
2026-05-24 1889 2225.314 0 0
2026-05-26 1810 2313.287 87.973 3.953
2026-05-27 1765 2390.922 77.635 3.356
2026-05-28 1844 2275.144 -115.778 -4.842
2026-05-29 1886 2228.197 -46.947 -2.063
2026-05-31 1892 2222.734 -5.463 -0.245
2026-06-01 1906 2201.702 -21.032 -0.946
2026-06-02 1904 2197.927 -3.775 -0.171
2026-06-03 1997 2083.174 -114.753 -5.221
2026-06-04 2003 2071.972 -11.202 -0.538
2026-06-05 2208 1876.588 -195.384 -9.43
2026-06-06 2226 1856.069 -20.519 -1.093
2026-06-07 2226 1856.069 0 0
2026-06-08 2234 1836.291 -19.778 -1.066
2026-06-09 2259 1819.993 -16.298 -0.888
2026-06-10 2317 1756.088 -63.905 -3.511
2026-06-11 2278 1799.15 43.062 2.452
2026-06-12 2260 1822.353 23.203 1.29
2026-06-13 2250 1845.872 23.519 1.291
2026-06-15 2241 1857.21 11.338 0.614
2026-06-16 2266 1834.757 -22.453 -1.209
2026-06-17 2242 1861.492 26.735 1.457
2026-06-18 2239 1857.302 -4.19 -0.225
2026-06-19 2292 1800.23 -57.072 -3.073
2026-06-20 2292 1800.23 0 0
2026-06-21 2292 1800.23 0 0
2026-06-23 2187 1883.223 82.993 4.61
2026-06-24 2172 1896.628 13.405 0.712
2026-06-25 2198 1869.281 -27.347 -1.442
2026-06-26 2173 1888.719 19.438 1.04
2026-06-27 2170 1895.548 6.829 0.362
2026-06-28 2170 1895.548 0 0
2026-06-29 2205 1865.824 -29.724 -1.568
2026-06-30 2202 1878.026 12.202 0.654
2026-07-01 2174 1902.196 24.17 1.287
2026-07-02 2162 1916.582 14.386 0.756
2026-07-03 2127 1958.832 42.25 2.204
2026-07-04 2127 1958.832 0 0
2026-07-05 2127 1958.832 0 0
2026-07-06 2179 1911.932 -46.9 -2.394
2026-07-07 2200 1885.17 -26.762 -1.4
2026-07-08 2174 1893.715 8.545 0.453
2026-07-09 2143 1923.166 29.451 1.555
2026-07-10 2013 2048.261 125.095 6.505
2026-07-11 2010 2053.392 5.131 0.251
2026-07-12 2010 2053.392 0 0
2026-07-13 2071 1990.71 -62.682 -3.053
2026-07-14 2134 1931.619 -59.091 -2.968
2026-07-15 2190 1890.676 -40.943 -2.12
2026-07-16 2189 1892.44 1.764 0.093
2026-07-17 2148 1921.176 28.736 1.518
2026-07-18 2146 1915.73 -5.446 -0.283
2026-07-19 2145 1915.73 0 0
2026-07-20 2178 1878.553 -37.177 -1.941
2026-07-21 2192 1873.069 -5.484 -0.292
2026-07-22 2137 1928.316 55.247 2.95
2026-07-23 2155 1905.524 -22.792 -1.182
2026-07-24 2200 1855.537 -49.987 -2.623
2026-07-25 2195 1861.145 5.608 0.302
2026-07-26 2195 1861.145 0 0
2026-07-27 2265 1805.184 -55.961 -3.007
2026-07-28 2225 1845.628 40.444 2.24
2026-07-29 2226 1843.998 -1.63 -0.088
2026-07-30 2228 1848.569 4.571 0.248
2026-07-31 2207 1871.402 22.833 1.235
2026-08-01 2214 1867.24 -4.162 -0.222
2026-08-02 2214 1867.24 0 0
2026-08-03 2150 1932.716 65.476 3.507
2026-08-04 2129 1962.868 30.152 1.56
2026-08-05 2145 1957.943 -4.925 -0.251
2026-08-06 2228 1870.669 -87.274 -4.457
2026-08-07 2241 1869.266 -1.403 -0.075
2026-08-08 2240 1870.588 1.322 0.071
2026-08-09 2240 1870.588 0 0
2026-08-10 2254 1864.139 -6.449 -0.345
2026-08-11 2370 1755.06 -109.079 -5.851
2026-08-12 2400 1727.619 -27.441 -1.564
2026-08-13 2407 1723.042 -4.577 -0.265
=======
2026-05-11 1922 2218.228 0 0
2026-05-12 1920 2220.048 0 0
2026-05-13 1932 2189.151 0 0
2026-05-14 1970 2132.18 0 0
2026-05-15 1962 2149.037 0 0
2026-05-16 2021 2065.655 0 0
2026-05-17 2054 2029.989 0 0
2026-05-18 2044 2029.989 0 0
2026-05-19 2052 2025.707 0 0
2026-05-20 2009 2075.016 0 0
2026-05-21 1967 2130.722 0 0
2026-05-22 1937 2159.466 0 0
2026-05-23 1880 2230.683 0 0
2026-05-24 1889 2225.314 0 0
2026-05-25 1890 2225.314 0 0
2026-05-26 1801 2324.68 0 0
2026-05-27 1813 2313.287 0 0
2026-05-28 1763 2390.922 0 0
2026-05-29 1845 2275.144 0 0
2026-05-30 1886 2228.197 0 0
2026-05-31 1892 2222.734 0 0
2026-06-01 1890 2222.734 0 0
2026-06-02 1900 2201.702 0 0
2026-06-03 1903 2197.927 0 0
2026-06-04 1995 2083.174 0 0
2026-06-05 2005 2071.972 0 0
2026-06-06 2208 1876.588 0 0
2026-06-07 2226 1856.069 0 0
2026-06-09 2240 1836.291 0 0
2026-06-10 2253 1819.993 0 0
2026-06-11 2316 1756.088 0 0
2026-06-12 2291 1799.15 0 0
2026-06-13 2260 1822.353 0 0
2026-06-14 2250 1845.872 0 0
2026-06-16 2240 1857.21 0 0
2026-06-17 2271 1834.757 0 0
2026-06-18 2239 1861.492 0 0
2026-06-19 2239 1857.302 0 0
2026-06-20 2292 1800.23 0 0
2026-06-21 2292 1800.23 0 0
2026-06-22 2286 1800.23 0 0
2026-06-23 2235 1860.459 0 0
2026-06-24 2189 1883.223 0 0
2026-06-25 2171 1896.628 0 0
2026-06-26 2185 1869.281 0 0
2026-06-27 2173 1888.719 0 0
2026-06-28 2170 1895.548 0 0
2026-06-29 2167 1895.548 0 0
2026-06-30 2215 1865.824 0 0
2026-07-01 2203 1878.026 0 0
2026-07-02 2174 1902.196 0 0
2026-07-03 2161 1916.582 0 0
2026-07-04 2127 1958.832 0 0
2026-07-05 2127 1958.832 0 0
2026-07-06 2129 1958.832 0 0
2026-07-07 2170 1911.932 0 0
2026-07-08 2195 1885.17 0 0
2026-07-09 2169 1893.715 0 0
2026-07-10 2149 1923.166 0 0
2026-07-11 2013 2048.261 0 0
2026-07-12 2010 2053.392 0 0
2026-07-13 2003 2053.392 0 0
2026-07-14 2070 1990.71 0 0
2026-07-15 2143 1931.619 0 0
2026-07-16 2194 1890.676 0 0
2026-07-17 2181 1892.44 0 0
2026-07-18 2148 1921.176 0 0
2026-07-19 2146 1915.73 0 0
2026-07-20 2141 1915.73 0 0
2026-07-21 2178 1878.553 0 0
2026-07-22 2196 1873.069 0 0
2026-07-23 2141 1928.316 0 0
2026-07-24 2149 1905.524 0 0
2026-07-25 2200 1855.537 0 0
2026-07-26 2195 1861.145 0 0
2026-07-27 2203 1861.145 0 0
2026-07-28 2265 1805.184 0 0
2026-07-29 2229 1845.628 0 0
2026-07-30 2227 1843.998 0 0
2026-07-31 2231 1848.569 0 0
2026-08-01 2207 1871.402 0 0
2026-08-02 2214 1867.24 0 0
2026-08-03 2214 1867.24 0 0
2026-08-04 2157 1932.716 0 0
2026-08-05 2132 1962.868 0 0
2026-08-06 2142 1957.943 0 0
2026-08-07 2231 1870.669 0 0
2026-08-08 2241 1869.266 0 0
2026-08-09 2240 1870.588 0 0
2026-08-10 2244 1870.588 0 0
2026-08-11 2252 1864.139 0 0
2026-08-12 2369 1755.06 0 0
2026-08-13 2398 1727.619 0 0
2026-08-14 2407 1723.042 0 0
>>>>>>> 2b550085baac25c543016ca743053a87bf115d5d
2026-08-15 2385 1746.397 0 0
2026-08-16 2406 1734.53 0 0
