2026-03-10 2893 1300 0 0
2026-03-11 2899 1300 0 0
2026-03-12 2888 1300 0 0
2026-03-13 2878 1300 0 0
2026-03-14 2874 1300 0 0
2026-03-15 2874 1300 0 0
2026-03-16 2873 1300 0 0
2026-03-17 2872 1300 0 0
2026-03-18 2868 1300 0 0
2026-03-19 2845 1300 0 0
2026-03-20 2842 1300 0 0
2026-03-21 2842 1300 0 0
2026-03-22 2842 1300 0 0
2026-03-23 2829 1300 0 0
2026-03-24 2833 1300 0 0
2026-03-25 2847 1300 0 0
2026-03-27 2834 1300 0 0
2026-03-28 2830 1300 0 0
2026-03-29 2830 1300 0 0
2026-03-30 2830 1300 0 0
2026-03-31 2835 1300 0 0
2026-04-01 2850 1300 0 0
2026-04-02 2849 1300 0 0
2026-04-03 2838 1300 0 0
2026-04-04 2838 1300 0 0
2026-04-05 2838 1300 0 0
2026-04-06 2841 1300 0 0
2026-04-07 2835 1300 0 0
2026-04-08 2868 1300 0 0
2026-04-09 2867 1300 0 0
2026-04-10 2873 1300 0 0
2026-04-11 2877 1300 0 0
2026-04-12 2877 1300 0 0
2026-04-13 2881 1300 0 0
2026-04-14 2894 1300 0 0
2026-04-15 2910 1300 0 0
2026-04-16 2918 1300 0 0
2026-04-17 2918 1300 0 0
2026-04-18 2920 1300 0 0
2026-04-19 2920 1300 0 0
2026-04-20 2926 1300 0 0
2026-04-21 2924 1300 0 0
2026-04-22 2922 1300 0 0
2026-04-23 2911 1300 0 0
2026-04-24 2902 1300 0 0
2026-04-25 2901 1300 0 0
2026-04-26 2901 1300 0 0
2026-04-27 2904 1300 0 0
2026-04-28 2901 1300 0 0
2026-04-29 2900 1300 0 0
2026-04-30 2901 1300 0 0
2026-05-01 2909 1300 0 0
2026-05-02 2910 1300 0 0
2026-05-04 2918 1300 0 0
<<<<<<< HEAD
2026-05-05 2918 1300 0 0
2026-05-06 2919 1300 0 0
2026-05-07 2926 1300 0 0
2026-05-08 2932 1300 0 0
2026-05-09 2930 1300 0 0
2026-05-10 2930 1300 0 0
2026-05-11 2935 1300 0 0
2026-05-12 2926 1300 0 0
2026-05-13 2922 1300 0 0
2026-05-14 2917 1300 0 0
2026-05-15 2905 1300 0 0
2026-05-16 2902 1300 0 0
2026-05-17 2902 1300 0 0
2026-05-18 2903 1300 0 0
2026-05-19 2910 1300 0 0
2026-05-20 2911 1300 0 0
2026-05-21 2911 1300 0 0
2026-05-22 2921 1300 0 0
2026-05-23 2922 1300 0 0
2026-05-24 2922 1300 0 0
2026-05-26 2919 1300 0 0
2026-05-27 2916 1300 0 0
2026-05-28 2910 1300 0 0
2026-05-29 2905 1300 0 0
2026-05-31 2912 1300 0 0
2026-06-01 2907 1300 0 0
2026-06-02 2903 1300 0 0
2026-06-03 2895 1300 0 0
2026-06-04 2889 1300 0 0
2026-06-05 2883 1300 0 0
2026-06-06 2886 1300 0 0
2026-06-07 2886 1300 0 0
2026-06-08 2864 1300 0 0
2026-06-09 2870 1300 0 0
2026-06-10 2864 1300 0 0
2026-06-11 2857 1300 0 0
2026-06-12 2878 1300 0 0
2026-06-13 2882 1300 0 0
2026-06-15 2892 1300 0 0
2026-06-16 2898 1300 0 0
2026-06-17 2892 1300 0 0
2026-06-18 2892 1300 0 0
2026-06-19 2889 1300 0 0
2026-06-20 2889 1300 0 0
2026-06-21 2889 1300 0 0
2026-06-23 2877 1300 0 0
2026-06-24 2876 1300 0 0
2026-06-25 2872 1300 0 0
2026-06-26 2872 1300 0 0
2026-06-27 2874 1300 0 0
2026-06-28 2874 1300 0 0
2026-06-29 2874 1300 0 0
2026-06-30 2883 1300 0 0
2026-07-01 2892 1300 0 0
2026-07-02 1506 2784 1484 114.154
2026-07-03 1513 2784 0 0
2026-07-04 1513 2784 0 0
2026-07-05 1513 2784 0 0
2026-07-06 1496 2810.345 26.345 0.946
2026-07-07 1462 2857.61 47.265 1.682
2026-07-08 1563 2652.277 -205.333 -7.185
2026-07-09 1558 2659.251 6.974 0.263
2026-07-10 1627 2549.998 -109.253 -4.108
2026-07-11 1629 2549.998 0 0
2026-07-12 1629 2549.998 0 0
2026-07-13 1683 2462.442 -87.556 -3.434
2026-07-14 1645 2518.23 55.788 2.266
2026-07-15 1604 2584.091 65.861 2.615
2026-07-16 1659 2488.786 -95.305 -3.688
2026-07-17 1633 2510.482 21.696 0.872
2026-07-18 1632 2510.482 0 0
2026-07-19 1632 2510.482 0 0
2026-07-20 1581 2589.515 79.033 3.148
2026-07-21 1577 2625.158 35.643 1.376
2026-07-22 1580 2617.41 -7.748 -0.295
2026-07-23 1597 2584.091 -33.319 -1.273
2026-07-24 1558 2639.105 55.014 2.129
2026-07-25 1557 2639.105 0 0
2026-07-26 1557 2639.105 0 0
2026-07-27 1600 2577.118 -61.987 -2.349
2026-07-28 1623 2532.952 -44.166 -1.714
2026-07-29 1621 2533.727 0.775 0.031
2026-07-30 1531 2691.794 158.067 6.239
2026-07-31 1523 2727.437 35.643 1.324
2026-08-01 1525 2727.437 0 0
2026-08-02 1525 2727.437 0 0
2026-08-03 1490 2806.47 79.033 2.898
2026-08-04 1440 2901.776 95.306 3.396
2026-08-05 1275 3389.925 488.149 16.822
2026-08-06 1236 3498.403 108.478 3.2
2026-08-07 1251 3444.164 -54.239 -1.55
2026-08-08 1253 3444.164 0 0
2026-08-09 1253 3444.164 0 0
2026-08-10 1088 3985.002 540.838 15.703
2026-08-11 1037 4140.745 155.743 3.908
2026-08-12 1138 3795.166 -345.579 -8.346
2026-08-13 1353 3170.645 -624.521 -16.456
=======
2026-05-05 2921 1300.0 0 0
2026-05-06 2925 1300.0 0 0
2026-05-07 2926 1300.0 0 0
2026-05-08 2931 1300.0 0 0
2026-05-09 2936 1300.0 0 0
2026-05-10 2934 1300.0 0 0
2026-05-11 2939 1300.0 0 0
2026-05-12 2938 1300.0 0 0
2026-05-13 2928 1300.0 0 0
2026-05-14 2922 1300.0 0 0
2026-05-15 2922 1300.0 0 0
2026-05-16 2909 1300.0 0 0
2026-05-17 2906 1300.0 0 0
2026-05-18 2903 1300.0 0 0
2026-05-19 2905 1300.0 0 0
2026-05-20 2908 1300.0 0 0
2026-05-21 2918 1300.0 0 0
2026-05-22 2918 1300.0 0 0
2026-05-23 2925 1300.0 0 0
2026-05-24 2927 1300.0 0 0
2026-05-25 2924 1300.0 0 0
2026-05-26 2926 1300.0 0 0
2026-05-27 2921 1300.0 0 0
2026-05-28 2911 1300.0 0 0
2026-05-29 2915 1300.0 0 0
2026-05-30 2910 1300.0 0 0
2026-05-31 2917 1300.0 0 0
2026-06-01 2922 1300.0 0 0
2026-06-02 2906 1300.0 0 0
2026-06-03 2904 1300.0 0 0
2026-06-04 2893 1300.0 0 0
2026-06-05 2895 1300.0 0 0
2026-06-06 2888 1300.0 0 0
2026-06-07 2891 1300.0 0 0
2026-06-09 2877 1300.0 0 0
2026-06-10 2871 1300.0 0 0
2026-06-11 2856 1300.0 0 0
2026-06-12 2882 1300.0 0 0
2026-06-13 2882 1300.0 0 0
2026-06-14 2886 1300.0 0 0
2026-06-16 2895 1300.0 0 0
2026-06-17 2903 1300.0 0 0
2026-06-18 2895 1300.0 0 0
2026-06-19 2896 1300.0 0 0
2026-06-20 2893 1300.0 0 0
2026-06-21 2893 1300.0 0 0
2026-06-22 2890 1300.0 0 0
2026-06-23 2889 1300.0 0 0
2026-06-24 2876 1300.0 0 0
2026-06-25 2881 1300.0 0 0
2026-06-26 2866 1300.0 0 0
2026-06-27 2876 1300.0 0 0
2026-06-28 2879 1300.0 0 0
2026-06-29 2883 1300.0 0 0
2026-06-30 2886 1300.0 0 0
2026-07-01 2892 1300.0 0 0
2026-07-02 2891 1300.0 0 0
2026-07-03 1511 2784.0 0 0
2026-07-04 1513 2784.0 0 0
2026-07-05 1513 2784.0 0 0
2026-07-06 1512 2784.0 0 0
2026-07-07 1492 2810.345 0 0
2026-07-08 1459 2857.61 0 0
2026-07-09 1560 2652.277 0 0
2026-07-10 1562 2659.251 0 0
2026-07-11 1627 2549.998 0 0
2026-07-12 1629 2549.998 0 0
2026-07-13 1620 2549.998 0 0
2026-07-14 1682 2462.442 0 0
2026-07-15 1647 2518.23 0 0
2026-07-16 1599 2584.091 0 0
2026-07-17 1651 2488.786 0 0
2026-07-18 1633 2510.482 0 0
2026-07-19 1632 2510.482 0 0
2026-07-20 1634 2510.482 0 0
2026-07-21 1582 2589.515 0 0
2026-07-22 1583 2625.158 0 0
2026-07-23 1581 2617.41 0 0
2026-07-24 1588 2584.091 0 0
2026-07-25 1558 2639.105 0 0
2026-07-26 1557 2639.105 0 0
2026-07-27 1561 2639.105 0 0
2026-07-28 1597 2577.118 0 0
2026-07-29 1626 2532.952 0 0
2026-07-30 1622 2533.727 0 0
2026-07-31 1542 2691.794 0 0
2026-08-01 1523 2727.437 0 0
2026-08-02 1525 2727.437 0 0
2026-08-03 1527 2727.437 0 0
2026-08-04 1492 2806.47 0 0
2026-08-05 1439 2901.776 0 0
2026-08-06 1276 3389.925 0 0
2026-08-07 1236 3498.403 0 0
2026-08-08 1251 3444.164 0 0
2026-08-09 1253 3444.164 0 0
2026-08-10 1260 3444.164 0 0
2026-08-11 1086 3985.002 0 0
2026-08-12 1037 4140.745 0 0
2026-08-13 1136 3795.166 0 0
2026-08-14 1355 3170.645 0 0
>>>>>>> 2b550085baac25c543016ca743053a87bf115d5d
2026-08-15 1399 3045.896 0 0
2026-08-16 1404 3045.896 0 0
2026-08-17 1403 3045.896 0 0
2026-08-18 1425 2983.134 0 0
2026-08-19 1420 3002.505 0 0
2026-08-20 1334 3212.487 0 0
2026-08-21 1385 3093.936 0 0
2026-08-22 1340 3203.963 0 0
2026-08-23 1341 3203.963 0 0
2026-08-24 1342 3203.963 0 0
2026-08-25 1346 3190.791 0 0
2026-08-26 1314 3290.745 0 0
2026-08-27 1310 3284.547 0 0
2026-08-28 1210 3575.887 0 0
2026-08-29 1293 3377.528 0 0
2026-08-30 1293 3377.528 0 0
2026-08-31 1290 3377.528 0 0
