2026-03-10 3193 1124.123 0 0
2026-03-11 3182 1130.442 6.319 0.562
2026-03-12 3181 1127.71 -2.732 -0.242
2026-03-13 3174 1125.92 -1.79 -0.159
2026-03-14 3176 1122.648 -3.272 -0.291
2026-03-15 3175 1122.648 0 0
2026-03-16 3176 1122.648 0 0
2026-03-17 3176 1122.982 0.334 0.03
2026-03-18 3186 1122.982 0 0
2026-03-19 3171 1120.436 -2.546 -0.227
2026-03-20 3161 1120.436 0 0
2026-03-21 3170 1107.48 -12.956 -1.156
2026-03-22 3170 1107.48 0 0
2026-03-23 3162 1107.48 0 0
2026-03-24 3172 1104.46 -3.02 -0.273
2026-03-25 3182 1105.754 1.294 0.117
2026-03-27 3169 1105.754 0 0
2026-03-28 3185 1094.864 -10.89 -0.985
2026-03-29 3184 1094.864 0 0
2026-03-30 3179 1094.864 0 0
2026-03-31 3181 1094.315 -0.549 -0.05
2026-04-01 3197 1094.315 0 0
2026-04-02 3199 1094.315 0 0
2026-04-03 3152 1114.78 20.465 1.87
2026-04-04 3152 1114.78 0 0
2026-04-05 3152 1114.78 0 0
2026-04-06 3152 1114.78 0 0
2026-04-07 3153 1115.364 0.584 0.052
2026-04-08 3183 1115.364 0 0
2026-04-09 3177 1121.148 5.784 0.519
2026-04-10 3185 1120.134 -1.014 -0.09
2026-04-11 3190 1119.349 -0.785 -0.07
2026-04-12 3190 1119.349 0 0
2026-04-13 3192 1119.349 0 0
2026-04-14 3219 1111.468 -7.881 -0.704
2026-04-15 3228 1111.468 0 0
2026-04-16 3234 1111.483 0.015 0.001
2026-04-17 3233 1113.658 2.175 0.196
2026-04-18 3228 1117.014 3.356 0.301
2026-04-19 3228 1117.014 0 0
2026-04-20 3225 1117.014 0 0
2026-04-21 3230 1114.72 -2.294 -0.205
2026-04-22 3232 1110.144 -4.576 -0.411
2026-04-23 3234 1106.521 -3.623 -0.326
2026-04-24 3232 1102.934 -3.587 -0.324
2026-04-25 3229 1101.296 -1.638 -0.149
2026-04-26 3229 1101.296 0 0
2026-04-27 3233 1101.296 0 0
2026-04-28 3227 1102.246 0.95 0.086
2026-04-29 3230 1097.788 -4.458 -0.404
2026-04-30 3240 1094.257 -3.531 -0.322
2026-05-01 3243 1093.566 -0.691 -0.063
2026-05-02 3244 1093.566 0 0
2026-05-04 3249 1093.566 0 0
2026-05-05 3257 1091.567 -1.999 -0.183
2026-05-06 3256 1091.567 0 0
2026-05-07 3263 1097.018 5.451 0.499
2026-05-08 3264 1101.253 4.235 0.386
2026-05-09 3268 1098.557 -2.696 -0.245
2026-05-10 3268 1098.557 0 0
<<<<<<< HEAD
2026-05-11 3268 1098.557 0 0
2026-05-12 3273 1088.99 -9.567 -0.871
2026-05-13 3278 1085.276 -3.714 -0.341
2026-05-14 3277 1084.539 -0.737 -0.068
2026-05-15 3276 1083.831 -0.708 -0.065
2026-05-16 3274 1081.614 -2.217 -0.205
2026-05-17 3274 1081.614 0 0
2026-05-18 3269 1081.614 0 0
2026-05-19 3281 1077.194 -4.42 -0.409
2026-05-20 3281 1075.283 -1.911 -0.177
2026-05-21 3289 1071.952 -3.331 -0.31
2026-05-22 3291 1071.952 0 0
2026-05-23 3275 1084.368 12.416 1.158
2026-05-24 3275 1084.368 0 0
2026-05-26 3286 1084.368 0 0
2026-05-27 3278 1084.736 0.368 0.034
2026-05-28 3271 1084.666 -0.07 -0.006
2026-05-29 3267 1084.666 0 0
2026-05-31 3257 1092.573 7.907 0.729
2026-06-01 3255 1092.573 0 0
2026-06-02 3257 1092.586 0.013 0.001
2026-06-03 3246 1089.505 -3.081 -0.282
2026-06-04 3248 1084.411 -5.094 -0.468
2026-06-05 3249 1083.547 -0.864 -0.08
2026-06-06 3226 1093.306 9.759 0.901
2026-06-07 3226 1093.306 0 0
2026-06-08 3212 1093.306 0 0
2026-06-09 3226 1084.468 -8.838 -0.808
2026-06-10 3207 1088.49 4.022 0.371
2026-06-11 3207 1089.448 0.958 0.088
2026-06-12 3227 1083.93 -5.518 -0.506
2026-06-13 3221 1091.309 7.379 0.681
2026-06-15 3236 1091.309 0 0
2026-06-16 3233 1095.816 4.507 0.413
2026-06-17 3219 1097.67 1.854 0.169
2026-06-18 3220 1097.991 0.321 0.029
2026-06-19 3201 1100.304 2.313 0.211
2026-06-20 3201 1100.304 0 0
2026-06-21 3201 1100.304 0 0
2026-06-23 3203 1096.236 -4.068 -0.37
2026-06-24 3197 1095.52 -0.716 -0.065
2026-06-25 3189 1096.548 1.028 0.094
2026-06-26 3184 1099.589 3.041 0.277
2026-06-27 3187 1099.589 0 0
2026-06-28 3187 1099.589 0 0
2026-06-29 3195 1099.589 0 0
2026-06-30 3198 1097.947 -1.642 -0.149
2026-07-01 3204 1096.512 -1.435 -0.131
2026-07-02 3220 1089.934 -6.578 -0.6
2026-07-03 3231 1088.077 -1.857 -0.17
2026-07-04 3231 1088.077 0 0
2026-07-05 3231 1088.077 0 0
2026-07-06 3236 1088.077 0 0
2026-07-07 3226 1088.02 -0.057 -0.005
2026-07-08 3208 1092.947 4.927 0.453
2026-07-09 3223 1086.128 -6.819 -0.624
2026-07-10 3232 1088.134 2.006 0.185
2026-07-11 3233 1088.833 0.699 0.064
2026-07-12 3233 1088.833 0 0
2026-07-13 3222 1088.833 0 0
2026-07-14 3233 1085.482 -3.351 -0.308
2026-07-15 3248 1078.916 -6.566 -0.605
2026-07-16 3246 1078.229 -0.687 -0.064
2026-07-17 3232 1077.208 -1.021 -0.095
2026-07-18 3226 1078.006 0.798 0.074
2026-07-19 3225 1078.006 0 0
2026-07-20 3220 1078.006 0 0
2026-07-21 3239 1076.126 -1.88 -0.174
2026-07-22 3226 1078.538 2.412 0.224
2026-07-23 3235 1074.768 -3.77 -0.35
2026-07-24 3219 1074.782 0.014 0.001
2026-07-25 3223 1074.838 0.056 0.005
2026-07-26 3223 1074.838 0 0
2026-07-27 3238 1074.838 0 0
2026-07-28 3223 1082.276 7.438 0.692
2026-07-29 3229 1082.799 0.523 0.048
2026-07-30 3223 1085.148 2.349 0.217
2026-07-31 3240 1084.822 -0.326 -0.03
2026-08-01 3233 1087.821 2.999 0.276
2026-08-02 3233 1087.821 0 0
2026-08-03 3237 1087.821 0 0
2026-08-04 3246 1088.683 0.862 0.079
2026-08-05 3255 1088.148 -0.535 -0.049
2026-08-06 3256 1091.094 2.946 0.271
2026-08-07 3260 1089.991 -1.103 -0.101
2026-08-08 3261 1090.163 0.172 0.016
2026-08-09 3261 1090.163 0 0
2026-08-10 3266 1090.163 0 0
2026-08-11 3261 1090.163 0 0
2026-08-12 3264 1087.493 -2.67 -0.245
2026-08-13 3265 1088.748 1.255 0.115
=======
2026-05-11 3269 1098.557 0 0
2026-05-12 3266 1098.557 0 0
2026-05-13 3276 1088.99 0 0
2026-05-14 3270 1085.276 0 0
2026-05-15 3279 1084.539 0 0
2026-05-16 3276 1083.831 0 0
2026-05-17 3274 1081.614 0 0
2026-05-18 3268 1081.614 0 0
2026-05-19 3271 1081.614 0 0
2026-05-20 3275 1077.194 0 0
2026-05-21 3278 1075.283 0 0
2026-05-22 3286 1071.952 0 0
2026-05-23 3291 1071.952 0 0
2026-05-24 3275 1084.368 0 0
2026-05-25 3281 1084.368 0 0
2026-05-26 3275 1084.368 0 0
2026-05-27 3280 1084.368 0 0
2026-05-28 3271 1084.736 0 0
2026-05-29 3275 1084.666 0 0
2026-05-30 3267 1084.666 0 0
2026-05-31 3257 1092.573 0 0
2026-06-01 3257 1092.573 0 0
2026-06-02 3252 1092.573 0 0
2026-06-03 3256 1092.586 0 0
2026-06-04 3243 1089.505 0 0
2026-06-05 3252 1084.411 0 0
2026-06-06 3249 1083.547 0 0
2026-06-07 3226 1093.306 0 0
2026-06-09 3208 1093.306 0 0
2026-06-10 3220 1084.468 0 0
2026-06-11 3200 1088.49 0 0
2026-06-12 3215 1089.448 0 0
2026-06-13 3227 1083.93 0 0
2026-06-14 3221 1091.309 0 0
2026-06-16 3234 1091.309 0 0
2026-06-17 3231 1095.816 0 0
2026-06-18 3217 1097.67 0 0
2026-06-19 3215 1097.991 0 0
2026-06-20 3201 1100.304 0 0
2026-06-21 3201 1100.304 0 0
2026-06-22 3199 1100.304 0 0
2026-06-23 3198 1100.304 0 0
2026-06-24 3201 1096.236 0 0
2026-06-25 3197 1095.52 0 0
2026-06-26 3179 1096.548 0 0
2026-06-27 3184 1099.589 0 0
2026-06-28 3187 1099.589 0 0
2026-06-29 3190 1099.589 0 0
2026-06-30 3190 1099.589 0 0
2026-07-01 3201 1097.947 0 0
2026-07-02 3208 1096.512 0 0
2026-07-03 3224 1089.934 0 0
2026-07-04 3231 1088.077 0 0
2026-07-05 3231 1088.077 0 0
2026-07-06 3231 1088.077 0 0
2026-07-07 3233 1088.077 0 0
2026-07-08 3227 1088.02 0 0
2026-07-09 3206 1092.947 0 0
2026-07-10 3229 1086.128 0 0
2026-07-11 3232 1088.134 0 0
2026-07-12 3233 1088.833 0 0
2026-07-13 3227 1088.833 0 0
2026-07-14 3223 1088.833 0 0
2026-07-15 3233 1085.482 0 0
2026-07-16 3253 1078.916 0 0
2026-07-17 3239 1078.229 0 0
2026-07-18 3232 1077.208 0 0
2026-07-19 3226 1078.006 0 0
2026-07-20 3225 1078.006 0 0
2026-07-21 3219 1078.006 0 0
2026-07-22 3238 1076.126 0 0
2026-07-23 3235 1078.538 0 0
2026-07-24 3227 1074.768 0 0
2026-07-25 3219 1074.782 0 0
2026-07-26 3223 1074.838 0 0
2026-07-27 3228 1074.838 0 0
2026-07-28 3236 1074.838 0 0
2026-07-29 3228 1082.276 0 0
2026-07-30 3224 1082.799 0 0
2026-07-31 3230 1085.148 0 0
2026-08-01 3240 1084.822 0 0
2026-08-02 3233 1087.821 0 0
2026-08-03 3236 1087.821 0 0
2026-08-04 3235 1087.821 0 0
2026-08-05 3254 1088.683 0 0
2026-08-06 3260 1088.148 0 0
2026-08-07 3252 1091.094 0 0
2026-08-08 3260 1089.991 0 0
2026-08-09 3261 1090.163 0 0
2026-08-10 3265 1090.163 0 0
2026-08-11 3263 1090.163 0 0
2026-08-12 3265 1090.163 0 0
2026-08-13 3267 1087.493 0 0
2026-08-14 3265 1088.748 0 0
>>>>>>> 2b550085baac25c543016ca743053a87bf115d5d
2026-08-15 3262 1087.45 0 0
2026-08-16 3262 1087.621 0 0
2026-08-17 3262 1087.621 0 0
2026-08-18 3263 1087.621 0 0
2026-08-19 3264 1085.588 0 0
2026-08-20 3255 1084.793 0 0
2026-08-21 3259 1083.901 0 0
