<<<<<<< HEAD
2026-06-23 2694 1440.327 0 0
2026-06-24 2741 1401.689 -38.638 -2.683
2026-06-25 2497 1588.722 187.033 13.343
2026-06-26 2833 1331.638 -257.084 -16.182
2026-06-27 2834 1331.451 -0.187 -0.014
2026-06-28 2834 1331.451 0 0
2026-06-29 2675 1455.253 123.802 9.298
2026-06-30 2708 1429.34 -25.913 -1.781
2026-07-01 2712 1429.504 0.164 0.011
2026-07-02 3163 1128.409 -301.095 -21.063
2026-07-03 3069 1198.138 69.729 6.179
2026-07-04 3069 1198.138 0 0
2026-07-05 3069 1198.138 0 0
2026-07-06 3170 1133.677 -64.461 -5.38
2026-07-07 3230 1086.045 -47.632 -4.202
2026-07-08 3191 1106.174 20.129 1.853
2026-07-09 3141 1138.813 32.639 2.951
2026-07-10 3294 1051.322 -87.491 -7.683
2026-07-11 3298 1050.906 -0.416 -0.04
2026-07-12 3298 1050.906 0 0
2026-07-13 3353 1005.581 -45.325 -4.313
2026-07-14  987.621 -17.96 -1.786
=======
2026-06-23 2713 1425.632 0 0
2026-06-24 2715 1425.141 0 0
2026-06-25 2627 1499.807 0 0
2026-06-26 2754 1390.132 0 0
2026-06-27 2833 1331.638 0 0
2026-06-28 2834 1331.451 0 0
2026-06-29 2776 1378.169 0 0
2026-06-30 2635 1490.291 0 0
2026-07-01 2716 1429.34 0 0
2026-07-02 3065 1190.085 0 0
2026-07-03 3086 1179.318 0 0
2026-07-04 3069 1198.138 0 0
2026-07-05 3069 1198.138 0 0
2026-07-06 3125 1168.944 0 0
2026-07-07 3187 1115.927 0 0
2026-07-08 3135 1149.106 0 0
2026-07-09 3081 1174.843 0 0
2026-07-10 3105 1165.916 0 0
2026-07-11 3294 1051.322 0 0
2026-07-12 3298 1050.906 0 0
2026-07-13 3299 1046.701 0 0
2026-07-14 3372 985.02 0 0
2026-07-15 3375 994.632 0 0
>>>>>>> 2b550085baac25c543016ca743053a87bf115d5d
