2026-03-10 1198 3560.819 0 0
2026-03-11 1205 3547.561 -13.258 -0.372
2026-03-12 1230 3418.253 -129.308 -3.645
2026-03-13 1185 3553.434 135.181 3.955
2026-03-14 1184 3539.226 -14.208 -0.4
2026-03-15 1185 3539.226 0 0
2026-03-16 1133 3711.683 172.457 4.873
2026-03-17 1205 3498.328 -213.355 -5.748
2026-03-18 1086 3871.855 373.527 10.677
2026-03-19 1048 3970.914 99.059 2.558
2026-03-20 962 4285.977 315.063 7.934
2026-03-21 955 4297.873 11.896 0.278
2026-03-22 954 4297.873 0 0
2026-03-23 989 4148.229 -149.644 -3.482
2026-03-24 978 4201.686 53.457 1.289
2026-03-25 966 4286.415 84.729 2.017
2026-03-27 1024 4027.268 -259.147 -6.046
2026-03-28 1024 4014.097 -13.171 -0.327
2026-03-29 1024 4014.097 0 0
2026-03-30 1000 4112.519 98.422 2.452
2026-03-31 1037 3971.774 -140.745 -3.422
2026-04-01 1003 4133.812 162.038 4.08
2026-04-02 1031 4035.957 -97.855 -2.367
2026-04-03 1008 4094.959 59.002 1.462
2026-04-04 1008 4094.959 0 0
2026-04-05 1008 4094.959 0 0
2026-04-06 1008 4094.959 0 0
2026-04-07 1004 4125.539 30.58 0.747
2026-04-08 921 4510.481 384.942 9.331
2026-04-09 937 4449.717 -60.764 -1.347
2026-04-10 886 4735.35 285.633 6.419
2026-04-11 885 4740.616 5.266 0.111
2026-04-12 885 4740.616 0 0
2026-04-13 911 4651.883 -88.733 -1.872
2026-04-14 897 4717.727 65.844 1.415
2026-04-15 937 4520.32 -197.407 -4.184
2026-04-16 876 4887.654 367.334 8.126
2026-04-17 799 5354.781 467.127 9.557
2026-04-18 800 5349.369 -5.412 -0.101
2026-04-19 800 5349.369 0 0
2026-04-20 812 5294.876 -54.493 -1.019
2026-04-21 815 5259.322 -35.554 -0.671
2026-04-22 742 5664.239 404.917 7.699
2026-04-23 759 5528.278 -135.961 -2.4
2026-04-24 873 4874.552 -653.726 -11.825
2026-04-25 875 4874.053 -0.499 -0.01
2026-04-26 875 4874.053 0 0
2026-04-27 876 4880.675 6.622 0.136
2026-04-28 874 4865.107 -15.568 -0.319
2026-04-29 874 4870.107 5 0.103
2026-04-30 896 4770.676 -99.431 -2.042
2026-05-01 896 4770.396 -0.28 -0.006
2026-05-02 897 4770.396 0 0
2026-05-04 896 4770.396 0 0
2026-05-05 900 4740.365 -30.031 -0.63
2026-05-06 904 4740.365 0 0
2026-05-07 841 5126.787 386.422 8.152
2026-05-08 857 5028.823 -97.964 -1.911
2026-05-09 856 5028.601 -0.222 -0.004
2026-05-10 856 5028.601 0 0
<<<<<<< HEAD
2026-05-11 837 5138.258 109.657 2.181
2026-05-12 788 5406.045 267.787 5.212
2026-05-13 729 5739.636 333.591 6.171
2026-05-14 748 5641.676 -97.96 -1.707
2026-05-15 757 5573.367 -68.309 -1.211
2026-05-16 754 5558.215 -15.152 -0.272
2026-05-17 754 5558.215 0 0
2026-05-18 765 5465.92 -92.295 -1.661
2026-05-19 808 5221.312 -244.608 -4.475
2026-05-20 789 5357.909 136.597 2.616
2026-05-21 790 5356.098 -1.811 -0.034
2026-05-22 753 5527.356 171.258 3.197
2026-05-23 755 5536.63 9.274 0.168
2026-05-24 755 5536.63 0 0
2026-05-26 647 6387.331 850.701 15.365
2026-05-27 652 6348.622 -38.709 -0.606
2026-05-28 610 6567.341 218.719 3.445
2026-05-29 640 6460.067 -107.274 -1.633
2026-05-31 637 6471.043 10.976 0.17
2026-06-01 665 6227.113 -243.93 -3.77
2026-06-02 578 6845.917 618.804 9.937
2026-06-03 551 7172.148 326.231 4.765
2026-06-04 555 7103.055 -69.093 -0.963
2026-06-05 575 6843.752 -259.303 -3.651
2026-06-06 571 6849.311 5.559 0.081
2026-06-07 571 6849.311 0 0
2026-06-08 588 6638.704 -210.607 -3.075
2026-06-09 550 7180.164 541.46 8.156
2026-06-10 553 7074.28 -105.884 -1.475
2026-06-11 582 6736.326 -337.954 -4.777
2026-06-12 617 6486.275 -250.051 -3.712
2026-06-13 613 6501.72 15.445 0.238
2026-06-15 571 6938.583 436.863 6.719
2026-06-16 567 7052.211 113.628 1.638
2026-06-17 549 7165.961 113.75 1.613
2026-06-18 524 7469.766 303.805 4.24
2026-06-19 522 7464.133 -5.633 -0.075
2026-06-20 522 7464.133 0 0
2026-06-21 522 7464.133 0 0
2026-06-23 559 7070.866 -393.267 -5.269
2026-06-24 553 7102.132 31.266 0.442
2026-06-25 482 7787.686 685.554 9.653
2026-06-26 544 7225.567 -562.119 -7.218
2026-06-27 543 7224.292 -1.275 -0.018
2026-06-28 543 7224.292 0 0
2026-06-29 561 7108.908 -115.384 -1.597
2026-06-30 490 7756.047 647.139 9.103
2026-07-01 536 7362.662 -393.385 -5.072
2026-07-02 615 6503.26 -859.402 -11.672
2026-07-03 592 6727.393 224.133 3.446
2026-07-04 592 6727.393 0 0
2026-07-05 592 6727.393 0 0
2026-07-06 620 6482.982 -244.411 -3.633
2026-07-07 616 6518.274 35.292 0.544
2026-07-08 615 6524.848 6.574 0.101
2026-07-09 576 6963.659 438.811 6.725
2026-07-10 596 6682.771 -280.888 -4.034
2026-07-11 595 6697.657 14.886 0.223
2026-07-12 595 6697.657 0 0
2026-07-13 610 6562.565 -135.092 -2.017
2026-07-14 537 7280.52 717.955 10.94
2026-07-15 560 7120.423 -160.097 -2.199
2026-07-16 576 6955.691 -164.732 -2.314
2026-07-17 661 6193.056 -762.635 -10.964
2026-07-18 660 6184.649 -8.407 -0.136
2026-07-19 660 6184.649 0 0
2026-07-20 606 6531.997 347.348 5.616
2026-07-21 559 7078.156 546.159 8.361
2026-07-22 604 6526.74 -551.416 -7.79
2026-07-23 636 6372.159 -154.581 -2.368
2026-07-24 657 6102.64 -269.519 -4.23
2026-07-25 656 6099.397 -3.243 -0.053
2026-07-26 656 6099.397 0 0
2026-07-27 646 6291.341 191.944 3.147
2026-07-28 796 5218.902 -1072.439 -17.046
2026-07-29 761 5402.474 183.572 3.517
2026-07-30 878 4760.857 -641.617 -11.876
2026-07-31 825 5087.421 326.564 6.859
2026-08-01 823 5094.207 6.786 0.133
2026-08-02 823 5094.207 0 0
2026-08-03 830 5069.379 -24.828 -0.487
2026-08-04 723 5757.195 687.816 13.568
2026-08-05 764 5453.679 -303.516 -5.272
2026-08-06 767 5425.257 -28.422 -0.521
2026-08-07 773 5412.464 -12.793 -0.236
2026-08-08 773 5413.747 1.283 0.024
2026-08-09 773 5413.747 0 0
2026-08-10 819 5139.169 -274.578 -5.072
2026-08-11 785 5341.083 201.914 3.929
2026-08-12 757 5509.763 168.68 3.158
2026-08-13 753 5532.13 22.367 0.406
=======
2026-05-11 861 5013.014 0 0
2026-05-12 790 5419.007 0 0
2026-05-13 778 5490.167 0 0
2026-05-14 763 5571.094 0 0
2026-05-15 740 5712.436 0 0
2026-05-16 757 5573.367 0 0
2026-05-17 754 5558.215 0 0
2026-05-18 773 5453.62 0 0
2026-05-19 813 5184.388 0 0
2026-05-20 803 5270.561 0 0
2026-05-21 789 5366.657 0 0
2026-05-22 780 5366.392 0 0
2026-05-23 753 5527.356 0 0
2026-05-24 755 5536.63 0 0
2026-05-25 708 5865.395 0 0
2026-05-26 663 6250.46 0 0
2026-05-27 657 6341.89 0 0
2026-05-28 609 6561.826 0 0
2026-05-29 609 6568.804 0 0
2026-05-30 640 6460.067 0 0
2026-05-31 637 6471.043 0 0
2026-06-01 653 6319.629 0 0
2026-06-02 585 6809.411 0 0
2026-06-03 536 7458.109 0 0
2026-06-04 560 7078.17 0 0
2026-06-05 545 7192.399 0 0
2026-06-06 575 6843.752 0 0
2026-06-07 571 6849.311 0 0
2026-06-09 555 7050.761 0 0
2026-06-10 550 7162.802 0 0
2026-06-11 866 4853.552 0 0
2026-06-12 629 6470.715 0 0
2026-06-13 617 6486.275 0 0
2026-06-14 613 6501.72 0 0
2026-06-16 557 7083.647 0 0
2026-06-17 567 7039.365 0 0
2026-06-18 533 7407.062 0 0
2026-06-19 522 7469.766 0 0
2026-06-20 522 7464.133 0 0
2026-06-21 522 7464.133 0 0
2026-06-22 541 7282.369 0 0
2026-06-23 543 7214.079 0 0
2026-06-24 552 7109.294 0 0
2026-06-25 497 7671.914 0 0
2026-06-26 550 7122.565 0 0
2026-06-27 544 7225.567 0 0
2026-06-28 543 7224.292 0 0
2026-06-29 579 6845.847 0 0
2026-06-30 487 7772.369 0 0
2026-07-01 515 7505.221 0 0
2026-07-02 590 6741.474 0 0
2026-07-03 573 6920.159 0 0
2026-07-04 592 6727.393 0 0
2026-07-05 592 6727.393 0 0
2026-07-06 595 6692.733 0 0
2026-07-07 642 6395.116 0 0
2026-07-08 587 6745.474 0 0
2026-07-09 612 6555.886 0 0
2026-07-10 563 7087.486 0 0
2026-07-11 596 6682.771 0 0
2026-07-12 595 6697.657 0 0
2026-07-13 594 6704.828 0 0
2026-07-14 573 6944.154 0 0
2026-07-15 534 7320.71 0 0
2026-07-16 567 7025.654 0 0
2026-07-17 633 6407.03 0 0
2026-07-18 661 6193.056 0 0
2026-07-19 660 6184.649 0 0
2026-07-20 603 6557.869 0 0
2026-07-21 599 6590.401 0 0
2026-07-22 585 6799.915 0 0
2026-07-23 638 6362.545 0 0
2026-07-24 649 6265.807 0 0
2026-07-25 657 6102.64 0 0
2026-07-26 656 6099.397 0 0
2026-07-27 654 6143.347 0 0
2026-07-28 737 5578.792 0 0
2026-07-29 779 5321.638 0 0
2026-07-30 883 4754.741 0 0
2026-07-31 796 5234.377 0 0
2026-08-01 825 5087.421 0 0
2026-08-02 823 5094.207 0 0
2026-08-03 816 5129.711 0 0
2026-08-04 747 5535.565 0 0
2026-08-05 803 5266.163 0 0
2026-08-06 753 5558.948 0 0
2026-08-07 727 5705.734 0 0
2026-08-08 773 5412.464 0 0
2026-08-09 773 5413.747 0 0
2026-08-10 814 5165.148 0 0
2026-08-11 811 5209.646 0 0
2026-08-12 751 5530.266 0 0
2026-08-13 736 5654.391 0 0
2026-08-14 749 5592.74 0 0
>>>>>>> 2b550085baac25c543016ca743053a87bf115d5d
2026-08-15 722 5766.077 0 0
2026-08-16 724 5768.728 0 0
2026-08-17 724 5768.728 0 0
2026-08-18 678 6008.191 0 0
2026-08-19 709 5825.269 0 0
2026-08-20 792 5297.314 0 0
2026-08-21 790 5333.631 0 0
2026-08-22 737 5705.77 0 0
2026-08-23 737 5708.657 0 0
2026-08-24 736 5708.657 0 0
2026-08-25 793 5321.192 0 0
2026-08-26 817 5175.055 0 0
2026-08-27 803 5282.007 0 0
2026-08-28 822 5153.29 0 0
2026-08-29 827 5153.827 0 0
