2026-05-14 1769 2393.046 0 0
2026-05-15 1760 2398.462 5.416 0.226
2026-05-16 1759 2391.941 -6.521 -0.272
2026-05-17 1759 2391.941 0 0
2026-05-18 1773 2359.701 -32.24 -1.348
2026-05-19 1852 2267.588 -92.113 -3.904
2026-05-20 1819 2297.368 29.78 1.313
2026-05-21 1824 2296.592 -0.776 -0.034
2026-05-22 1884 2228.002 -68.59 -2.987
2026-05-23 1883 2231.74 3.738 0.168
2026-05-24 1883 2231.74 0 0
2026-05-26 1742 2423.936 192.196 8.612
2026-05-27 1643 2572.443 148.507 6.127
2026-05-28 1595 2643.524 71.081 2.763
2026-05-29 1623 2600.681 -42.843 -1.621
2026-05-31 1625 2605.099 4.418 0.17
2026-06-01 1737 2429.14 -175.959 -6.754
2026-06-02 1585 2652.29 223.15 9.186
2026-06-03 1509 2804.141 151.851 5.725
2026-06-04 1509 2791.552 -12.589 -0.449
2026-06-05 1574 2641.374 -150.178 -5.38
2026-06-06 1571 2643.52 2.146 0.081
2026-06-07 1571 2643.52 0 0
2026-06-08 1658 2481.223 -162.297 -6.139
2026-06-09 1622 2549.116 67.893 2.736
2026-06-10 1635 2509.909 -39.207 -1.538
2026-06-11 1629 2523.313 13.404 0.534
2026-06-12 1695 2442.257 -81.056 -3.212
2026-06-13 1701 2448.073 5.816 0.238
2026-06-15 1615 2597.139 149.066 6.089
2026-06-16 1579 2653.029 55.89 2.152
2026-06-17 1567 2694.451 41.422 1.561
2026-06-18 1558 2718.249 23.798 0.883
2026-06-19 1559 2716.199 -2.05 -0.075
2026-06-20 1559 2716.199 0 0
2026-06-21 1559 2716.199 0 0
2026-06-23 1749 2354.277 -361.922 -13.325
2026-06-24 1696 2449.074 94.797 4.027
2026-06-25 1585 2622.505 173.431 7.081
2026-06-26 1734 2385.501 -237.004 -9.037
2026-06-27 1734 2385.08 -0.421 -0.018
2026-06-28 1734 2385.08 0 0
2026-06-29 1752 2357.104 -27.976 -1.173
2026-06-30 1668 2513.546 156.442 6.637
2026-07-01 1760 2360.485 -153.061 -6.089
2026-07-02 1935 2150.201 -210.284 -8.909
2026-07-03 2003 2085.415 -64.786 -3.013
2026-07-04 2003 2085.415 0 0
2026-07-05 2003 2085.415 0 0
2026-07-06 2074 2010.755 -74.66 -3.58
2026-07-07 2097 1979.432 -31.323 -1.558
2026-07-08 2132 1930.82 -48.612 -2.456
2026-07-09 1946 2116.02 185.2 9.592
2026-07-10 2084 1987.235 -128.785 -6.086
2026-07-11 2084 1991.662 4.427 0.223
2026-07-12 2084 1991.662 0 0
2026-07-13 2106 1963.271 -28.391 -1.425
2026-07-14 2031 2017.132 53.861 2.743
2026-07-15 2022 2038.95 21.818 1.082
2026-07-16 2142 1927.278 -111.672 -5.477
2026-07-17 2397 1686.078 -241.2 -12.515
2026-07-18 2398 1683.789 -2.289 -0.136
2026-07-19 2397 1683.789 0 0
2026-07-20 2573 1521.925 -161.864 -9.613
2026-07-21 2286 1796.157 274.232 18.019
2026-07-22 2311 1767.622 -28.535 -1.589
2026-07-23 2374 1715.786 -51.836 -2.933
2026-07-24 2397 1681.183 -34.603 -2.017
2026-07-25 2403 1680.289 -0.894 -0.053
2026-07-26 2403 1680.289 0 0
2026-07-27 2337 1741.816 61.527 3.662
2026-07-28 2437 1649.615 -92.201 -5.293
2026-07-29 2419 1671.805 22.19 1.345
2026-07-30 2656 1463.208 -208.597 -12.477
2026-07-31 2401 1699.315 236.107 16.136
2026-08-01 2393 1701.581 2.266 0.133
2026-08-02 2393 1701.581 0 0
2026-08-03 2436 1682.187 -19.394 -1.14
2026-08-04 2264 1831.912 149.725 8.901
2026-08-05 2165 1942.186 110.274 6.02
2026-08-06 2185 1926.492 -15.694 -0.808
2026-08-07 2012 2085.387 158.895 8.248
2026-08-08 2013 2085.881 0.494 0.024
2026-08-09 2013 2085.881 0 0
2026-08-10 2108 1996.997 -88.884 -4.261
2026-08-11 2104 1999.523 2.526 0.126
2026-08-12 1994 2110.693 111.17 5.56
2026-08-13 2023 2077.091 -33.602 -1.592
2026-08-15 1996 2112.545 35.454 1.707
2026-08-16 1995 2112.545 0 0
2026-08-17 1937 2173.712 61.167 2.895
2026-08-18 1883 2238.253 64.541 2.969
2026-08-19 2124 1977.842 -260.411 -11.635
2026-08-20 2033 2061.296 83.454 4.219
2026-08-21 2034 2071.619 10.323 0.501
2026-08-23 2035 2072.667 1.048 0.051
2026-08-24 2055 2039.122 -33.545 -1.618
2026-08-25 2077 2020.681 -18.441 -0.904
2026-08-26 1933 2171.364 150.683 7.457
2026-08-27 1868 2267.024 95.66 4.406
2026-08-28 1914 2204.213 -62.811 -2.771
2026-08-29 1910 2204.049 -0.164 -0.007
2026-08-30 1910 2204.049 0 0
2026-08-31 1792 2339.256 135.207 6.134
2026-09-01 1788 2340.238 0 0
2026-09-02 1780 2344.503 0 0
