2026-03-20 2348 1700 0 0
2026-03-21 2346 1700 0 0
2026-03-22 2346 1700 0 0
2026-03-23 2338 1700 0 0
2026-03-24 2343 1700 0 0
2026-03-25 2350 1700 0 0
2026-03-26 2346 1700 0 0
2026-03-27 2343 1700 0 0
2026-03-28 2337 1700 0 0
2026-03-29 2337 1700 0 0
2026-03-30 2334 1700 0 0
2026-03-31 2493 1547.692 -152.308 -8.959
2026-04-01 2413 1632.764 85.072 5.497
2026-04-02 2451 1600.569 -32.195 -1.972
2026-04-03 2372 1674.836 74.267 4.64
2026-04-04 2372 1674.836 0 0
2026-04-05 2372 1674.836 0 0
2026-04-06 2375 1674.836 0 0
2026-04-07 2386 1662.472 -12.364 -0.738
2026-04-08 2314 1755.105 92.633 5.572
2026-04-09 2319 1758.351 3.246 0.185
2026-04-10 2162 1905.475 147.124 8.367
2026-04-11 2164 1907.594 2.119 0.111
2026-04-12 2164 1907.594 0 0
2026-04-13 2109 1971.392 63.798 3.344
2026-04-14 2139 1948.712 -22.68 -1.15
2026-04-15 2083 2007.53 58.818 3.018
2026-04-16 2038 2049.167 41.637 2.074
2026-04-17 1877 2254.681 205.514 10.029
2026-04-18 1886 2252.402 -2.279 -0.101
2026-04-19 1886 2252.402 0 0
2026-04-20 1958 2163.023 -89.379 -3.968
2026-04-21 1939 2182.749 19.726 0.912
2026-04-22 1839 2285.611 102.862 4.712
2026-04-23 1928 2175.946 -109.665 -4.798
2026-04-24 1931 2172.236 -3.71 -0.171
2026-04-25 1929 2172.014 -0.222 -0.01
2026-04-26 1929 2172.014 0 0
2026-04-27 1892 2207.825 35.811 1.649
2026-04-28 1850 2249.692 41.867 1.896
2026-04-29 1769 2358.129 108.437 4.82
2026-04-30 1707 2446.44 88.311 3.745
2026-05-01 1710 2446.296 -0.144 -0.006
2026-05-02 1712 2446.296 0 0
2026-05-04 1712 2446.296 0 0
<<<<<<< HEAD
2026-05-05 1766 2384.026 -62.27 -2.545
2026-05-06 1768 2384.026 0 0
2026-05-07 1658 2543.684 159.658 6.697
2026-05-08 1716 2464.1 -79.584 -3.129
2026-05-09 1715 2463.991 -0.109 -0.004
2026-05-10 1717 2463.991 0 0
2026-05-11 1670 2540.649 76.658 3.111
2026-05-12 1558 2710.594 169.945 6.689
2026-05-13 1580 2674.972 -35.622 -1.314
2026-05-14 1652 2562.114 -112.858 -4.219
2026-05-15 1723 2444.495 -117.619 -4.591
2026-05-16 1726 2437.849 -6.646 -0.272
2026-05-17 1728 2437.849 0 0
2026-05-18 1745 2399.094 -38.755 -1.59
2026-05-19 1728 2424.009 24.915 1.039
2026-05-20 1654 2528.427 104.418 4.308
2026-05-21 1658 2527.572 -0.855 -0.034
2026-05-22 1737 2417.532 -110.04 -4.354
2026-05-23 1740 2421.588 4.056 0.168
2026-05-24 1740 2421.588 0 0
2026-05-26 1777 2364.137 -57.451 -2.372
2026-05-27 1651 2555.169 191.032 8.08
2026-05-28 1629 2598.68 43.511 1.703
2026-05-29 1641 2577.886 -20.794 -0.8
2026-05-31 1638 2582.266 4.38 0.17
2026-06-01 1719 2446.974 -135.292 -5.239
2026-06-02 1537 2752.61 305.636 12.49
2026-06-03 1331 3205.817 453.207 16.465
2026-06-04 1361 3129.903 -75.914 -2.368
2026-06-05 1400 3007.199 -122.704 -3.92
2026-06-06 1396 3009.642 2.443 0.081
2026-06-07 1396 3009.642 0 0
2026-06-08 1331 3167.243 157.601 5.237
2026-06-09 1268 3354.377 187.134 5.908
2026-06-10 1283 3304.536 -49.841 -1.486
2026-06-11 1282 3305.481 0.945 0.029
2026-06-12 1327 3187.22 -118.261 -3.578
2026-06-13 1330 3194.809 7.589 0.238
2026-06-15 1288 3342.842 148.033 4.634
2026-06-16 1173 3673.731 330.889 9.898
2026-06-17 1166 3680.692 6.961 0.189
2026-06-18 1123 3821.135 140.443 3.816
2026-06-19 1122 3818.253 -2.882 -0.075
2026-06-20 1122 3818.253 0 0
2026-06-21 1122 3818.253 0 0
2026-06-23 1016 4140.281 322.028 8.434
2026-06-24 1002 4178.663 38.382 0.927
2026-06-25 988 4251.693 73.03 1.748
2026-06-26 1048 4032.289 -219.404 -5.16
2026-06-27 1047 4031.578 -0.711 -0.018
2026-06-28 1047 4031.578 0 0
2026-06-29 1084 3913.415 -118.163 -2.931
2026-06-30 996 4283.75 370.335 9.463
2026-07-01 1064 4004.371 -279.379 -6.522
2026-07-02 1151 3722.4 -281.971 -7.042
2026-07-03 1146 3772.232 49.832 1.339
2026-07-04 1146 3772.232 0 0
2026-07-05 1146 3772.232 0 0
2026-07-06 1157 3728.513 -43.719 -1.159
2026-07-07 1101 3895.671 167.158 4.483
2026-07-08 1166 3671.354 -224.317 -5.758
2026-07-09 1079 3962.052 290.698 7.918
2026-07-10 1171 3654.266 -307.786 -7.768
2026-07-11 1169 3662.406 8.14 0.223
2026-07-12 1169 3662.406 0 0
2026-07-13 1183 3619.613 -42.793 -1.168
2026-07-14 1037 4092.845 473.232 13.074
2026-07-15 1033 4118.132 25.287 0.618
2026-07-16 1016 4160.9 42.768 1.039
2026-07-17 1122 3775.347 -385.553 -9.266
2026-07-18 1123 3770.222 -5.125 -0.136
2026-07-19 1123 3770.222 0 0
2026-07-20 1316 3195.172 -575.05 -15.252
2026-07-21 1230 3443.259 248.087 7.764
2026-07-22 1309 3226.535 -216.724 -6.294
2026-07-23 1282 3291.294 64.759 2.007
2026-07-24 1322 3167.657 -123.637 -3.756
2026-07-25 1322 3165.973 -1.684 -0.053
2026-07-26 1322 3165.973 0 0
2026-07-27 1266 3355.043 189.07 5.972
2026-07-28 1484 2795.198 -559.845 -16.687
2026-07-29 1484 2799.841 4.643 0.166
2026-07-30 1764 2318.785 -481.056 -17.182
2026-07-31 1669 2493.932 175.147 7.553
2026-08-01 1668 2497.259 3.327 0.133
2026-08-02 1669 2497.259 0 0
2026-08-03 1583 2622.819 125.56 5.028
2026-08-04 1401 3003.927 381.108 14.53
2026-08-05 1425 2965.664 -38.263 -1.274
2026-08-06 1387 3047.211 81.547 2.75
2026-08-07 1373 3098.095 50.884 1.67
2026-08-08 1375 3098.829 0.734 0.024
2026-08-09 1375 3098.829 0 0
2026-08-10 1328 3235.082 136.253 4.397
2026-08-11 1378 3088.542 -146.54 -4.53
2026-08-12 1316 3268.505 179.963 5.827
2026-08-13 1263 3432.762 164.257 5.025
=======
2026-05-05 1711 2446.296 0 0
2026-05-06 1718 2441.625 0 0
2026-05-07 1743 2426.038 0 0
2026-05-08 1722 2454.678 0 0
2026-05-09 1716 2464.1 0 0
2026-05-10 1715 2463.991 0 0
2026-05-11 1665 2550.004 0 0
2026-05-12 1564 2727.881 0 0
2026-05-13 1611 2630.733 0 0
2026-05-14 1653 2559.97 0 0
2026-05-15 1725 2453.957 0 0
2026-05-16 1723 2444.495 0 0
2026-05-17 1726 2437.849 0 0
2026-05-18 2433 1670.2 0 0
2026-05-19 1771 2363.087 0 0
2026-05-20 1670 2496.411 0 0
2026-05-21 1736 2418.1 0 0
2026-05-22 1757 2390.101 0 0
2026-05-23 1737 2417.532 0 0
2026-05-24 1740 2421.588 0 0
2026-05-25 1750 2409.462 0 0
2026-05-26 1789 2341.134 0 0
2026-05-27 1658 2526.272 0 0
2026-05-28 1627 2596.498 0 0
2026-05-29 1662 2538.524 0 0
2026-05-30 1641 2577.886 0 0
2026-05-31 1639 2582.266 0 0
2026-06-01 1705 2466.806 0 0
2026-06-02 1510 2799.873 0 0
2026-06-03 1316 3271.471 0 0
2026-06-04 1361 3130.498 0 0
2026-06-05 1340 3178.017 0 0
2026-06-06 1400 3007.199 0 0
2026-06-07 1396 3009.642 0 0
2026-06-09 1278 3324.479 0 0
2026-06-10 1293 3277.328 0 0
2026-06-11 1311 3199.703 0 0
2026-06-12 1283 3322.76 0 0
2026-06-13 1327 3187.22 0 0
2026-06-14 1330 3194.809 0 0
2026-06-16 1169 3685.415 0 0
2026-06-17 1196 3605.503 0 0
2026-06-18 1103 3886.189 0 0
2026-06-19 1123 3821.135 0 0
2026-06-20 1122 3818.253 0 0
2026-06-21 1122 3818.253 0 0
2026-06-22 1007 4178.41 0 0
2026-06-23 992 4257.793 0 0
2026-06-24 1021 4130.899 0 0
2026-06-25 977 4303.704 0 0
2026-06-26 1036 4040.809 0 0
2026-06-27 1048 4032.289 0 0
2026-06-28 1047 4031.578 0 0
2026-06-29 1146 3732.291 0 0
2026-06-30 973 4374.381 0 0
2026-07-01 1043 4072.493 0 0
2026-07-02 1104 3865.594 0 0
2026-07-03 1100 3890.169 0 0
2026-07-04 1146 3772.232 0 0
2026-07-05 1146 3772.232 0 0
2026-07-06 1140 3803.47 0 0
2026-07-07 1183 3642.234 0 0
2026-07-08 1099 3888.788 0 0
2026-07-09 1135 3750.821 0 0
2026-07-10 1083 3939.746 0 0
2026-07-11 1171 3654.266 0 0
2026-07-12 1169 3662.406 0 0
2026-07-13 1172 3641.852 0 0
2026-07-14 1130 3773.826 0 0
2026-07-15 985 4291.014 0 0
2026-07-16 1009 4189.681 0 0
2026-07-17 1123 3791.792 0 0
2026-07-18 1122 3775.347 0 0
2026-07-19 1123 3770.222 0 0
2026-07-20 1278 3335.371 0 0
2026-07-21 1428 2891.414 0 0
2026-07-22 1226 3457.352 0 0
2026-07-23 1300 3257.227 0 0
2026-07-24 1278 3296.761 0 0
2026-07-25 1322 3167.657 0 0
2026-07-26 1322 3165.973 0 0
2026-07-27 1298 3251.568 0 0
2026-07-28 1387 2990.592 0 0
2026-07-29 1487 2792.896 0 0
2026-07-30 1654 2493.546 0 0
2026-07-31 1606 2588.336 0 0
2026-08-01 1669 2493.932 0 0
2026-08-02 1668 2497.259 0 0
2026-08-03 1607 2589.731 0 0
2026-08-04 1424 2920.062 0 0
2026-08-05 1519 2778.096 0 0
2026-08-06 1389 3050.955 0 0
2026-08-07 1323 3227.804 0 0
2026-08-08 1373 3098.095 0 0
2026-08-09 1375 3098.829 0 0
2026-08-10 1405 3021.101 0 0
2026-08-11 1390 3077.111 0 0
2026-08-12 1311 3280.576 0 0
2026-08-13 1251 3472.301 0 0
2026-08-14 1258 3449.461 0 0
>>>>>>> 2b550085baac25c543016ca743053a87bf115d5d
2026-08-15 1246 3474.669 0 0
2026-08-16 1247 3476.266 0 0
2026-08-17 1243 3476.266 0 0
2026-08-18 1186 3650.217 0 0
2026-08-19 1170 3694.669 0 0
2026-08-20 1246 3473.897 0 0
