2026-03-10 2856 1323.022 0 0
2026-03-11 2795 1373.447 50.425 3.811
2026-03-12 2671 1451.169 77.722 5.659
2026-03-13 2687 1431.613 -19.556 -1.348
2026-03-14 2679 1431.613 0 0
2026-03-15 2680 1431.613 0 0
2026-03-16 2743 1389.445 -42.168 -2.945
2026-03-17 2766 1376.227 -13.218 -0.951
2026-03-18 2768 1373.672 -2.555 -0.186
2026-03-19 2787 1345.729 -27.943 -2.034
2026-03-20 2785 1337.307 -8.422 -0.626
2026-03-21 2787 1337.409 0.102 0.008
2026-03-22 2787 1337.409 0 0
2026-03-23 2809 1314.424 -22.985 -1.719
2026-03-24 2793 1324.217 9.793 0.745
2026-03-25 2757 1358.569 34.352 2.594
2026-03-27 2863 1287.022 -71.547 -5.266
2026-03-28 2860 1286.398 -0.624 -0.048
2026-03-29 2860 1286.398 0 0
2026-03-30 2976 1211.054 -75.344 -5.857
2026-03-31 3057 1160.688 -50.366 -4.159
2026-04-01 3103 1148.614 -12.074 -1.04
2026-04-02 3132 1132.478 -16.136 -1.405
2026-04-03 3121 1132.449 -0.029 -0.003
2026-04-04 3121 1132.449 0 0
2026-04-05 3121 1132.449 0 0
2026-04-06 3122 1132.449 0 0
2026-04-07 3127 1132.506 0.057 0.005
2026-04-08 3114 1151.651 19.145 1.69
2026-04-09 3117 1156.35 4.699 0.408
2026-04-10 3125 1158.416 2.066 0.179
2026-04-11 3127 1158.756 0.34 0.029
2026-04-12 3127 1158.756 0 0
2026-04-13 3137 1154.925 -3.831 -0.331
2026-04-14 3136 1158.564 3.639 0.315
2026-04-15 3116 1176.515 17.951 1.549
2026-04-16 3110 1183.859 7.344 0.624
2026-04-17 3109 1186.514 2.655 0.224
2026-04-18 3114 1185.878 -0.636 -0.054
2026-04-19 3114 1185.878 0 0
2026-04-20 3101 1194.819 8.941 0.754
2026-04-21 3137 1176.771 -18.048 -1.511
2026-04-22 3199 1137.337 -39.434 -3.351
2026-04-23 3204 1122.855 -14.482 -1.273
2026-04-24 3207 1117.833 -5.022 -0.447
2026-04-25 3205 1117.576 -0.257 -0.023
2026-04-26 3205 1117.576 0 0
2026-04-27 3214 1111.193 -6.383 -0.571
2026-04-28 3222 1104.274 -6.919 -0.623
2026-04-29 3164 1139.004 34.73 3.145
2026-04-30 3205 1108.257 -30.747 -2.699
2026-05-01 3211 1108.71 0.453 0.041
2026-05-02 3216 1108.484 -0.226 -0.02
2026-05-04 3273 1076.57 -31.914 -2.879
2026-05-05 3239 1102.411 25.841 2.4
2026-05-06 3244 1102.411 0 0
2026-05-07 3254 1103.378 0.967 0.088
2026-05-08 3233 1120.602 17.224 1.561
2026-05-09 3236 1120.902 0.3 0.027
2026-05-10 3236 1120.902 0 0
<<<<<<< HEAD
2026-05-11 3255 1104.294 -16.608 -1.482
2026-05-12 3251 1100.489 -3.805 -0.345
2026-05-13 3263 1094.115 -6.374 -0.579
2026-05-14 3279 1082.312 -11.803 -1.079
2026-05-15 3285 1076.969 -5.343 -0.494
2026-05-16 3281 1077.299 0.33 0.031
2026-05-17 3281 1077.299 0 0
2026-05-18 3292 1068.357 -8.942 -0.83
2026-05-19 3301 1061.821 -6.536 -0.612
2026-05-20 3325 1044.951 -16.87 -1.589
2026-05-21 3330 1044.951 0 0
2026-05-22 3318 1051.335 6.384 0.611
2026-05-23 3321 1051.04 -0.295 -0.028
2026-05-24 3321 1051.04 0 0
2026-05-26 3315 1058.699 7.659 0.729
2026-05-27 3318 1053.432 -5.267 -0.497
2026-05-28 3324 1042.304 -11.128 -1.056
2026-05-29 3325 1039.578 -2.726 -0.262
2026-05-31 3328 1039.272 -0.306 -0.029
2026-06-01 3315 1050.758 11.486 1.105
2026-06-02 3354 1021.393 -29.365 -2.795
2026-06-03 3361 1008.695 -12.698 -1.243
2026-06-04 3351 1013.762 5.067 0.502
2026-06-05 3365 1001.293 -12.469 -1.23
2026-06-06 3369 1001.306 0.013 0.001
2026-06-07 3369 1001.306 0 0
2026-06-08  983.434 -17.872 -1.785
2026-06-13 3360 1003.718 20.284 2.063
2026-06-15  996.06 -7.658 -0.763
=======
2026-05-11 3251 1109.404 0 0
2026-05-12 3255 1105.571 0 0
2026-05-13 3259 1099.211 0 0
2026-05-14 3273 1083.894 0 0
2026-05-15 3293 1075.926 0 0
2026-05-16 3285 1076.969 0 0
2026-05-17 3281 1077.299 0 0
2026-05-18 3290 1068.357 0 0
2026-05-19 3301 1060.693 0 0
2026-05-20 3308 1050.326 0 0
2026-05-21 3322 1047.504 0 0
2026-05-22 3325 1044.951 0 0
2026-05-23 3318 1051.335 0 0
2026-05-24 3321 1051.04 0 0
2026-05-25 3325 1051.04 0 0
2026-05-26 3325 1051.04 0 0
2026-05-27 3321 1051.04 0 0
2026-05-28 3330 1039.392 0 0
2026-05-29 3323 1042.304 0 0
2026-05-30 3325 1039.578 0 0
2026-05-31 3328 1039.272 0 0
2026-06-01 3313 1055.863 0 0
2026-06-02 3346 1025.234 0 0
2026-06-03 3371 1007.355 0 0
2026-06-04 3347 1016.353 0 0
2026-06-05 3371 1002.276 0 0
2026-06-06 3365 1001.293 0 0
2026-06-07 3369 1001.306 0 0
2026-06-09 3375 974.498 0 0
2026-06-14 3360 1003.718 0 0
2026-06-16 3366 987.125 0 0
>>>>>>> 2b550085baac25c543016ca743053a87bf115d5d
