2026-09-19 525 7669.501 0 0
2026-09-20 524 7674.1 0 0
2026-09-21 525 7661.909 0 0
2026-09-22 505 7913.738 0 0
2026-09-23 481 8152.97 0 0
2026-09-24 494 8058.777 0 0
2026-09-25 489 8044.891 0 0
2026-09-26 489 8024.695 0 0
2026-09-27 492 8036.528 0 0
2026-09-28 489 7955.571 0 0
2026-09-29 507 7765.823 0 0
2026-09-30 484 8003.862 0 0
2026-10-01 487 7962.511 0 0
2026-10-02 494 7891.849 0 0
2026-10-03 495 7853.584 0 0
2026-10-04 495 7853.584 0 0
2026-10-05 495 7869.688 0 0
2026-10-06 473 8115.8 0 0
2026-10-07 479 8036.633 0 0
2026-10-08 473 8083.19 0 0
