2026-03-10 2784 1370.831 0 0
2026-03-11 2883 1311.197 -59.634 -4.35
2026-03-12 2902 1293.759 -17.438 -1.33
2026-03-13 2872 1305.557 11.798 0.912
2026-03-14 2873 1300.337 -5.22 -0.4
2026-03-15 2873 1300.337 0 0
2026-03-16 2883 1299.033 -1.304 -0.1
2026-03-17 2990 1225.343 -73.69 -5.673
2026-03-18 2940 1263.551 38.208 3.118
2026-03-19 2960 1235.85 -27.701 -2.192
2026-03-20 2926 1249.782 13.932 1.127
2026-03-21 2916 1253.251 3.469 0.278
2026-03-22 2916 1253.251 0 0
2026-03-23 3029 1174.391 -78.86 -6.292
2026-03-24 2965 1218.355 43.964 3.744
2026-03-25 2943 1241.032 22.677 1.861
2026-03-27 2949 1232.163 -8.869 -0.715
2026-03-28 2949 1228.134 -4.029 -0.327
2026-03-29 2949 1228.134 0 0
2026-03-30 2856 1284.893 56.759 4.622
2026-03-31 2964 1212.842 -72.051 -5.608
2026-04-01 2952 1232.266 19.424 1.602
2026-04-02 3111 1145.553 -86.713 -7.037
2026-04-03 3118 1135.086 -10.467 -0.914
2026-04-04 3118 1135.086 0 0
2026-04-05 3118 1135.086 0 0
2026-04-06 3118 1135.086 0 0
2026-04-07 3076 1157.286 22.2 1.956
2026-04-08 2966 1239.744 82.458 7.125
2026-04-09 2901 1284.71 44.966 3.627
2026-04-10 2929 1270.294 -14.416 -1.122
2026-04-11 2929 1271.707 1.413 0.111
2026-04-12 2929 1271.707 0 0
2026-04-13 2963 1243.478 -28.229 -2.22
2026-04-14 2923 1284.165 40.687 3.272
2026-04-15 2951 1273.558 -10.607 -0.826
2026-04-16 2957 1273.995 0.437 0.034
2026-04-17 3000 1247.125 -26.87 -2.109
2026-04-18 3010 1245.865 -1.26 -0.101
2026-04-19 3010 1245.865 0 0
2026-04-20 2985 1258.11 12.245 0.983
2026-04-21 3043 1226.288 -31.822 -2.529
2026-04-22 2868 1335.14 108.852 8.877
2026-04-23 2927 1293.098 -42.042 -3.149
2026-04-24 2928 1286.179 -6.919 -0.535
2026-04-25 2927 1286.047 -0.132 -0.01
2026-04-26 2927 1286.047 0 0
2026-04-27 2821 1358.964 72.917 5.67
2026-04-28 2837 1342.114 -16.85 -1.24
2026-04-29 2855 1323.181 -18.933 -1.411
2026-04-30 2752 1409.056 85.875 6.49
2026-05-01 2756 1408.973 -0.083 -0.006
2026-05-02 2758 1408.973 0 0
2026-05-04 2758 1408.973 0 0
2026-05-05 2793 1387.331 -21.642 -1.536
2026-05-06 2797 1387.331 0 0
2026-05-07 2731 1451.4 64.069 4.618
2026-05-08 2798 1404.751 -46.649 -3.214
2026-05-09 2799 1404.689 -0.062 -0.004
2026-05-10 2799 1404.689 0 0
<<<<<<< HEAD
2026-05-11 2648 1519.077 114.388 8.143
2026-05-12 2506 1609.549 90.472 5.956
2026-05-13 2482 1642.341 32.792 2.037
2026-05-14 2579 1550.012 -92.329 -5.622
2026-05-15 2402 1702.548 152.536 9.841
2026-05-16 2403 1697.92 -4.628 -0.272
2026-05-17 2403 1697.92 0 0
2026-05-18 2365 1734.583 36.663 2.159
2026-05-19 2275 1817.852 83.269 4.801
2026-05-20 2173 1921.043 103.191 5.677
2026-05-21 2175 1920.394 -0.649 -0.034
2026-05-22 2220 1889.406 -30.988 -1.614
2026-05-23 2216 1892.576 3.17 0.168
2026-05-24 2216 1892.576 0 0
2026-05-26 1988 2107.49 214.914 11.356
2026-05-27 2055 2031.914 -75.576 -3.586
2026-05-28 2046 2039.405 7.491 0.369
2026-05-29 2212 1886.219 -153.186 -7.511
2026-05-31 2214 1889.424 3.205 0.17
2026-06-01 2310 1794.71 -94.714 -5.013
2026-06-02 2266 1821.94 27.23 1.517
2026-06-03 2255 1837.011 15.071 0.827
2026-06-04 2108 1979.365 142.354 7.749
2026-06-05 2245 1840.089 -139.276 -7.036
2026-06-06 2242 1841.584 1.495 0.081
2026-06-07 2242 1841.584 0 0
2026-06-08 2339 1733.037 -108.547 -5.894
2026-06-09 2247 1834.521 101.484 5.856
2026-06-10 2239 1837.568 3.047 0.166
2026-06-11 2198 1874.554 36.986 2.013
2026-06-12 2171 1906.866 32.312 1.724
2026-06-13 2173 1911.407 4.541 0.238
2026-06-15 2058 2027.049 115.642 6.05
2026-06-16 2093 1993.766 -33.283 -1.642
2026-06-17 1992 2097.682 103.916 5.212
2026-06-18 2005 2079.787 -17.895 -0.853
2026-06-19 2002 2078.218 -1.569 -0.075
2026-06-20 2003 2078.218 0 0
2026-06-21 2003 2078.218 0 0
2026-06-23 2000 2061.907 -16.311 -0.785
2026-06-24 1715 2423.772 361.865 17.55
2026-06-25 1640 2529.637 105.865 4.368
2026-06-26 1573 2645.019 115.382 4.561
2026-06-27 1573 2644.552 -0.467 -0.018
2026-06-28 1573 2644.552 0 0
2026-06-29 1476 2833.659 189.107 7.151
2026-06-30 1392 3050.669 217.01 7.658
2026-07-01 1443 2921.651 -129.018 -4.229
2026-07-02 1600 2599.402 -322.249 -11.03
2026-07-03 1658 2544.951 -54.451 -2.095
2026-07-04 1658 2544.951 0 0
2026-07-05 1656 2544.951 0 0
2026-07-06 1631 2570.059 25.108 0.987
2026-07-07 1611 2590.791 20.732 0.807
2026-07-08 1452 2855.53 264.739 10.218
2026-07-09 1456 2853.934 -1.596 -0.056
2026-07-10 1451 2856.371 2.437 0.085
2026-07-11 1446 2862.734 6.363 0.223
2026-07-12 1446 2862.734 0 0
2026-07-13 1445 2862.734 0 0
2026-07-14 1447 2861.467 -1.267 -0.044
2026-07-15 1455 2863.072 1.605 0.056
2026-07-16 1630 2542.078 -320.994 -11.212
2026-07-17 1777 2296.447 -245.631 -9.663
2026-07-18 1781 2293.329 -3.118 -0.136
2026-07-19 1780 2293.329 0 0
2026-07-20 1986 2044.649 -248.68 -10.844
2026-07-21 1731 2380.392 335.743 16.421
2026-07-22 1876 2187.797 -192.595 -8.091
2026-07-23 1978 2081.53 -106.267 -4.857
2026-07-24 1875 2177.672 96.142 4.619
2026-07-25 1878 2176.515 -1.157 -0.053
2026-07-26 1878 2176.515 0 0
2026-07-27 1831 2246.187 69.672 3.201
2026-07-28 2008 2034.153 -212.034 -9.44
2026-07-29 2127 1935.395 -98.758 -4.855
2026-07-30 2326 1757.031 -178.364 -9.216
2026-07-31 2217 1862.326 105.295 5.993
2026-08-01 2216 1864.81 2.484 0.133
2026-08-02 2216 1864.81 0 0
2026-08-03 2473 1636.103 -228.707 -12.264
2026-08-04 2326 1782.204 146.101 8.93
2026-08-05 2116 1987.073 204.869 11.495
2026-08-06 2056 2026.21 39.137 1.97
2026-08-07 1927 2177.392 151.182 7.461
2026-08-08 1927 2177.908 0.516 0.024
2026-08-09 1927 2177.908 0 0
2026-08-10 1832 2289.853 111.945 5.14
2026-08-11 1942 2164.475 -125.378 -5.475
2026-08-12 1924 2191.302 26.827 1.239
2026-08-13 1926 2182.345 -8.957 -0.409
=======
2026-05-11 2606 1547.248 0 0
2026-05-12 2538 1588.466 0 0
2026-05-13 2535 1580.026 0 0
2026-05-14 2587 1540.037 0 0
2026-05-15 2447 1670.745 0 0
2026-05-16 2402 1702.548 0 0
2026-05-17 2403 1697.92 0 0
2026-05-18 2329 1757.45 0 0
2026-05-19 2281 1806.397 0 0
2026-05-20 2177 1912.06 0 0
2026-05-21 2175 1925.012 0 0
2026-05-22 2323 1782.837 0 0
2026-05-23 2220 1889.406 0 0
2026-05-24 2216 1892.576 0 0
2026-05-25 2049 2043.801 0 0
2026-05-26 1988 2110.802 0 0
2026-05-27 1985 2107.395 0 0
2026-05-28 2047 2037.693 0 0
2026-05-29 2180 1921.263 0 0
2026-05-30 2212 1886.219 0 0
2026-05-31 2214 1889.424 0 0
2026-06-01 2256 1843.254 0 0
2026-06-02 2235 1861.874 0 0
2026-06-03 2201 1890.754 0 0
2026-06-04 2160 1936.474 0 0
2026-06-05 2212 1881.484 0 0
2026-06-06 2245 1840.089 0 0
2026-06-07 2242 1841.584 0 0
2026-06-09 2287 1794.1 0 0
2026-06-10 2219 1856.698 0 0
2026-06-11 2231 1842.412 0 0
2026-06-12 2150 1914.684 0 0
2026-06-13 2171 1906.866 0 0
2026-06-14 2173 1911.407 0 0
2026-06-16 2121 1965.138 0 0
2026-06-17 2056 2020.886 0 0
2026-06-18 2024 2052.483 0 0
2026-06-19 2006 2079.787 0 0
2026-06-20 2002 2078.218 0 0
2026-06-21 2003 2078.218 0 0
2026-06-22 2046 2023.445 0 0
2026-06-23 1955 2129.948 0 0
2026-06-24 1745 2363.76 0 0
2026-06-25 1659 2510.274 0 0
2026-06-26 1576 2627.16 0 0
2026-06-27 1573 2645.019 0 0
2026-06-28 1573 2644.552 0 0
2026-06-29 1549 2684.832 0 0
2026-06-30 1427 2952.796 0 0
2026-07-01 1407 3021.325 0 0
2026-07-02 1575 2644.277 0 0
2026-07-03 1627 2571.386 0 0
2026-07-04 1658 2544.951 0 0
2026-07-05 1658 2544.951 0 0
2026-07-06 1603 2615.347 0 0
2026-07-07 1593 2621.411 0 0
2026-07-08 1553 2687.82 0 0
2026-07-09 1451 2855.53 0 0
2026-07-10 1458 2853.934 0 0
2026-07-11 1451 2856.371 0 0
2026-07-12 1446 2862.734 0 0
2026-07-13 1445 2862.734 0 0
2026-07-14 1444 2862.734 0 0
2026-07-15 1451 2861.467 0 0
2026-07-16 1555 2666.122 0 0
2026-07-17 1718 2397.448 0 0
2026-07-18 1777 2296.447 0 0
2026-07-19 1781 2293.329 0 0
2026-07-20 1846 2236.117 0 0
2026-07-21 1889 2160.308 0 0
2026-07-22 1825 2267.307 0 0
2026-07-23 1934 2128.975 0 0
2026-07-24 1915 2136.3 0 0
2026-07-25 1875 2177.672 0 0
2026-07-26 1878 2176.515 0 0
2026-07-27 1880 2176.04 0 0
2026-07-28 1860 2206.32 0 0
2026-07-29 2213 1863.032 0 0
2026-07-30 2223 1849.785 0 0
2026-07-31 2194 1882.48 0 0
2026-08-01 2217 1862.326 0 0
2026-08-02 2216 1864.81 0 0
2026-08-03 2434 1674.221 0 0
2026-08-04 2381 1724.631 0 0
2026-08-05 2186 1903.963 0 0
2026-08-06 2060 2025.16 0 0
2026-08-07 1937 2155.772 0 0
2026-08-08 1927 2177.392 0 0
2026-08-09 1927 2177.908 0 0
2026-08-10 1867 2253.363 0 0
2026-08-11 1927 2180.576 0 0
2026-08-12 1895 2218.875 0 0
2026-08-13 1919 2195.877 0 0
2026-08-14 1904 2202.65 0 0
>>>>>>> 2b550085baac25c543016ca743053a87bf115d5d
2026-08-15 1924 2174.719 0 0
2026-08-16 1931 2175.719 0 0
2026-08-17 1929 2175.719 0 0
2026-08-18 1792 2338.424 0 0
2026-08-19 1806 2321.837 0 0
