2026-08-31 1100 3951.087 0 0
2026-09-01 1085 3991.545 0 0
2026-09-02 1027 4145.2 0 0
2026-09-03 1039 4126.884 0 0
2026-09-04 1040 4139.24 0 0
2026-09-05 1043 4133.712 0 0
2026-09-06 1046 4138.377 0 0
2026-09-07 1056 4097.793 0 0
2026-09-08 1051 4139.283 0 0
2026-09-09 1077 4060.121 0 0
2026-09-10 1084 4010.423 0 0
2026-09-11 1101 3925.543 0 0
2026-09-12 1104 3943.903 0 0
2026-09-13 1105 3931.636 0 0
2026-09-14 1106 3909.178 0 0
2026-09-15 1096 3975.654 0 0
2026-09-16 1106 3935.312 0 0
2026-09-17 1119 3869.624 0 0
2026-09-18 1132 3820.0 0 0
2026-09-19 1133 3807.871 0 0
