2026-03-11 3368 1001.631 0 0
2026-04-09 3356 1005.73 4.099 0.409
2026-04-10 3362 1004.908 -0.822 -0.082
2026-04-11 3360 1008.679 3.771 0.375
2026-04-12 3360 1008.679 0 0
2026-04-13 3358 1008.679 0 0
2026-04-14 3364 1007.144 -1.535 -0.152
2026-04-15 3366 1015.588 8.444 0.838
2026-04-16 3372 1014.63 -0.958 -0.094
2026-04-17 3380 1012.36 -2.27 -0.224
2026-04-18 3376 1015.948 3.588 0.354
2026-04-19 3376 1015.948 0 0
2026-04-20 3375 1015.948 0 0
2026-04-21 3377 1012.36 -3.588 -0.353
2026-04-22 3376 1010.695 -1.665 -0.164
2026-04-23 3371 1007.734 -2.961 -0.293
2026-04-24 3367 1007.144 -0.59 -0.059
2026-04-25 3373 1006.672 -0.472 -0.047
2026-04-26 3373 1006.672 0 0
2026-04-27 3371 1006.672 0 0
2026-04-28 3368 1009.271 2.599 0.258
2026-04-29 3366 1006.319 -2.952 -0.292
2026-04-30 3358 1006.201 -0.118 -0.012
2026-05-01 3361 1008.798 2.597 0.258
2026-05-02 3361 1012.003 3.205 0.318
2026-05-04 3360 1012.003 0 0
2026-05-05 3365 1006.908 -5.095 -0.503
2026-05-06 3370 1006.908 0 0
2026-05-07 3378 1011.051 4.143 0.411
2026-05-08 3386 1012.837 1.786 0.177
2026-05-09 3385 1012.599 -0.238 -0.023
2026-05-10 3385 1012.599 0 0
<<<<<<< HEAD
2026-05-11 3382 1012.599 0 0
2026-05-12 3370 1013.076 0.477 0.047
2026-05-13 3376 1009.271 -3.805 -0.376
2026-05-14 3385 1006.908 -2.363 -0.234
2026-05-15 3373 1004.438 -2.47 -0.245
2026-05-16 3384 1000.233 -4.205 -0.419
2026-05-17 3384 1000.233 0 0
2026-05-18 3377 1000.233 0 0
2026-05-19 3373 1001.164 0.931 0.093
2026-05-29 3380 1001.631 0.467 0.047
2026-05-31 3385 1003.618 1.987 0.198
2026-06-01 3379 1003.618 0 0
2026-06-03 3372 1001.397 -2.221 -0.221
2026-06-05 3368 1000.233 -1.164 -0.116
=======
2026-05-11 3385 1012.599 0 0
2026-05-12 3377 1012.599 0 0
2026-05-13 3369 1013.076 0 0
2026-05-14 3372 1009.271 0 0
2026-05-15 3382 1006.908 0 0
2026-05-16 3373 1004.438 0 0
2026-05-17 3384 1000.233 0 0
2026-05-18 3377 1000.233 0 0
2026-05-19 3374 1000.233 0 0
2026-05-20 3368 1001.164 0 0
2026-05-30 3380 1001.631 0 0
2026-05-31 3385 1003.618 0 0
2026-06-01 3384 1003.618 0 0
2026-06-02 3377 1003.618 0 0
2026-06-04 3372 1001.397 0 0
2026-06-06 3368 1000.233 0 0
>>>>>>> 2b550085baac25c543016ca743053a87bf115d5d
2026-08-21 3378 1003.032 0 0
2026-08-22 3380 1004.79 0 0
2026-08-24 3388 1003.852 0 0
2026-08-25 3390 1003.852 0 0
