2026-03-10 1316 3211.222 0 0
2026-03-11 1314 3226.182 14.96 0.466
2026-03-12 1316 3203.794 -22.388 -0.694
2026-03-13 1312 3191.612 -12.182 -0.38
2026-03-14 1316 3170.062 -21.55 -0.675
2026-03-15 1316 3170.062 0 0
2026-03-16 1316 3170.062 0 0
2026-03-17 1314 3181.348 11.286 0.356
2026-03-18 1316 3181.348 0 0
2026-03-19 1306 3189.04 7.692 0.242
2026-03-20 1299 3189.407 0.367 0.012
2026-03-21 1292 3197.876 8.469 0.266
2026-03-22 1291 3197.876 0 0
2026-03-23 1293 3197.876 0 0
2026-03-24 1285 3209.362 11.486 0.359
2026-03-25 1293 3207.132 -2.23 -0.069
2026-03-26 1286 3207.132 0 0
2026-03-27 1280 3207.132 0 0
2026-03-28 1285 3191.244 -15.888 -0.495
2026-03-29 1285 3191.244 0 0
2026-03-30 1279 3191.244 0 0
2026-03-31 1290 3175.877 -15.367 -0.482
2026-04-01 1290 3191.612 15.735 0.495
2026-04-02 1279 3219.807 28.195 0.883
2026-04-03 1289 3199.723 -20.084 -0.624
2026-04-04 1289 3199.723 0 0
2026-04-05 1289 3199.723 0 0
2026-04-06 1290 3199.723 0 0
2026-04-07 1287 3197.138 -2.585 -0.081
2026-04-08 1297 3197.138 0 0
2026-04-09 1287 3239.387 42.249 1.321
2026-04-10 1291 3236.738 -2.649 -0.082
2026-04-11 1289 3248.886 12.148 0.375
2026-04-12 1289 3248.886 0 0
2026-04-13 1292 3248.886 0 0
2026-04-14 1299 3243.94 -4.946 -0.152
2026-04-15 1295 3271.138 27.198 0.838
2026-04-16 1301 3268.051 -3.087 -0.094
2026-04-17 1316 3260.742 -7.309 -0.224
2026-04-18 1315 3272.298 11.556 0.354
2026-04-19 1315 3272.298 0 0
2026-04-20 1310 3272.298 0 0
2026-04-21 1313 3260.742 -11.556 -0.353
2026-04-22 1313 3255.377 -5.365 -0.165
2026-04-23 1308 3245.84 -9.537 -0.293
2026-04-24 1304 3243.94 -1.9 -0.059
2026-04-25 1304 3242.421 -1.519 -0.047
2026-04-26 1304 3242.421 0 0
2026-04-27 1308 3242.421 0 0
2026-04-28 1307 3250.792 8.371 0.258
2026-04-29 1309 3241.282 -9.51 -0.293
2026-04-30 1305 3240.903 -0.379 -0.012
2026-05-01 1306 3249.267 8.364 0.258
2026-05-02 1303 3259.59 10.323 0.318
2026-05-04 1311 3259.59 0 0
2026-05-05 1323 3243.18 -16.41 -0.503
2026-05-06 1322 3243.18 0 0
2026-05-07 1329 3256.525 13.345 0.411
2026-05-08 1321 3262.278 5.753 0.177
2026-05-09 1319 3261.509 -0.769 -0.024
2026-05-10 1319 3261.509 0 0
<<<<<<< HEAD
2026-05-11 1329 3261.509 0 0
2026-05-12 1325 3263.046 1.537 0.047
2026-05-13 1324 3250.792 -12.254 -0.376
2026-05-14 1323 3243.18 -7.612 -0.234
2026-05-15 1315 3235.225 -7.955 -0.245
2026-05-16 1315 3221.679 -13.546 -0.419
2026-05-17 1315 3221.679 0 0
2026-05-18 1319 3221.679 0 0
2026-05-19 1314 3224.68 3.001 0.093
2026-05-20 1321 3212.339 -12.341 -0.383
2026-05-21 1320 3218.685 6.346 0.198
2026-05-22 1321 3218.685 0 0
2026-05-23 1325 3212.712 -5.973 -0.186
2026-05-24 1325 3212.712 0 0
2026-05-26 1327 3212.712 0 0
2026-05-27 1326 3219.807 7.095 0.221
2026-05-28 1325 3220.556 0.749 0.023
2026-05-29 1322 3226.182 5.626 0.175
2026-05-31 1320 3232.583 6.401 0.198
2026-06-01 1326 3232.583 0 0
2026-06-02 1330 3217.937 -14.646 -0.453
2026-06-03 1323 3225.431 7.494 0.233
2026-06-04 1324 3216.442 -8.989 -0.279
2026-06-05 1315 3221.679 5.237 0.163
2026-06-06 1322 3201.942 -19.737 -0.613
2026-06-07 1322 3201.942 0 0
2026-06-08 1309 3201.942 0 0
2026-06-09 1322 3197.138 -4.804 -0.15
2026-06-10 1314 3202.682 5.544 0.173
2026-06-11 1314 3200.092 -2.59 -0.081
2026-06-12 1324 3190.509 -9.583 -0.299
2026-06-13 1320 3206.019 15.51 0.486
2026-06-15 1330 3206.019 0 0
2026-06-16 1329 3215.322 9.303 0.29
2026-06-17 1333 3215.322 0 0
2026-06-18 1330 3210.105 -5.217 -0.162
2026-06-19 1340 3181.714 -28.391 -0.884
2026-06-20 1340 3181.714 0 0
2026-06-21 1340 3181.714 0 0
2026-06-23 1334 3170.425 -11.289 -0.355
2026-06-24 1336 3153.102 -17.323 -0.546
2026-06-25 1339 3141.302 -11.8 -0.374
2026-06-26 1331 3151.308 10.006 0.319
2026-06-27 1333 3156.335 5.027 0.16
2026-06-28 1333 3156.335 0 0
2026-06-29 1335 3156.335 0 0
2026-06-30 1338 3163.906 7.571 0.24
2026-07-01 1339 3166.8 2.894 0.091
2026-07-02 1337 3155.976 -10.824 -0.342
2026-07-03 1346 3169.699 13.723 0.435
2026-07-04 1346 3169.699 0 0
2026-07-05 1346 3169.699 0 0
2026-07-06 1348 3169.699 0 0
2026-07-07 1334 3162.823 -6.876 -0.217
2026-07-08 1331 3167.162 4.339 0.137
2026-07-09 1332 3159.576 -7.586 -0.24
2026-07-10 1335 3166.8 7.224 0.229
2026-07-11 1337 3164.268 -2.532 -0.08
2026-07-12 1337 3164.268 0 0
2026-07-13 1333 3164.268 0 0
2026-07-14 1337 3159.215 -5.053 -0.16
2026-07-15 1337 3170.062 10.847 0.343
2026-07-16 1336 3167.887 -2.175 -0.069
2026-07-17 1331 3169.699 1.812 0.057
2026-07-18 1329 3168.974 -0.725 -0.023
2026-07-19 1329 3168.974 0 0
2026-07-20 1327 3168.974 0 0
2026-07-21 1333 3159.576 -9.398 -0.297
2026-07-22 1331 3159.215 -0.361 -0.011
2026-07-23 1329 3160.657 1.442 0.046
2026-07-24 1327 3149.875 -10.782 -0.341
2026-07-25 1327 3152.025 2.15 0.068
2026-07-26 1327 3152.025 0 0
2026-07-27 1331 3152.025 0 0
2026-07-28 1329 3149.875 -2.15 -0.068
2026-07-29 1329 3153.82 3.945 0.125
2026-07-30 1325 3152.743 -1.077 -0.034
2026-07-31 1322 3186.472 33.729 1.07
2026-08-01 1322 3187.205 0.733 0.023
2026-08-02 1322 3187.205 0 0
2026-08-03 1329 3187.205 0 0
2026-08-04 1336 3189.407 2.202 0.069
2026-08-05 1342 3191.98 2.573 0.081
2026-08-06 1334 3200.092 8.112 0.254
2026-08-07 1339 3195.294 -4.798 -0.15
2026-08-08 1338 3200.462 5.168 0.162
2026-08-09 1338 3200.462 0 0
2026-08-10 1344 3200.462 0 0
2026-08-11 1341 3200.462 0 0
2026-08-12 1343 3197.138 -3.324 -0.104
2026-08-13 1345 3197.138 0 0
=======
2026-05-11 1327 3261.509 0 0
2026-05-12 1330 3261.509 0 0
2026-05-13 1321 3263.046 0 0
2026-05-14 1318 3250.792 0 0
2026-05-15 1321 3243.18 0 0
2026-05-16 1315 3235.225 0 0
2026-05-17 1315 3221.679 0 0
2026-05-18 1316 3221.679 0 0
2026-05-19 1314 3221.679 0 0
2026-05-20 1318 3224.68 0 0
2026-05-21 1323 3212.339 0 0
2026-05-22 1320 3218.685 0 0
2026-05-23 1321 3218.685 0 0
2026-05-24 1325 3212.712 0 0
2026-05-25 1324 3212.712 0 0
2026-05-26 1329 3212.712 0 0
2026-05-27 1328 3212.712 0 0
2026-05-28 1321 3219.807 0 0
2026-05-29 1323 3220.556 0 0
2026-05-30 1322 3226.182 0 0
2026-05-31 1320 3232.583 0 0
2026-06-01 1323 3232.583 0 0
2026-06-02 1325 3232.583 0 0
2026-06-03 1330 3217.937 0 0
2026-06-04 1323 3225.431 0 0
2026-06-05 1321 3216.442 0 0
2026-06-06 1315 3221.679 0 0
2026-06-07 1322 3201.942 0 0
2026-06-09 1315 3201.942 0 0
2026-06-10 1317 3197.138 0 0
2026-06-11 1307 3202.682 0 0
2026-06-12 1317 3200.092 0 0
2026-06-13 1324 3190.509 0 0
2026-06-14 1320 3206.019 0 0
2026-06-16 1334 3206.019 0 0
2026-06-17 1331 3215.322 0 0
2026-06-18 1329 3215.322 0 0
2026-06-19 1330 3210.105 0 0
2026-06-20 1340 3181.714 0 0
2026-06-21 1340 3181.714 0 0
2026-06-22 1344 3181.714 0 0
2026-06-23 1335 3181.714 0 0
2026-06-24 1336 3170.425 0 0
2026-06-25 1336 3153.102 0 0
2026-06-26 1332 3141.302 0 0
2026-06-27 1331 3151.308 0 0
2026-06-28 1333 3156.335 0 0
2026-06-29 1329 3156.335 0 0
2026-06-30 1338 3156.335 0 0
2026-07-01 1338 3163.906 0 0
2026-07-02 1338 3166.8 0 0
2026-07-03 1343 3155.976 0 0
2026-07-04 1346 3169.699 0 0
2026-07-05 1346 3169.699 0 0
2026-07-06 1345 3169.699 0 0
2026-07-07 1342 3169.699 0 0
2026-07-08 1332 3162.823 0 0
2026-07-09 1330 3167.162 0 0
2026-07-10 1336 3159.576 0 0
2026-07-11 1335 3166.8 0 0
2026-07-12 1337 3164.268 0 0
2026-07-13 1334 3164.268 0 0
2026-07-14 1333 3164.268 0 0
2026-07-15 1335 3159.215 0 0
2026-07-16 1336 3170.062 0 0
2026-07-17 1331 3167.887 0 0
2026-07-18 1331 3169.699 0 0
2026-07-19 1329 3168.974 0 0
2026-07-20 1330 3168.974 0 0
2026-07-21 1325 3168.974 0 0
2026-07-22 1332 3159.576 0 0
2026-07-23 1332 3159.215 0 0
2026-07-24 1326 3160.657 0 0
2026-07-25 1327 3149.875 0 0
2026-07-26 1327 3152.025 0 0
2026-07-27 1330 3152.025 0 0
2026-07-28 1328 3152.025 0 0
2026-07-29 1329 3149.875 0 0
2026-07-30 1327 3153.82 0 0
2026-07-31 1330 3152.743 0 0
2026-08-01 1322 3186.472 0 0
2026-08-02 1322 3187.205 0 0
2026-08-03 1321 3187.205 0 0
2026-08-04 1332 3187.205 0 0
2026-08-05 1339 3189.407 0 0
2026-08-06 1340 3191.98 0 0
2026-08-07 1335 3200.092 0 0
2026-08-08 1339 3195.294 0 0
2026-08-09 1338 3200.462 0 0
2026-08-10 1341 3200.462 0 0
2026-08-11 1342 3200.462 0 0
2026-08-12 1344 3200.462 0 0
2026-08-13 1343 3197.138 0 0
2026-08-14 1345 3197.138 0 0
>>>>>>> 2b550085baac25c543016ca743053a87bf115d5d
2026-08-15 1340 3197.876 0 0
2026-08-16 1337 3207.875 0 0
2026-08-17 1336 3207.875 0 0
2026-08-18 1336 3207.875 0 0
2026-08-19 1334 3209.733 0 0
2026-08-20 1336 3208.246 0 0
2026-08-21 1332 3230.697 0 0
2026-08-22 1332 3236.359 0 0
2026-08-23 1333 3233.337 0 0
2026-08-24 1333 3233.337 0 0
2026-08-25 1332 3233.337 0 0
2026-08-26 1337 3231.451 0 0
2026-08-27 1333 3232.583 0 0
2026-08-28 1339 3225.806 0 0
2026-08-29 1335 3225.806 0 0
2026-08-30 1335 3219.059 0 0
2026-08-31 1336 3219.059 0 0
