2026-03-10 2808 1354.517 0 0
2026-03-11 2838 1336.916 -17.601 -1.299
2026-03-12 2865 1312.353 -24.563 -1.837
2026-03-13 2826 1331.955 19.602 1.494
2026-03-14 2821 1331.955 0 0
2026-03-15 2821 1331.955 0 0
2026-03-16 2790 1354.997 23.042 1.73
2026-03-17 2803 1341.556 -13.441 -0.992
2026-03-18 2902 1283.07 -58.486 -4.36
2026-03-19 2839 1305.793 22.723 1.771
2026-03-20 2890 1274.51 -31.283 -2.396
2026-03-21 2889 1274.51 0 0
2026-03-22 2889 1274.51 0 0
2026-03-23 2821 1305.953 31.443 2.467
2026-03-24 2861 1284.271 -21.682 -1.66
2026-03-25 2868 1290.431 6.16 0.48
2026-03-27 2923 1249.547 -40.884 -3.168
2026-03-28 2920 1249.547 0 0
2026-03-29 2920 1249.547 0 0
2026-03-30 2970 1213.784 -35.763 -2.862
2026-03-31 2882 1271.389 57.605 4.746
2026-04-01 2882 1282.19 10.801 0.85
2026-04-02 2880 1284.591 2.401 0.187
2026-04-03 2866 1284.591 0 0
2026-04-04 2866 1284.591 0 0
2026-04-05 2866 1284.591 0 0
2026-04-06 2890 1272.509 -12.082 -0.941
2026-04-07 2861 1287.631 15.122 1.188
2026-04-08 2798 1343.156 55.525 4.312
2026-04-09 2780 1362.038 18.882 1.406
2026-04-10 2759 1386.6 24.562 1.803
2026-04-11 2761 1386.6 0 0
2026-04-12 2761 1386.6 0 0
2026-04-13 2711 1422.764 36.164 2.608
2026-04-14 2679 1450.366 27.602 1.94
2026-04-15 2706 1436.445 -13.921 -0.96
2026-04-16 2699 1452.287 15.842 1.103
2026-04-17 2678 1469.088 16.801 1.157
2026-04-18 2681 1469.088 0 0
2026-04-19 2681 1469.088 0 0
2026-04-20 2668 1483.09 14.002 0.953
2026-04-21 2672 1476.049 -7.041 -0.475
2026-04-22 2710 1445.646 -30.403 -2.06
2026-04-23 2683 1462.048 16.402 1.135
2026-04-24 2684 1458.287 -3.761 -0.257
2026-04-25 2682 1458.287 0 0
2026-04-26 2682 1458.287 0 0
2026-04-27 2700 1449.726 -8.561 -0.587
2026-04-28 2744 1410.363 -39.363 -2.715
2026-04-29 2702 1447.646 37.283 2.644
2026-04-30 2707 1438.765 -8.881 -0.613
2026-05-01 2776 1399.001 -39.764 -2.764
2026-05-02 2776 1399.001 0 0
2026-05-04 2786 1388.841 -10.16 -0.726
2026-05-05 2838 1354.117 -34.724 -2.5
2026-05-06 2826 1368.359 14.242 1.052
2026-05-07 2857 1353.557 -14.802 -1.082
2026-05-08 2959 1284.831 -68.726 -5.077
2026-05-09 2960 1284.831 0 0
2026-05-10 2960 1284.831 0 0
2026-05-11 3026 1240.346 -44.485 -3.462
2026-05-12 2956 1283.55 43.204 3.483
2026-05-13 2981 1257.708 -25.842 -2.013
2026-05-14 2938 1294.111 36.403 2.894
2026-05-15 2980 1260.588 -33.523 -2.59
2026-05-16 2974 1260.588 0 0
2026-05-17 2974 1260.588 0 0
2026-05-18 3000 1234.346 -26.242 -2.082
2026-05-19 3037 1214.184 -20.162 -1.633
2026-05-20 2993 1244.987 30.803 2.537
2026-05-21 2994 1244.987 0 0
2026-05-22 2883 1317.074 72.087 5.79
2026-05-23 2889 1317.074 0 0
2026-05-24 2889 1317.074 0 0
2026-05-26 2801 1377.079 60.005 4.556
2026-05-27 2788 1382.52 5.441 0.395
2026-05-28 2713 1442.046 59.526 4.306
2026-05-29 2695 1450.686 8.64 0.599
2026-05-31 2693 1450.686 0 0
2026-06-01 2722 1431.325 -19.361 -1.335
2026-06-02 2700 1447.806 16.481 1.151
2026-06-03 2703 1441.566 -6.24 -0.431
2026-06-04 2705 1434.765 -6.801 -0.472
2026-06-05 2787 1371.079 -63.686 -4.439
2026-06-06 2788 1371.079 0 0
2026-06-07 2788 1371.079 0 0
2026-06-08 2712 1409.402 38.323 2.795
2026-06-09 2627 1493.17 83.768 5.944
2026-06-10 2662 1454.367 -38.803 -2.599
2026-06-11 2637 1480.289 25.922 1.782
2026-06-12 2628 1491.01 10.721 0.724
2026-06-13 2637 1491.01 0 0
2026-06-15 2600 1529.334 38.324 2.57
2026-06-16 2601 1531.094 1.76 0.115
2026-06-17 2577 1549.496 18.402 1.202
2026-06-18 2551 1572.298 22.802 1.472
2026-06-19 2546 1572.298 0 0
2026-06-20 2546 1572.298 0 0
2026-06-21 2546 1572.298 0 0
2026-06-23 2589 1530.214 -42.084 -2.677
2026-06-24 2535 1562.857 32.643 2.133
2026-06-25 2500 1581.819 18.962 1.213
2026-06-26 2522 1570.378 -11.441 -0.723
2026-06-27 2521 1570.378 0 0
2026-06-28 2521 1570.378 0 0
2026-06-29 2511 1591.98 21.602 1.376
2026-06-30 2426 1671.187 79.207 4.975
2026-07-01 2473 1638.384 -32.803 -1.963
2026-07-02 2536 1577.338 -61.046 -3.726
2026-07-03 2542 1577.338 0 0
2026-07-04 2542 1577.338 0 0
2026-07-05 2542 1577.338 0 0
2026-07-06 2529 1595.1 17.762 1.126
2026-07-07 2604 1529.494 -65.606 -4.113
2026-07-08 2594 1526.374 -3.12 -0.204
2026-07-09 2556 1558.537 32.163 2.107
2026-07-10 2592 1533.094 -25.443 -1.632
2026-07-11 2592 1533.094 0 0
2026-07-12 2592 1533.094 0 0
2026-07-13 2608 1508.532 -24.562 -1.602
2026-07-14 2596 1527.574 19.042 1.262
2026-07-15 2609 1516.933 -10.641 -0.697
2026-07-16 2659 1485.73 -31.203 -2.057
2026-07-17 2653 1470.208 -15.522 -1.045
2026-07-18 2651 1470.208 0 0
2026-07-19 2650 1470.208 0 0
2026-07-20 2650 1464.688 -5.52 -0.375
2026-07-21 2585 1523.093 58.405 3.988
2026-07-22 2583 1520.693 -2.4 -0.158
2026-07-23 2573 1520.053 -0.64 -0.042
2026-07-24 2619 1481.969 -38.084 -2.505
2026-07-25 2620 1481.969 0 0
2026-07-26 2620 1481.969 0 0
2026-07-27 2669 1454.847 -27.122 -1.83
2026-07-28 2723 1411.403 -43.444 -2.986
2026-07-29 2653 1463.088 51.685 3.662
2026-07-30 2560 1539.175 76.087 5.2
2026-07-31 2567 1546.216 7.041 0.457
2026-08-01 2568 1546.216 0 0
2026-08-02 2568 1546.216 0 0
2026-08-03 2548 1567.338 21.122 1.366
2026-08-04 2486 1631.264 63.926 4.079
2026-08-05 2486 1638.544 7.28 0.446
2026-08-06 2504 1625.503 -13.041 -0.796
2026-08-07 2524 1614.062 -11.441 -0.704
2026-08-08 2524 1614.062 0 0
2026-08-09 2524 1614.062 0 0
2026-08-10 2539 1602.221 -11.841 -0.734
2026-08-11 2536 1598.461 -3.76 -0.235
2026-08-12 2515 1620.303 21.842 1.366
2026-08-13 2542 1586.619 -33.684 -2.079
2026-08-15 2541 1597.5 10.881 0.686
2026-08-16 2541 1597.5 0 0
2026-08-17 2512 1627.583 30.083 1.883
2026-08-18 2616 1537.175 -90.408 -5.555
2026-08-19 2640 1508.932 -28.243 -1.837
2026-08-20 2688 1485.49 -23.442 -1.554
2026-08-21 2650 1516.693 31.203 2.101
2026-08-23 2650 1516.693 0 0
2026-08-24 2651 1505.012 -11.681 -0.77
2026-08-25 2633 1530.854 25.842 1.717
2026-08-26 2601 1551.336 20.482 1.338
2026-08-27 2605 1551.656 0.32 0.021
2026-08-28 2650 1522.533 -29.123 -1.877
2026-08-29 2649 1522.533 0 0
2026-08-30 2649 1522.533 0 0
2026-08-31 2638 1529.014 6.481 0.426
2026-09-01 2638 1529.014 0 0
2026-09-02 2579 1566.057 0 0
