2026-03-10 1822 2300 0 0
2026-03-11 1822 2300 0 0
2026-03-12 1808 2300 0 0
2026-03-13 1787 2300 0 0
2026-03-14 1781 2300 0 0
2026-03-15 1781 2300 0 0
2026-03-16 1782 2300 0 0
2026-03-17 1789 2300 0 0
2026-03-18 1792 2300 0 0
2026-03-19 1774 2300 0 0
2026-03-20 1759 2300 0 0
2026-03-21 1760 2300 0 0
2026-03-22 1760 2300 0 0
2026-03-23 1745 2300 0 0
2026-03-24 1760 2300 0 0
2026-03-25 1769 2300 0 0
2026-03-27 1759 2300 0 0
2026-03-28 1749 2300 0 0
2026-03-29 1747 2300 0 0
2026-03-30 1741 2300 0 0
2026-03-31 1744 2300 0 0
2026-04-01 1756 2300 0 0
2026-04-02 1764 2300 0 0
2026-04-03 1759 2300 0 0
2026-04-04 1759 2300 0 0
2026-04-05 1759 2300 0 0
2026-04-06 1760 2300 0 0
2026-04-07 1754 2300 0 0
2026-04-08 1778 2300 0 0
2026-04-09 1797 2300 0 0
2026-04-10 1796 2300 0 0
2026-04-11 1797 2300 0 0
2026-04-12 1797 2300 0 0
2026-04-13 1797 2300 0 0
2026-04-14 1796 2300 0 0
2026-04-15 1816 2300 0 0
2026-04-16 1824 2300 0 0
2026-04-17 1827 2300 0 0
2026-04-18 1833 2300 0 0
2026-04-19 1833 2300 0 0
2026-04-20 1839 2300 0 0
2026-04-21 1831 2300 0 0
2026-04-22 1828 2300 0 0
2026-04-23 1822 2300 0 0
2026-04-24 1816 2300 0 0
2026-04-25 1816 2300 0 0
2026-04-26 1816 2300 0 0
2026-04-27 1817 2300 0 0
2026-04-28 1815 2300 0 0
2026-04-29 1818 2300 0 0
2026-04-30 1811 2300 0 0
2026-05-01 1816 2300 0 0
2026-05-02 1816 2300 0 0
2026-05-04 1816 2300 0 0
2026-05-05 1825 2300 0 0
2026-05-06 1827 2300 0 0
2026-05-07 1839 2300 0 0
2026-05-08 1839 2300 0 0
2026-05-09 1837 2300 0 0
2026-05-10 1837 2300 0 0
2026-05-11 1836 2300 0 0
2026-05-12 1830 2300 0 0
2026-05-13 1832 2300 0 0
2026-05-14 1836 2300 0 0
2026-05-15 1827 2300 0 0
2026-05-16 1823 2300 0 0
2026-05-17 1823 2300 0 0
2026-05-18 1823 2300 0 0
2026-05-19 1816 2300 0 0
2026-05-20 1816 2300 0 0
2026-05-21 1822 2300 0 0
2026-05-22 1824 2300 0 0
2026-05-23 1824 2300 0 0
2026-05-24 1824 2300 0 0
2026-05-26 1824 2300 0 0
2026-05-27 1824 2300 0 0
2026-05-28 1822 2300 0 0
2026-05-29 1818 2300 0 0
2026-05-31 1819 2300 0 0
2026-06-01 1823 2300 0 0
2026-06-02 1825 2300 0 0
2026-06-03 1814 2300 0 0
2026-06-04 1814 2300 0 0
2026-06-05 1793 2300 0 0
2026-06-06 1791 2300 0 0
2026-06-07 1791 2300 0 0
2026-06-08 1782 2300 0 0
2026-06-09 1790 2300 0 0
2026-06-10 1780 2300 0 0
2026-06-11 1785 2300 0 0
2026-06-12 1782 2300 0 0
2026-06-13 1790 2300 0 0
2026-06-15 1802 2300 0 0
2026-06-16 1805 2300 0 0
2026-06-17 1804 2300 0 0
2026-06-18 1806 2300 0 0
2026-06-19 1799 2300 0 0
2026-06-20 1799 2300 0 0
2026-06-21 1799 2300 0 0
2026-06-23 1786 2300 0 0
2026-06-24 1786 2300 0 0
2026-06-25 1786 2300 0 0
2026-06-26 1786 2300 0 0
2026-06-27 1786 2300 0 0
2026-06-28 1786 2300 0 0
2026-06-29 1785 2300 0 0
2026-06-30 1793 2300 0 0
2026-07-01 1797 2300 0 0
2026-07-02 1796 2300 0 0
2026-07-03 1801 2300 0 0
2026-07-04 1801 2300 0 0
2026-07-05 1801 2300 0 0
2026-07-06 1801 2300 0 0
2026-07-07 1794 2300 0 0
2026-07-08 1786 2300 0 0
2026-07-09 1788 2300 0 0
2026-07-10 1792 2300 0 0
2026-07-11 1792 2300 0 0
2026-07-12 1792 2300 0 0
2026-07-13 1785 2300 0 0
2026-07-14 1786 2300 0 0
2026-07-15 1797 2300 0 0
2026-07-16 1797 2300 0 0
2026-07-17 1772 2300 0 0
2026-07-18 1770 2300 0 0
2026-07-19 1769 2300 0 0
2026-07-20 1772 2300 0 0
2026-07-21 1779 2300 0 0
2026-07-22 1777 2300 0 0
2026-07-23 1777 2300 0 0
2026-07-24 1767 2300 0 0
2026-07-25 1768 2300 0 0
2026-07-26 1768 2300 0 0
2026-07-27 1780 2300 0 0
2026-07-28 1777 2300 0 0
2026-07-29 1777 2300 0 0
2026-07-30 1772 2300 0 0
2026-07-31 1787 2300 0 0
2026-08-01 1784 2300 0 0
2026-08-02 1784 2300 0 0
2026-08-03 1787 2300 0 0
2026-08-04 1800 2300 0 0
2026-08-05 1808 2300 0 0
2026-08-06 1811 2300 0 0
2026-08-07 1816 2300 0 0
2026-08-08 1816 2300 0 0
2026-08-09 1816 2300 0 0
2026-08-10 1822 2300 0 0
2026-08-11 1815 2300 0 0
2026-08-12 1818 2300 0 0
2026-08-13 1823 2300 0 0
2026-08-15 1824 2300 0 0
2026-08-16 1823 2300 0 0
2026-08-17 1831 2300 0 0
2026-08-18 1824 2300 0 0
2026-08-19 1816 2300 0 0
2026-08-20 1820 2300 0 0
2026-08-21 1822 2300 0 0
2026-08-23 1824 2300 0 0
2026-08-24 1821 2300 0 0
2026-08-25 1828 2300 0 0
2026-08-26 1829 2300 0 0
2026-08-27 1825 2300 0 0
2026-08-28 1823 2300 0 0
2026-08-29 1822 2300 0 0
2026-08-30 1822 2300 0 0
2026-08-31 1819 2300 0 0
2026-09-01 1822 2300.0 0 0
2026-09-02 1809 2300.0 0 0
