2026-05-13 2614 1524.101 0 0
2026-05-14 2729 1438.437 -85.664 -5.621
2026-05-15 2913 1299.915 -138.522 -9.63
2026-05-16 2910 1299.915 0 0
2026-05-17 2910 1299.915 0 0
2026-05-18 2916 1296.27 -3.645 -0.28
2026-05-19 2874 1320.694 24.424 1.884
2026-05-20 2841 1347.669 26.975 2.042
2026-05-21 2843 1347.669 0 0
2026-05-22 2955 1282.418 -65.251 -4.842
2026-05-23 2954 1282.418 0 0
2026-05-24 2954 1282.418 0 0
2026-05-26 2973 1264.191 -18.227 -1.421
2026-05-27 2984 1251.068 -13.123 -1.038
2026-05-28 2903 1305.748 54.68 4.371
2026-05-29 2959 1272.576 -33.172 -2.54
2026-05-31 2960 1272.576 0 0
2026-06-01 3124 1170.872 -101.704 -7.992
2026-06-02 3213 1113.276 -57.596 -4.919
2026-06-03 3340 1024.33 -88.946 -7.99
2026-06-04 3257 1081.197 56.867 5.552
2026-06-05  982.774 -98.423 -9.103
2026-06-12  991.887 9.113 0.927
2026-06-16  946.321 -45.566 -4.594
2026-08-21 3223 1108.537 162.216 17.142
2026-08-23 3225 1108.537 0 0
2026-08-24 3215 1115.827 7.29 0.658
2026-08-25 3140 1167.226 51.399 4.606
2026-08-26 3077 1206.96 39.734 3.404
2026-08-27 3048 1223.364 16.404 1.359
2026-08-28 3099 1198.94 -24.424 -1.996
2026-08-29 3104 1198.94 0 0
2026-08-30 3104 1198.94 0 0
2026-08-31 3024 1240.497 41.557 3.466
2026-09-01 3024 1240.497 0 0
2026-09-02 3077 1205.137 0 0
2026-09-03 3115 1189.827 0 0
2026-09-04 2903 1320.329 0 0
2026-09-05 2923 1312.309 0 0
