2025-12-17 579 6500 0 0
2025-12-18 234 12647.04 6147.04 94.57
2025-12-19 720 5592.245 -7054.795 -55.782
2025-12-20 721 5592.721 0.476 0.009
2025-12-21 721 5592.721 0 0
2025-12-22 737 5496.982 -95.739 -1.712
2025-12-23 781 5219.879 -277.103 -5.041
2025-12-24 839 4859.213 -360.666 -6.909
2025-12-25 809 5042.685 183.472 3.776
2025-12-26 838 4860.409 -182.276 -3.615
2025-12-27 837 4865.888 5.479 0.113
2025-12-28 837 4865.888 0 0
2025-12-29 848 4829.769 -36.119 -0.742
2025-12-30 859 4780.698 -49.071 -1.016
2025-12-31 889 4567.135 -213.563 -4.467
2026-01-01 885 4568.115 0.98 0.021
2026-01-02 883 4568.115 0 0
2026-01-03 888 4568.115 0 0
2026-01-05 862 4770.338 202.223 4.427
2026-01-06 877 4684.188 -86.15 -1.806
2026-01-07 860 4760.774 76.586 1.635
2026-01-08 810 5057.719 296.945 6.237
2026-01-09 823 5004.168 -53.551 -1.059
2026-01-10 822 5003.093 -1.075 -0.021
2026-01-11 822 5003.093 0 0
2026-01-12 838 4900.006 -103.087 -2.06
2026-01-13 838 4900.148 0.142 0.003
2026-01-14 857 4839.882 -60.266 -1.23
2026-01-15 871 4713.779 -126.103 -2.605
2026-01-16 868 4751.848 38.069 0.808
2026-01-17 865 4752.393 0.545 0.011
2026-01-18 864 4752.393 0 0
2026-01-19 869 4703.906 -48.487 -1.02
2026-01-20 874 4659.209 -44.697 -0.95
2026-01-21 863 4753.971 94.762 2.034
2026-01-22 866 4721.778 -32.193 -0.677
2026-01-23 885 4642.578 -79.2 -1.677
2026-01-24 886 4641.712 -0.866 -0.019
2026-01-25 886 4641.712 0 0
2026-01-26 911 4513.467 -128.245 -2.763
2026-01-27 908 4525.694 12.227 0.271
2026-01-28 898 4565.4 39.706 0.877
2026-01-29 925 4468.637 -96.763 -2.119
2026-01-30 929 4421.223 -47.414 -1.061
2026-01-31 927 4419.823 -1.4 -0.032
2026-02-01 926 4419.823 0 0
2026-02-02 963 4198.23 -221.593 -5.014
2026-02-03 1001 4067.108 -131.122 -3.123
2026-02-04 1014 4006.423 -60.685 -1.492
2026-02-05 1045 3902.407 -104.016 -2.596
2026-02-06 1041 3915.662 13.255 0.34
2026-02-07 1043 3916.057 0.395 0.01
2026-02-08 1042 3916.057 0 0
2026-02-09 1011 4064.649 148.592 3.794
2026-02-10 1008 4085.431 20.782 0.511
2026-02-11 1022 4048.021 -37.41 -0.916
2026-02-12 1000 4140.925 92.904 2.295
2026-02-13 1020 4090.333 -50.592 -1.222
2026-02-14 1013 4084.71 -5.623 -0.137
2026-02-15 1013 4084.71 0 0
2026-02-16 1014 4084.71 0 0
2026-02-17 1015 4084.71 0 0
2026-02-18 1022 4084.71 0 0
2026-02-19 1024 4084.71 0 0
2026-02-20 1027 4084.71 0 0
2026-02-21 1033 4084.71 0 0
2026-02-22 1033 4084.71 0 0
2026-02-23 1039 4084.71 0 0
2026-02-24 1037 4115.207 30.497 0.747
2026-02-25 1029 4156.124 40.917 0.994
2026-02-26 999 4275.704 119.58 2.877
2026-02-27 982 4309.298 33.594 0.786
2026-02-28 987 4299.367 -9.931 -0.23
2026-03-01 984 4299.367 0 0
2026-03-02 1011 4213.961 -85.406 -1.986
2026-03-03 1069 3989.263 -224.698 -5.332
2026-03-04 1033 4056.236 66.973 1.679
2026-03-05 983 4277.749 221.513 5.461
2026-03-06 983 4256.487 -21.262 -0.497
2026-03-07 983 4257.598 1.111 0.026
2026-03-08 983 4257.598 0 0
2026-03-09 1022 4073.962 -183.636 -4.313
2026-03-10 997 4207.868 133.906 3.287
2026-03-11 976 4302.532 94.664 2.25
2026-03-12 1004 4164.997 -137.535 -3.197
2026-03-13 1010 4107.839 -57.158 -1.372
2026-03-14 1013 4091.414 -16.425 -0.4
2026-03-15 1013 4091.414 0 0
2026-03-16 979 4265.212 173.798 4.248
2026-03-17 932 4465.246 200.034 4.69
2026-03-18 914 4544.361 79.115 1.772
2026-03-19 920 4468.857 -75.504 -1.661
2026-03-20 898 4575.586 106.729 2.388
2026-03-21 897 4588.286 12.7 0.278
2026-03-22 897 4588.286 0 0
2026-03-23 967 4234.682 -353.604 -7.707
2026-03-24 860 4789.167 554.485 13.094
2026-03-25 852 4860.175 71.008 1.483
2026-03-27 862 4778.763 -81.412 -1.675
2026-03-28 860 4763.135 -15.628 -0.327
2026-03-29 860 4763.135 0 0
2026-03-30 825 4993.034 229.899 4.827
2026-03-31 857 4792.278 -200.756 -4.021
2026-04-01 851 4852.824 60.546 1.263
2026-04-02 898 4621.47 -231.354 -4.767
2026-04-03 876 4698.006 76.536 1.656
2026-04-04 876 4698.006 0 0
2026-04-05 876 4698.006 0 0
2026-04-06 878 4698.006 0 0
2026-04-07 864 4788.692 90.686 1.93
2026-04-08 851 4898.297 109.605 2.289
2026-04-09 851 4916.703 18.406 0.376
2026-04-10 853 4925.117 8.414 0.171
2026-04-11 852 4930.595 5.478 0.111
2026-04-12 852 4930.595 0 0
2026-04-13 856 4913.12 -17.475 -0.354
2026-04-14 858 4943.504 30.384 0.618
2026-04-15 773 5488.872 545.368 11.032
2026-04-16 706 5946.262 457.39 8.333
2026-04-17 725 5817.944 -128.318 -2.158
2026-04-18 727 5812.063 -5.881 -0.101
2026-04-19 727 5812.063 0 0
2026-04-20 743 5702.513 -109.55 -1.885
2026-04-21 756 5630.172 -72.341 -1.269
2026-04-22 743 5663.583 33.411 0.593
2026-04-23 785 5404.667 -258.916 -4.572
2026-04-24 729 5781.951 377.284 6.981
2026-04-25 728 5781.359 -0.592 -0.01
2026-04-26 728 5781.359 0 0
2026-04-27 718 5830.637 49.278 0.852
2026-04-28 715 5838.722 8.085 0.139
2026-04-29 725 5742.233 -96.489 -1.653
2026-04-30 669 6104.664 362.431 6.312
2026-05-01 671 6104.307 -0.357 -0.006
2026-05-02 674 6104.307 0 0
2026-05-04 672 6104.307 0 0
2026-05-05 632 6531.752 427.445 7.002
2026-05-06 631 6531.752 0 0
2026-05-07 594 6807.243 275.491 4.218
2026-05-08 653 6343.236 -464.007 -6.816
2026-05-09 653 6342.956 -0.28 -0.004
2026-05-10 653 6342.956 0 0
<<<<<<< HEAD
2026-05-11 647 6371.273 28.317 0.446
2026-05-12 657 6291.433 -79.84 -1.253
2026-05-13 648 6337.716 46.283 0.736
2026-05-14 693 6004.068 -333.648 -5.264
2026-05-15 717 5800.676 -203.392 -3.388
2026-05-16 719 5784.907 -15.769 -0.272
2026-05-17 719 5784.907 0 0
2026-05-18 702 5891.006 106.099 1.834
2026-05-19 676 6094.657 203.651 3.457
2026-05-20 658 6268.299 173.642 2.849
2026-05-21 657 6266.18 -2.119 -0.034
2026-05-22 704 5889.805 -376.375 -6.006
2026-05-23 705 5899.687 9.882 0.168
2026-05-24 705 5899.687 0 0
2026-05-26 698 5954.031 54.344 0.921
2026-05-27 741 5634.914 -319.117 -5.36
2026-05-28 737 5677.789 42.875 0.761
2026-05-29 771 5486.848 -190.941 -3.363
2026-05-31 765 5496.171 9.323 0.17
2026-06-01 820 5183.809 -312.362 -5.683
2026-06-02 780 5396.848 213.039 4.11
2026-06-03 672 6155.496 758.648 14.057
2026-06-04 702 5884.958 -270.538 -4.395
2026-06-05 715 5765.79 -119.168 -2.025
2026-06-06 712 5770.474 4.684 0.081
2026-06-07 712 5770.474 0 0
2026-06-08 718 5713.582 -56.892 -0.986
2026-06-09 725 5718.02 4.438 0.078
2026-06-10 728 5640.935 -77.085 -1.348
2026-06-11 717 5780.923 139.988 2.482
2026-06-12 729 5642.168 -138.755 -2.4
2026-06-13 731 5655.603 13.435 0.238
2026-06-15 715 5867.295 211.692 3.743
2026-06-16 708 5934.953 67.658 1.153
2026-06-17 695 5965.146 30.193 0.509
2026-06-18 656 6270.19 305.044 5.114
2026-06-19 653 6265.461 -4.729 -0.075
2026-06-20 653 6265.461 0 0
2026-06-21 653 6265.461 0 0
2026-06-23 653 6244.941 -20.52 -0.328
2026-06-24 652 6245.091 0.15 0.002
2026-06-25 654 6231.514 -13.577 -0.217
2026-06-26 694 5911.478 -320.036 -5.136
2026-06-27 693 5910.435 -1.043 -0.018
2026-06-28 693 5910.435 0 0
2026-06-29 615 6421.448 511.013 8.646
2026-06-30 593 6709.948 288.5 4.493
2026-07-01 652 6325.847 -384.101 -5.724
2026-07-02 709 5865.563 -460.284 -7.276
2026-07-03 697 5987.159 121.596 2.073
2026-07-04 697 5987.159 0 0
2026-07-05 697 5987.159 0 0
2026-07-06 701 5927.318 -59.841 -0.999
2026-07-07 584 6756.44 829.122 13.988
2026-07-08 583 6802.773 46.333 0.686
2026-07-09 470 7946.593 1143.82 16.814
2026-07-10 532 7365.873 -580.72 -7.308
2026-07-11 531 7382.281 16.408 0.223
2026-07-12 531 7382.281 0 0
2026-07-13 477 7897.868 515.587 6.984
2026-07-14 476 7911.577 13.709 0.174
2026-07-15 568 7015.68 -895.897 -11.324
2026-07-16 545 7233.197 217.517 3.1
2026-07-17 644 6341.96 -891.237 -12.321
2026-07-18 643 6333.35 -8.61 -0.136
2026-07-19 643 6333.35 0 0
2026-07-20 594 6666.514 333.164 5.26
2026-07-21 542 7287.018 620.504 9.308
2026-07-22 577 6872.041 -414.977 -5.695
2026-07-23 592 6610.814 -261.227 -3.801
2026-07-24 583 6677.872 67.058 1.014
2026-07-25 584 6674.323 -3.549 -0.053
2026-07-26 584 6674.323 0 0
2026-07-27 586 6744.104 69.781 1.046
2026-07-28 660 6115.303 -628.801 -9.324
2026-07-29 708 5740.935 -374.368 -6.122
2026-07-30 753 5465.668 -275.267 -4.795
2026-07-31 732 5610.591 144.923 2.652
2026-08-01 732 5618.074 7.483 0.133
2026-08-02 732 5618.074 0 0
2026-08-03 765 5423.402 -194.672 -3.465
2026-08-04 733 5670.834 247.432 4.562
2026-08-05 706 5916.31 245.476 4.329
2026-08-06 706 5892.228 -24.082 -0.407
2026-08-07 698 5943.188 50.96 0.865
2026-08-08 698 5944.597 1.409 0.024
2026-08-09 698 5944.597 0 0
2026-08-10 716 5829.876 -114.721 -1.93
2026-08-11 724 5730.974 -98.902 -1.696
2026-08-12 708 5835.099 104.125 1.817
2026-08-13 675 6094.32 259.221 4.442
=======
2026-05-11 663 6254.042 0 0
2026-05-12 646 6352.665 0 0
2026-05-13 656 6284.145 0 0
2026-05-14 689 6024.596 0 0
2026-05-15 706 5919.949 0 0
2026-05-16 717 5800.676 0 0
2026-05-17 719 5784.907 0 0
2026-05-18 700 5906.209 0 0
2026-05-19 717 5760.403 0 0
2026-05-20 638 6386.883 0 0
2026-05-21 685 6025.736 0 0
2026-05-22 703 5902.823 0 0
2026-05-23 704 5889.805 0 0
2026-05-24 705 5899.687 0 0
2026-05-25 694 5959.862 0 0
2026-05-26 707 5872.718 0 0
2026-05-27 729 5711.386 0 0
2026-05-28 730 5673.02 0 0
2026-05-29 772 5461.859 0 0
2026-05-30 771 5486.848 0 0
2026-05-31 765 5496.171 0 0
2026-06-01 784 5398.608 0 0
2026-06-02 773 5463.487 0 0
2026-06-03 721 5739.138 0 0
2026-06-04 697 5932.518 0 0
2026-06-05 689 5973.602 0 0
2026-06-06 715 5765.79 0 0
2026-06-07 712 5770.474 0 0
2026-06-09 709 5802.414 0 0
2026-06-10 729 5661.406 0 0
2026-06-11 735 5569.001 0 0
2026-06-12 698 5878.354 0 0
2026-06-13 729 5642.168 0 0
2026-06-14 731 5655.603 0 0
2026-06-16 717 5838.972 0 0
2026-06-17 729 5733.473 0 0
2026-06-18 658 6255.871 0 0
2026-06-19 655 6270.19 0 0
2026-06-20 653 6265.461 0 0
2026-06-21 653 6265.461 0 0
2026-06-22 703 5896.967 0 0
2026-06-23 635 6396.566 0 0
2026-06-24 669 6050.198 0 0
2026-06-25 642 6336.798 0 0
2026-06-26 683 5949.102 0 0
2026-06-27 694 5911.478 0 0
2026-06-28 693 5910.435 0 0
2026-06-29 636 6360.758 0 0
2026-06-30 592 6732.425 0 0
2026-07-01 611 6504.996 0 0
2026-07-02 673 6114.823 0 0
2026-07-03 683 6048.383 0 0
2026-07-04 697 5987.159 0 0
2026-07-05 697 5987.159 0 0
2026-07-06 691 6024.62 0 0
2026-07-07 580 6876.013 0 0
2026-07-08 597 6667.406 0 0
2026-07-09 464 7976.301 0 0
2026-07-10 476 7895.767 0 0
2026-07-11 532 7365.873 0 0
2026-07-12 531 7382.281 0 0
2026-07-13 445 8126.314 0 0
2026-07-14 489 7793.468 0 0
2026-07-15 550 7171.119 0 0
2026-07-16 565 7032.811 0 0
2026-07-17 568 7001.572 0 0
2026-07-18 644 6341.96 0 0
2026-07-19 643 6333.35 0 0
2026-07-20 598 6586.045 0 0
2026-07-21 560 7018.109 0 0
2026-07-22 545 7209.756 0 0
2026-07-23 595 6587.969 0 0
2026-07-24 632 6385.222 0 0
2026-07-25 583 6677.872 0 0
2026-07-26 584 6674.323 0 0
2026-07-27 607 6474.404 0 0
2026-07-28 633 6390.408 0 0
2026-07-29 698 5838.425 0 0
2026-07-30 730 5651.567 0 0
2026-07-31 703 5766.605 0 0
2026-08-01 732 5610.591 0 0
2026-08-02 732 5618.074 0 0
2026-08-03 732 5626.474 0 0
2026-08-04 752 5513.113 0 0
2026-08-05 718 5826.529 0 0
2026-08-06 706 5911.502 0 0
2026-08-07 693 5984.684 0 0
2026-08-08 698 5943.188 0 0
2026-08-09 698 5944.597 0 0
2026-08-10 693 5968.405 0 0
2026-08-11 723 5740.105 0 0
2026-08-12 716 5823.19 0 0
2026-08-13 691 5931.441 0 0
2026-08-14 676 6086.08 0 0
>>>>>>> 2b550085baac25c543016ca743053a87bf115d5d
2026-08-15 672 6102.479 0 0
2026-08-16 673 6105.285 0 0
2026-08-17 673 6105.285 0 0
2026-08-18 634 6415.446 0 0
2026-08-19 641 6289.388 0 0
2026-08-20 687 5949.674 0 0
2026-08-21 710 5815.075 0 0
2026-08-22 730 5728.882 0 0
2026-08-23 732 5731.78 0 0
2026-08-24 731 5731.78 0 0
2026-08-25 771 5437.003 0 0
2026-08-26 785 5362.882 0 0
2026-08-27 737 5654.597 0 0
