2025-11-26 2218 1694.136 0 0
2025-11-27 2215 1698.26 4.124 0.243
2025-11-28 2216 1698.26 0 0
2025-11-29 2212 1700.428 2.168 0.128
2025-11-30 2212 1700.428 0 0
2025-12-01 2212 1700.428 0 0
2025-12-02 2215 1700.428 0 0
2025-12-03 2213 1700.625 0.197 0.012
2025-12-04 2215 1708.756 8.131 0.478
2025-12-05 2212 1710.552 1.796 0.105
2025-12-06 2212 1706.766 -3.786 -0.221
2025-12-07 2212 1706.766 0 0
2025-12-08 2204 1706.766 0 0
2025-12-09 2207 1703.393 -3.373 -0.198
2025-12-10 2211 1703.987 0.594 0.035
2025-12-11 2206 1705.773 1.786 0.105
2025-12-12 2202 1722.618 16.845 0.988
2025-12-13 2204 1719.989 -2.629 -0.153
2025-12-14 2204 1719.989 0 0
2025-12-15 2195 1719.989 0 0
2025-12-16 2180 1723.428 3.439 0.2
2025-12-17 2184 1724.645 1.217 0.071
2025-12-18 2189 1722.415 -2.23 -0.129
2025-12-19 2203 1718.375 -4.04 -0.235
2025-12-20 2202 1715.759 -2.616 -0.152
2025-12-21 2202 1715.759 0 0
2025-12-22 2212 1715.759 0 0
2025-12-23 2207 1723.631 7.872 0.459
2025-12-24 2211 1725.254 1.623 0.094
2025-12-25 2212 1725.864 0.61 0.035
2025-12-26 2210 1725.864 0 0
2025-12-27 2213 1725.661 -0.203 -0.012
2025-12-28 2213 1725.661 0 0
2025-12-29 2214 1725.661 0 0
2025-12-30 2213 1724.239 -1.422 -0.082
2025-12-31 2223 1723.023 -1.216 -0.071
2026-01-01 2217 1720.797 -2.226 -0.129
2026-01-02 2223 1720.797 0 0
2026-01-03 2223 1721.808 1.011 0.059
2026-01-05 2237 1721.808 0 0
2026-01-06 2241 1714.956 -6.852 -0.398
2026-01-07 2248 1713.753 -1.203 -0.07
2026-01-08 2246 1712.751 -1.002 -0.058
2026-01-09 2251 1709.354 -3.397 -0.198
2026-01-10 2253 1705.773 -3.581 -0.209
2026-01-11 2253 1705.773 0 0
2026-01-12 2262 1705.773 0 0
2026-01-13 2259 1711.751 5.978 0.35
2026-01-14 2259 1707.164 -4.587 -0.268
2026-01-15 2262 1708.557 1.393 0.082
2026-01-16 2269 1700.033 -8.524 -0.499
2026-01-17 2272 1699.048 -0.985 -0.058
2026-01-18 2271 1699.048 0 0
2026-01-19 2269 1699.048 0 0
2026-01-20 2259 1699.048 0 0
2026-01-21 2243 1718.375 19.327 1.138
2026-01-22 2255 1714.555 -3.82 -0.222
2026-01-23 2256 1719.182 4.627 0.27
2026-01-24 2256 1722.82 3.638 0.212
2026-01-25 2256 1722.82 0 0
2026-01-26 2258 1722.82 0 0
2026-01-27 2249 1743.11 20.29 1.178
2026-01-28 2248 1751.235 8.125 0.466
2026-01-29 2250 1750.189 -1.046 -0.06
2026-01-30 2241 1747.893 -2.296 -0.131
2026-01-31 2243 1743.11 -4.783 -0.274
2026-02-01 2241 1743.11 0 0
2026-02-02 2233 1743.11 0 0
2026-02-03 2250 1727.899 -15.211 -0.873
2026-02-04 2258 1730.961 3.062 0.177
2026-02-05 2248 1728.511 -2.45 -0.142
2026-02-06 2252 1727.899 -0.612 -0.035
2026-02-07 2250 1731.779 3.88 0.225
2026-02-08 2250 1731.779 0 0
2026-02-09 2258 1731.779 0 0
2026-02-10 2264 1745.394 13.615 0.786
2026-02-11 2255 1745.81 0.416 0.024
2026-02-12 2264 1737.736 -8.074 -0.462
2026-02-13 2255 1741.453 3.717 0.214
2026-02-14 2257 1736.294 -5.159 -0.296
2026-02-15 2256 1736.294 0 0
2026-02-16 2256 1736.294 0 0
2026-02-17 2257 1736.294 0 0
2026-02-18 2263 1730.757 -5.537 -0.319
2026-02-19 2262 1732.189 1.432 0.083
2026-02-20 2276 1723.428 -8.761 -0.506
2026-02-21 2284 1727.085 3.657 0.212
2026-02-22 2286 1727.085 0 0
2026-02-23 2284 1727.085 0 0
2026-02-24 2285 1728.307 1.222 0.071
2026-02-25 2294 1725.051 -3.256 -0.188
2026-02-26 2287 1729.123 4.072 0.236
2026-02-27 2292 1728.715 -0.408 -0.024
2026-02-28 2301 1729.939 1.224 0.071
2026-03-01 2301 1729.939 0 0
2026-03-02 2301 1729.939 0 0
2026-03-03 2303 1711.351 -18.588 -1.074
2026-03-04 2316 1695.901 -15.45 -0.903
2026-03-05 2301 1705.574 9.673 0.57
2026-03-06 2309 1697.08 -8.494 -0.498
2026-03-07 2310 1696.49 -0.59 -0.035
2026-03-08 2307 1696.49 0 0
2026-03-09 2302 1696.49 0 0
2026-03-10 2387 1698.654 2.164 0.128
2026-03-11 2379 1706.567 7.913 0.466
2026-03-12 2384 1694.724 -11.843 -0.694
2026-03-13 2377 1688.28 -6.444 -0.38
2026-03-14 2383 1676.881 -11.399 -0.675
2026-03-15 2383 1676.881 0 0
2026-03-16 2383 1676.881 0 0
2026-03-17 2375 1682.851 5.97 0.356
2026-03-18 2381 1682.851 0 0
2026-03-19 2374 1686.92 4.069 0.242
2026-03-20 2362 1687.114 0.194 0.012
2026-03-21 2355 1691.594 4.48 0.266
2026-03-22 2355 1691.594 0 0
2026-03-23 2345 1691.594 0 0
2026-03-24 2351 1697.67 6.076 0.359
2026-03-25 2357 1696.49 -1.18 -0.07
2026-03-27 2351 1696.49 0 0
2026-03-28 2351 1688.086 -8.404 -0.495
2026-03-29 2351 1688.086 0 0
2026-03-30 2352 1688.086 0 0
2026-03-31 2357 1679.957 -8.129 -0.482
2026-04-01 2358 1688.28 8.323 0.495
2026-04-02 2347 1703.195 14.915 0.883
2026-04-03 2351 1692.571 -10.624 -0.624
2026-04-04 2351 1692.571 0 0
2026-04-05 2351 1692.571 0 0
2026-04-06 2355 1692.571 0 0
2026-04-07 2358 1691.203 -1.368 -0.081
2026-04-08 2376 1691.203 0 0
2026-04-09 2363 1713.552 22.349 1.321
2026-04-10 2367 1712.151 -1.401 -0.082
2026-04-11 2363 1718.577 6.426 0.375
2026-04-12 2363 1718.577 0 0
2026-04-13 2367 1718.577 0 0
2026-04-14 2380 1715.96 -2.617 -0.152
2026-04-15 2374 1730.348 14.388 0.838
2026-04-16 2382 1728.715 -1.633 -0.094
2026-04-17 2389 1724.848 -3.867 -0.224
2026-04-18 2382 1730.961 6.113 0.354
2026-04-19 2382 1730.961 0 0
2026-04-20 2390 1730.961 0 0
2026-04-21 2392 1724.848 -6.113 -0.353
2026-04-22 2399 1722.01 -2.838 -0.165
2026-04-23 2399 1716.966 -5.044 -0.293
2026-04-24 2395 1715.96 -1.006 -0.059
2026-04-25 2392 1715.157 -0.803 -0.047
2026-04-26 2392 1715.157 0 0
2026-04-27 2393 1715.157 0 0
2026-04-28 2387 1719.585 4.428 0.258
2026-04-29 2392 1714.555 -5.03 -0.293
2026-04-30 2397 1714.354 -0.201 -0.012
2026-05-01 2393 1718.778 4.424 0.258
2026-05-02 2392 1724.239 5.461 0.318
2026-05-04 2389 1724.239 0 0
2026-05-05 2407 1715.559 -8.68 -0.503
2026-05-06 2409 1715.559 0 0
2026-05-07 2414 1722.618 7.059 0.411
2026-05-08 2411 1725.661 3.043 0.177
2026-05-09 2412 1725.254 -0.407 -0.024
2026-05-10 2412 1725.254 0 0
<<<<<<< HEAD
2026-05-11 2405 1725.254 0 0
2026-05-12 2396 1726.067 0.813 0.047
2026-05-13 2402 1719.585 -6.482 -0.376
2026-05-14 2403 1715.559 -4.026 -0.234
2026-05-15 2394 1711.351 -4.208 -0.245
2026-05-16 2394 1704.185 -7.166 -0.419
2026-05-17 2395 1704.185 0 0
2026-05-18 2393 1704.185 0 0
2026-05-19 2401 1705.773 1.588 0.093
2026-05-20 2412 1699.245 -6.528 -0.383
2026-05-21 2408 1702.601 3.356 0.197
2026-05-22 2407 1702.601 0 0
2026-05-23 2412 1699.442 -3.159 -0.186
2026-05-24 2412 1699.442 0 0
2026-05-26 2423 1699.442 0 0
2026-05-27 2412 1703.195 3.753 0.221
2026-05-28 2403 1703.591 0.396 0.023
2026-05-29 2398 1706.567 2.976 0.175
2026-05-31 2399 1709.953 3.386 0.198
2026-06-01 2397 1709.953 0 0
2026-06-02 2401 1702.206 -7.747 -0.453
2026-06-03 2391 1706.17 3.964 0.233
2026-06-04 2394 1701.415 -4.755 -0.279
2026-06-05 2382 1704.185 2.77 0.163
2026-06-06 2391 1693.745 -10.44 -0.613
2026-06-07 2391 1693.745 0 0
2026-06-08 2379 1693.745 0 0
2026-06-09 2390 1691.203 -2.542 -0.15
2026-06-10 2390 1694.136 2.933 0.173
2026-06-11 2394 1692.766 -1.37 -0.081
2026-06-12 2403 1687.697 -5.069 -0.299
2026-06-13 2403 1695.901 8.204 0.486
2026-06-15 2414 1695.901 0 0
2026-06-16 2411 1700.822 4.921 0.29
2026-06-17 2403 1700.822 0 0
2026-06-18 2401 1698.063 -2.759 -0.162
2026-06-19 2412 1683.045 -15.018 -0.884
2026-06-20 2412 1683.045 0 0
2026-06-21 2413 1683.045 0 0
2026-06-23 2415 1677.073 -5.972 -0.355
2026-06-24 2427 1667.91 -9.163 -0.546
2026-06-25 2424 1661.668 -6.242 -0.374
2026-06-26 2416 1666.961 5.293 0.319
2026-06-27 2413 1669.62 2.659 0.16
2026-06-28 2412 1669.62 0 0
2026-06-29 2425 1669.62 0 0
2026-06-30 2422 1673.625 4.005 0.24
2026-07-01 2428 1675.156 1.531 0.091
2026-07-02 2445 1669.43 -5.726 -0.342
2026-07-03 2444 1676.689 7.259 0.435
2026-07-04 2444 1676.689 0 0
2026-07-05 2444 1676.689 0 0
2026-07-06 2447 1676.689 0 0
2026-07-07 2446 1673.052 -3.637 -0.217
2026-07-08 2426 1675.347 2.295 0.137
2026-07-09 2431 1671.334 -4.013 -0.24
2026-07-10 2432 1675.156 3.822 0.229
2026-07-11 2435 1673.816 -1.34 -0.08
2026-07-12 2435 1673.816 0 0
2026-07-13 2426 1673.816 0 0
2026-07-14 2434 1671.143 -2.673 -0.16
2026-07-15 2440 1676.881 5.738 0.343
2026-07-16 2434 1675.73 -1.151 -0.069
2026-07-17 2407 1676.689 0.959 0.057
2026-07-18 2406 1676.305 -0.384 -0.023
2026-07-19 2405 1676.305 0 0
2026-07-20 2406 1676.305 0 0
2026-07-21 2419 1671.334 -4.971 -0.297
2026-07-22 2416 1671.143 -0.191 -0.011
2026-07-23 2420 1671.906 0.763 0.046
2026-07-24 2419 1666.203 -5.703 -0.341
2026-07-25 2418 1667.34 1.137 0.068
2026-07-26 2418 1667.34 0 0
2026-07-27 2427 1667.34 0 0
2026-07-28 2422 1666.203 -1.137 -0.068
2026-07-29 2422 1668.289 2.086 0.125
2026-07-30 2420 1667.72 -0.569 -0.034
2026-07-31 2423 1685.561 17.841 1.07
2026-08-01 2423 1685.949 0.388 0.023
2026-08-02 2423 1685.949 0 0
2026-08-03 2432 1685.949 0 0
2026-08-04 2433 1687.114 1.165 0.069
2026-08-05 2434 1688.475 1.361 0.081
2026-08-06 2431 1692.766 4.291 0.254
2026-08-07 2443 1690.228 -2.538 -0.15
2026-08-08 2438 1692.962 2.734 0.162
2026-08-09 2438 1692.962 0 0
2026-08-10 2442 1692.962 0 0
2026-08-11 2437 1692.962 0 0
2026-08-12 2436 1691.203 -1.759 -0.104
2026-08-13 2435 1691.203 0 0
=======
2026-05-11 2415 1725.254 0 0
2026-05-12 2402 1725.254 0 0
2026-05-13 2396 1726.067 0 0
2026-05-14 2392 1719.585 0 0
2026-05-15 2403 1715.559 0 0
2026-05-16 2394 1711.351 0 0
2026-05-17 2394 1704.185 0 0
2026-05-18 2389 1704.185 0 0
2026-05-19 2394 1704.185 0 0
2026-05-20 2406 1705.773 0 0
2026-05-21 2412 1699.245 0 0
2026-05-22 2405 1702.601 0 0
2026-05-23 2407 1702.601 0 0
2026-05-24 2412 1699.442 0 0
2026-05-25 2416 1699.442 0 0
2026-05-26 2421 1699.442 0 0
2026-05-27 2422 1699.442 0 0
2026-05-28 2403 1703.195 0 0
2026-05-29 2402 1703.591 0 0
2026-05-30 2398 1706.567 0 0
2026-05-31 2399 1709.953 0 0
2026-06-01 2403 1709.953 0 0
2026-06-02 2393 1709.953 0 0
2026-06-03 2400 1702.206 0 0
2026-06-04 2390 1706.17 0 0
2026-06-05 2393 1701.415 0 0
2026-06-06 2382 1704.185 0 0
2026-06-07 2391 1693.745 0 0
2026-06-09 2384 1693.745 0 0
2026-06-10 2386 1691.203 0 0
2026-06-11 2385 1694.136 0 0
2026-06-12 2403 1692.766 0 0
2026-06-13 2403 1687.697 0 0
2026-06-14 2403 1695.901 0 0
2026-06-16 2417 1695.901 0 0
2026-06-17 2409 1700.822 0 0
2026-06-18 2396 1700.822 0 0
2026-06-19 2402 1698.063 0 0
2026-06-20 2412 1683.045 0 0
2026-06-21 2412 1683.045 0 0
2026-06-22 2412 1683.045 0 0
2026-06-23 2410 1683.045 0 0
2026-06-24 2414 1677.073 0 0
2026-06-25 2422 1667.91 0 0
2026-06-26 2414 1661.668 0 0
2026-06-27 2416 1666.961 0 0
2026-06-28 2413 1669.62 0 0
2026-06-29 2420 1669.62 0 0
2026-06-30 2420 1669.62 0 0
2026-07-01 2426 1673.625 0 0
2026-07-02 2430 1675.156 0 0
2026-07-03 2446 1669.43 0 0
2026-07-04 2444 1676.689 0 0
2026-07-05 2444 1676.689 0 0
2026-07-06 2444 1676.689 0 0
2026-07-07 2442 1676.689 0 0
2026-07-08 2447 1673.052 0 0
2026-07-09 2421 1675.347 0 0
2026-07-10 2437 1671.334 0 0
2026-07-11 2432 1675.156 0 0
2026-07-12 2435 1673.816 0 0
2026-07-13 2431 1673.816 0 0
2026-07-14 2423 1673.816 0 0
2026-07-15 2433 1671.143 0 0
2026-07-16 2441 1676.881 0 0
2026-07-17 2422 1675.73 0 0
2026-07-18 2407 1676.689 0 0
2026-07-19 2406 1676.305 0 0
2026-07-20 2406 1676.305 0 0
2026-07-21 2407 1676.305 0 0
2026-07-22 2421 1671.334 0 0
2026-07-23 2419 1671.143 0 0
2026-07-24 2416 1671.906 0 0
2026-07-25 2419 1666.203 0 0
2026-07-26 2418 1667.34 0 0
2026-07-27 2422 1667.34 0 0
2026-07-28 2424 1667.34 0 0
2026-07-29 2424 1666.203 0 0
2026-07-30 2425 1668.289 0 0
2026-07-31 2429 1667.72 0 0
2026-08-01 2423 1685.561 0 0
2026-08-02 2423 1685.949 0 0
2026-08-03 2425 1685.949 0 0
2026-08-04 2435 1685.949 0 0
2026-08-05 2438 1687.114 0 0
2026-08-06 2433 1688.475 0 0
2026-08-07 2429 1692.766 0 0
2026-08-08 2443 1690.228 0 0
2026-08-09 2438 1692.962 0 0
2026-08-10 2440 1692.962 0 0
2026-08-11 2439 1692.962 0 0
2026-08-12 2436 1692.962 0 0
2026-08-13 2438 1691.203 0 0
2026-08-14 2439 1691.203 0 0
>>>>>>> 2b550085baac25c543016ca743053a87bf115d5d
2026-08-15 2441 1691.594 0 0
