2026-03-10 1666 2500 0 0
2026-03-11 1668 2500 0 0
2026-03-12 1664 2500 0 0
2026-03-13 1653 2500 0 0
2026-03-14 1647 2500 0 0
2026-03-15 1647 2500 0 0
2026-03-16 1648 2500 0 0
2026-03-17 1647 2500 0 0
2026-03-18 1649 2500 0 0
2026-03-19 1636 2500 0 0
2026-03-20 1622 2500 0 0
2026-03-21 1621 2500 0 0
2026-03-22 1621 2500 0 0
2026-03-23 1617 2500 0 0
2026-03-24 1614 2500 0 0
2026-03-25 1627 2500 0 0
2026-03-27 1618 2500 0 0
2026-03-28 1615 2500 0 0
2026-03-29 1615 2500 0 0
2026-03-30 1615 2500 0 0
2026-03-31 1615 2500 0 0
2026-04-01 1616 2500 0 0
2026-04-02 1625 2500 0 0
2026-04-03 1621 2500 0 0
2026-04-04 1621 2500 0 0
2026-04-05 1621 2500 0 0
2026-04-06 1622 2500 0 0
2026-04-07 1623 2500 0 0
2026-04-08 1639 2500 0 0
2026-04-09 1648 2500 0 0
2026-04-10 1654 2500 0 0
2026-04-11 1655 2500 0 0
2026-04-12 1655 2500 0 0
2026-04-13 1653 2500 0 0
2026-04-14 1660 2500 0 0
2026-04-15 1671 2500 0 0
2026-04-16 1671 2500 0 0
2026-04-17 1676 2500 0 0
2026-04-18 1679 2500 0 0
2026-04-19 1679 2500 0 0
2026-04-20 1682 2500 0 0
2026-04-21 1680 2500 0 0
2026-04-22 1681 2500 0 0
2026-04-23 1680 2500 0 0
2026-04-24 1676 2500 0 0
2026-04-25 1676 2500 0 0
2026-04-26 1676 2500 0 0
2026-04-27 1670 2500 0 0
2026-04-28 1667 2500 0 0
2026-04-29 1666 2500 0 0
2026-04-30 1664 2500 0 0
2026-05-01 1666 2500 0 0
2026-05-02 1669 2500 0 0
2026-05-04 1670 2500 0 0
2026-05-05 1677 2500 0 0
2026-05-06 1683 2500 0 0
2026-05-07 1688 2500 0 0
2026-05-08 1692 2500 0 0
2026-05-09 1690 2500 0 0
2026-05-10 1690 2500 0 0
2026-05-11 1696 2500 0 0
2026-05-12 1689 2500 0 0
2026-05-13 1690 2500 0 0
2026-05-14 1691 2500 0 0
2026-05-15 1676 2500 0 0
2026-05-16 1670 2500 0 0
2026-05-17 1670 2500 0 0
2026-05-18 1666 2500 0 0
2026-05-19 1673 2500 0 0
2026-05-20 1669 2500 0 0
2026-05-21 1670 2500 0 0
2026-05-22 1669 2500 0 0
2026-05-23 1669 2500 0 0
2026-05-24 1669 2500 0 0
2026-05-26 1679 2500 0 0
2026-05-27 1680 2500 0 0
2026-05-28 1678 2500 0 0
2026-05-29 1686 2500 0 0
2026-05-31 1690 2500 0 0
2026-06-01 1685 2500 0 0
2026-06-02 1685 2500 0 0
2026-06-03 1681 2500 0 0
2026-06-04 1674 2500 0 0
2026-06-05 1656 2500 0 0
2026-06-06 1654 2500 0 0
2026-06-07 1654 2500 0 0
2026-06-08 1642 2500 0 0
2026-06-09 1647 2500 0 0
2026-06-10 1642 2500 0 0
2026-06-11 1643 2500 0 0
2026-06-12 1649 2500 0 0
2026-06-13 1654 2500 0 0
2026-06-15 1669 2500 0 0
2026-06-16 1674 2500 0 0
2026-06-17 1676 2500 0 0
2026-06-18 1674 2500 0 0
2026-06-19 1667 2500 0 0
2026-06-20 1667 2500 0 0
2026-06-21 1667 2500 0 0
2026-06-23 1658 2500 0 0
2026-06-24 1662 2500 0 0
2026-06-25 1661 2500 0 0
2026-06-26 1660 2500 0 0
2026-06-27 1660 2500 0 0
2026-06-28 1660 2500 0 0
2026-06-29 1667 2500 0 0
2026-06-30 1671 2500 0 0
2026-07-01 1669 2500 0 0
2026-07-02 1667 2500 0 0
2026-07-03 1676 2500 0 0
2026-07-04 1676 2500 0 0
2026-07-05 1676 2500 0 0
2026-07-06 1680 2500 0 0
2026-07-07 1674 2500 0 0
2026-07-08 1662 2500 0 0
2026-07-09 1663 2500 0 0
2026-07-10 1666 2500 0 0
2026-07-11 1665 2500 0 0
2026-07-12 1665 2500 0 0
2026-07-13 1654 2500 0 0
2026-07-14 1658 2500 0 0
2026-07-15 1663 2500 0 0
2026-07-16 1653 2500 0 0
2026-07-17 1642 2500 0 0
2026-07-18 1640 2500 0 0
2026-07-19 1640 2500 0 0
2026-07-20 1639 2500 0 0
2026-07-21 1654 2500 0 0
2026-07-22 1652 2500 0 0
2026-07-23 1651 2500 0 0
2026-07-24 1643 2500 0 0
2026-07-25 1645 2500 0 0
2026-07-26 1643 2500 0 0
2026-07-27 1648 2500 0 0
2026-07-28 1643 2500 0 0
2026-07-29 1647 2500 0 0
2026-07-30 1645 2500 0 0
2026-07-31 1657 2500 0 0
2026-08-01 1663 2500 0 0
2026-08-02 1664 2500 0 0
2026-08-03 1669 2500 0 0
2026-08-04 1674 2500 0 0
2026-08-05 1681 2500 0 0
2026-08-06 1683 2500 0 0
2026-08-07 1685 2500 0 0
2026-08-08 1687 2500 0 0
2026-08-09 1685 2500 0 0
2026-08-10 1680 2500 0 0
2026-08-11 1675 2500 0 0
2026-08-12 1681 2500 0 0
2026-08-13 1681 2500 0 0
2026-08-15 1685 2500 0 0
2026-08-16 1684 2500 0 0
2026-08-17 1691 2500 0 0
2026-08-18 1678 2500 0 0
2026-08-19 1670 2500 0 0
2026-08-20 1681 2500 0 0
2026-08-21 1687 2500 0 0
2026-08-23 1688 2500 0 0
2026-08-24 1686 2500 0 0
2026-08-25 1698 2500 0 0
2026-08-26 1697 2500 0 0
2026-08-27 1689 2500 0 0
2026-08-28 1689 2500 0 0
2026-08-29 1687 2500 0 0
2026-08-30 1687 2500 0 0
2026-08-31 1682 2500 0 0
2026-09-01 1683 2500.0 0 0
2026-09-02 1674 2500.0 0 0
2026-09-03 1676 2500.0 0 0
