2025-12-18 889 4505.659 0 0
2025-12-19 885 4567.854 62.195 1.38
2025-12-20 885 4567.854 0 0
2025-12-21 885 4567.854 0 0
2025-12-22 887 4583.186 15.332 0.336
2025-12-23 880 4623.337 40.151 0.876
2025-12-24 878 4642.113 18.776 0.406
2025-12-25 881 4642.113 0 0
2025-12-26 879 4637.78 -4.333 -0.093
2025-12-27 880 4637.78 0 0
2025-12-28 880 4637.78 0 0
2025-12-29 883 4576.251 -61.529 -1.327
2025-12-30 888 4573.94 -2.311 -0.05
2025-12-31 884 4576.251 2.311 0.051
2026-01-01 884 4576.251 0 0
2026-01-02 895 4536.387 -39.864 -0.871
2026-01-03 896 4536.387 0 0
2026-01-05 914 4489.59 -46.797 -1.032
2026-01-06 911 4511.833 22.243 0.495
2026-01-07 904 4530.899 19.066 0.423
2026-01-08 900 4554.586 23.687 0.523
2026-01-09 904 4533.499 -21.087 -0.463
2026-01-10 904 4533.499 0 0
2026-01-11 904 4533.499 0 0
2026-01-12 895 4597.05 63.551 1.402
2026-01-13 896 4600.805 3.755 0.082
2026-01-14 892 4616.982 16.177 0.352
2026-01-15 897 4596.761 -20.221 -0.438
2026-01-16 886 4637.492 40.731 0.886
2026-01-17 885 4637.492 0 0
2026-01-18 884 4637.492 0 0
2026-01-19 880 4637.492 0 0
2026-01-20 879 4638.358 0.866 0.019
2026-01-21 884 4613.804 -24.554 -0.529
2026-01-22 872 4690.643 76.839 1.665
2026-01-23 876 4691.799 1.156 0.025
2026-01-24 876 4691.799 0 0
2026-01-25 876 4691.799 0 0
2026-01-26 883 4658.29 -33.509 -0.714
2026-01-27 879 4700.754 42.464 0.912
2026-01-28 885 4643.269 -57.485 -1.223
2026-01-29 888 4626.226 -17.043 -0.367
2026-01-30 882 4639.802 13.576 0.293
2026-01-31 882 4639.802 0 0
2026-02-01 882 4639.802 0 0
2026-02-02 877 4663.49 23.688 0.511
2026-02-03 872 4654.824 -8.666 -0.186
2026-02-04 879 4662.045 7.221 0.155
2026-02-05 869 4697.576 35.531 0.762
2026-02-06 866 4729.352 31.776 0.676
2026-02-07 866 4729.352 0 0
2026-02-08 866 4729.352 0 0
2026-02-09 870 4731.374 2.022 0.043
2026-02-10 882 4671.289 -60.085 -1.27
2026-02-11 882 4664.068 -7.221 -0.155
2026-02-12 886 4651.068 -13 -0.279
2026-02-13 892 4649.913 -1.155 -0.025
2026-02-14 891 4649.913 0 0
2026-02-15 891 4649.913 0 0
2026-02-16 888 4649.913 0 0
2026-02-17 886 4696.421 46.508 1
2026-02-18 876 4741.196 44.775 0.953
2026-02-19 881 4738.018 -3.178 -0.067
2026-02-20 865 4801.569 63.551 1.341
2026-02-21 870 4801.569 0 0
2026-02-22 870 4801.569 0 0
2026-02-23 868 4796.947 -4.622 -0.096
2026-02-24 874 4807.058 10.111 0.211
2026-02-25 891 4754.772 -52.286 -1.088
2026-02-26 897 4775.282 20.51 0.431
2026-02-27 903 4735.418 -39.864 -0.835
2026-02-28 902 4735.418 0 0
2026-03-01 901 4735.418 0 0
2026-03-02 912 4687.466 -47.952 -1.013
2026-03-03 907 4645.291 -42.175 -0.9
2026-03-04 913 4601.672 -43.619 -0.939
2026-03-05 913 4635.469 33.797 0.734
2026-03-06 909 4629.114 -6.355 -0.137
2026-03-07 907 4629.114 0 0
2026-03-08 907 4629.114 0 0
2026-03-09 906 4616.982 -12.132 -0.262
2026-03-10 911 4601.672 -15.31 -0.332
2026-03-11 915 4587.517 -14.155 -0.308
2026-03-12 922 4549.386 -38.131 -0.831
2026-03-13 912 4560.652 11.266 0.248
2026-03-14 908 4560.652 0 0
2026-03-15 908 4560.652 0 0
2026-03-16 906 4569.029 8.377 0.184
2026-03-17 909 4580.873 11.844 0.259
2026-03-18 904 4583.762 2.889 0.063
2026-03-19 895 4622.181 38.419 0.838
2026-03-20 894 4597.339 -24.842 -0.537
2026-03-21 896 4597.339 0 0
2026-03-22 896 4597.339 0 0
2026-03-23 894 4590.117 -7.222 -0.157
2026-03-24 893 4577.118 -12.999 -0.283
2026-03-25 897 4595.605 18.487 0.404
2026-03-27 902 4557.764 -37.841 -0.823
2026-03-28 901 4557.764 0 0
2026-03-29 901 4557.764 0 0
2026-03-30 893 4594.161 36.397 0.799
2026-03-31 878 4648.469 54.308 1.182
2026-04-01 891 4634.025 -14.444 -0.311
2026-04-02 893 4642.113 8.088 0.175
2026-04-03 891 4642.113 0 0
2026-04-04 891 4642.113 0 0
2026-04-05 891 4642.113 0 0
2026-04-06 893 4630.559 -11.554 -0.249
2026-04-07 894 4608.605 -21.954 -0.474
2026-04-08 898 4643.847 35.242 0.765
2026-04-09 896 4682.844 38.997 0.84
2026-04-10 897 4680.244 -2.6 -0.056
2026-04-11 897 4680.244 0 0
2026-04-12 897 4680.244 0 0
2026-04-13 888 4727.041 46.797 1
2026-04-14 892 4740.04 12.999 0.275
2026-04-15 894 4747.551 7.511 0.158
2026-04-16 904 4718.953 -28.598 -0.602
2026-04-17 904 4739.174 20.221 0.429
2026-04-18 908 4739.174 0 0
2026-04-19 908 4739.174 0 0
2026-04-20 903 4757.083 17.909 0.378
2026-04-21 907 4735.418 -21.665 -0.455
2026-04-22 910 4725.308 -10.11 -0.213
2026-04-23 913 4698.443 -26.865 -0.569
2026-04-24 918 4655.979 -42.464 -0.904
2026-04-25 918 4655.979 0 0
2026-04-26 918 4655.979 0 0
2026-04-27 918 4669.556 13.577 0.292
2026-04-28 920 4640.958 -28.598 -0.612
2026-04-29 925 4616.693 -24.265 -0.523
2026-04-30 918 4647.602 30.909 0.67
2026-05-01 916 4655.69 8.088 0.174
2026-05-02 916 4655.69 0 0
2026-05-04 922 4639.514 -16.176 -0.347
2026-05-05 916 4672.156 32.642 0.704
2026-05-06 934 4576.54 -95.616 -2.047
2026-05-07 938 4572.207 -4.333 -0.095
2026-05-08 956 4504.612 -67.595 -1.478
2026-05-09 953 4504.612 0 0
2026-05-10 953 4504.612 0 0
2026-05-11 961 4496.812 -7.8 -0.173
2026-05-12 957 4476.591 -20.221 -0.45
2026-05-13 957 4481.213 4.622 0.103
2026-05-14 956 4486.702 5.489 0.122
2026-05-15 970 4408.418 -78.284 -1.745
2026-05-16 971 4408.418 0 0
2026-05-17 971 4408.418 0 0
2026-05-18 966 4403.507 -4.911 -0.111
2026-05-19 953 4452.037 48.53 1.102
2026-05-20 958 4410.151 -41.886 -0.941
2026-05-21 960 4410.151 0 0
2026-05-22 957 4432.105 21.954 0.498
2026-05-23 957 4432.105 0 0
2026-05-24 957 4432.105 0 0
2026-05-26 963 4407.552 -24.553 -0.554
2026-05-27 969 4398.308 -9.244 -0.21
2026-05-28 965 4426.039 27.731 0.63
2026-05-29 967 4419.106 -6.933 -0.157
2026-05-31 965 4419.106 0 0
2026-06-01 972 4395.708 -23.398 -0.529
2026-06-02 988 4321.757 -73.951 -1.682
2026-06-03 975 4358.733 36.976 0.856
2026-06-04 969 4358.155 -0.578 -0.013
2026-06-05 971 4333.89 -24.265 -0.557
2026-06-06 970 4333.89 0 0
2026-06-07 970 4333.89 0 0
2026-06-08 966 4339.378 5.488 0.127
2026-06-09 951 4403.218 63.84 1.471
2026-06-10 948 4418.529 15.311 0.348
2026-06-11 946 4435.572 17.043 0.386
2026-06-12 959 4420.551 -15.021 -0.339
2026-06-13 960 4420.551 0 0
2026-06-15 965 4441.349 20.798 0.47
2026-06-16 966 4434.416 -6.933 -0.156
2026-06-17 969 4415.062 -19.354 -0.436
2026-06-18 972 4401.196 -13.866 -0.314
2026-06-19 968 4401.196 0 0
2026-06-20 968 4401.196 0 0
2026-06-21 968 4401.196 0 0
2026-06-23 959 4382.709 -18.487 -0.42
2026-06-24 955 4404.374 21.665 0.494
2026-06-25 943 4454.059 49.685 1.128
2026-06-26 940 4485.835 31.776 0.713
2026-06-27 940 4485.835 0 0
2026-06-28 940 4485.835 0 0
2026-06-29 937 4507.211 21.376 0.477
2026-06-30 942 4502.301 -4.91 -0.109
2026-07-01 933 4568.452 66.151 1.469
2026-07-02 922 4610.627 42.175 0.923
2026-07-03 926 4610.627 0 0
2026-07-04 926 4610.627 0 0
2026-07-05 926 4610.627 0 0
2026-07-06 933 4597.916 -12.711 -0.276
2026-07-07 924 4605.427 7.511 0.163
2026-07-08 935 4527.143 -78.284 -1.7
2026-07-09 928 4543.031 15.888 0.351
2026-07-10 930 4548.52 5.489 0.121
2026-07-11 930 4548.52 0 0
2026-07-12 930 4548.52 0 0
2026-07-13 923 4535.232 -13.288 -0.292
2026-07-14 940 4479.769 -55.463 -1.223
2026-07-15 934 4502.301 22.532 0.503
2026-07-16 926 4550.542 48.241 1.071
2026-07-17 928 4512.411 -38.131 -0.838
2026-07-18 927 4512.411 0 0
2026-07-19 927 4512.411 0 0
2026-07-20 929 4486.124 -26.287 -0.583
2026-07-21 935 4492.19 6.066 0.135
2026-07-22 943 4437.016 -55.174 -1.228
2026-07-23 936 4450.015 12.999 0.293
2026-07-24 923 4482.369 32.354 0.727
2026-07-25 925 4482.369 0 0
2026-07-26 925 4482.369 0 0
2026-07-27 929 4509.811 27.442 0.612
2026-07-28 917 4533.21 23.399 0.519
2026-07-29 922 4520.788 -12.422 -0.274
2026-07-30 927 4493.057 -27.731 -0.613
2026-07-31 929 4497.679 4.622 0.103
2026-08-01 930 4497.679 0 0
2026-08-02 930 4497.679 0 0
2026-08-03 929 4532.054 34.375 0.764
2026-08-04 918 4577.407 45.353 1.001
2026-08-05 962 4422.139 -155.268 -3.392
2026-08-06 975 4359.888 -62.251 -1.408
2026-08-07 968 4380.687 20.799 0.477
2026-08-08 972 4380.687 0 0
2026-08-09 972 4380.687 0 0
2026-08-10 982 4339.667 -41.02 -0.936
2026-08-11 974 4375.198 35.531 0.819
2026-08-12 969 4388.486 13.288 0.304
2026-08-13 973 4390.797 2.311 0.053
2026-08-15 973 4395.419 4.622 0.105
2026-08-16 972 4395.419 0 0
2026-08-17 974 4370.576 -24.843 -0.565
2026-08-18 978 4348.622 -21.954 -0.502
2026-08-19 979 4342.556 -6.066 -0.139
2026-08-20 988 4304.136 -38.42 -0.885
2026-08-21 981 4352.666 48.53 1.128
2026-08-23 982 4352.666 0 0
2026-08-24 976 4365.377 12.711 0.292
2026-08-25 973 4392.53 27.153 0.622
2026-08-26 982 4361.91 -30.62 -0.697
2026-08-27 981 4363.932 2.022 0.046
2026-08-28 971 4382.131 18.199 0.417
2026-08-29 974 4382.131 0 0
2026-08-30 974 4382.131 0 0
2026-08-31 976 4374.909 -7.222 -0.165
2026-09-01 973 4374.909 0 0
2026-09-02 925 4612.845 0 0
