2025-11-25 1107 3604.813 0 0
2025-11-26 1111 3604.871 0.058 0.002
2025-11-27 1114 3604.941 0.07 0.002
2025-11-28 1113 3604.941 0 0
2025-11-29 1112 3604.946 0.005 0
2025-11-30 1112 3604.946 0 0
2025-12-01 1113 3604.946 0 0
2025-12-02 1113 3604.946 0 0
2025-12-03 1110 3604.987 0.041 0.001
2025-12-04 1112 3605.014 0.027 0.001
2025-12-05 883 4570.816 965.802 26.791
2025-12-06 883 4569.375 -1.441 -0.032
2025-12-07 883 4569.375 0 0
2025-12-08 943 4280.38 -288.995 -6.325
2025-12-09 966 4153.625 -126.755 -2.961
2025-12-10 937 4295.631 142.006 3.419
2025-12-11 917 4397.106 101.475 2.362
2025-12-12 869 4658.074 260.968 5.935
2025-12-13 868 4657.128 -0.946 -0.02
2025-12-14 868 4657.128 0 0
2025-12-15 882 4564.7 -92.428 -1.985
2025-12-16 909 4425.783 -138.917 -3.043
2025-12-17 885 4522.42 96.637 2.184
2025-12-18 924 4367.586 -154.834 -3.424
2025-12-19 887 4558.51 190.924 4.371
2025-12-20 887 4557.581 -0.929 -0.02
2025-12-21 887 4557.581 0 0
2025-12-22 862 4759.882 202.301 4.439
2025-12-23 879 4629.265 -130.617 -2.744
2025-12-24 876 4648.024 18.759 0.405
2025-12-25 880 4648.817 0.793 0.017
2025-12-26 878 4666.054 17.237 0.371
2025-12-27 876 4669.137 3.083 0.066
2025-12-28 876 4669.137 0 0
2025-12-29 915 4470.414 -198.723 -4.256
2025-12-30 887 4578.82 108.406 2.425
2025-12-31 842 4845.589 266.769 5.826
2026-01-01 842 4844.899 -0.69 -0.014
2026-01-02 854 4798.648 -46.251 -0.955
2026-01-03 854 4794.19 -4.458 -0.093
2026-01-05 846 4850.009 55.819 1.164
2026-01-06 778 5292.07 442.061 9.115
2026-01-07 773 5336.891 44.821 0.847
2026-01-08 796 5174.388 -162.503 -3.045
2026-01-09 743 5488.426 314.038 6.069
2026-01-10 744 5486.23 -2.196 -0.04
2026-01-11 744 5486.23 0 0
2026-01-12 724 5651.72 165.49 3.016
2026-01-13 716 5707.739 56.019 0.991
2026-01-14 705 5749.212 41.473 0.727
2026-01-15 689 5780.445 31.233 0.543
2026-01-16 661 5957.882 177.437 3.07
2026-01-17 661 5956.689 -1.193 -0.02
2026-01-18 661 5956.689 0 0
2026-01-19 627 6164.439 207.75 3.488
2026-01-20 654 5995.236 -169.203 -2.745
2026-01-21 655 5995.126 -0.11 -0.002
2026-01-22 644 6043.181 48.055 0.802
2026-01-23 631 6156.999 113.818 1.883
2026-01-24 634 6156.151 -0.848 -0.014
2026-01-25 634 6156.151 0 0
2026-01-26 614 6379.28 223.129 3.624
2026-01-27 628 6251.885 -127.395 -1.997
2026-01-28 592 6585.522 333.637 5.337
2026-01-29 633 6184.13 -401.392 -6.095
2026-01-30 699 5758.745 -425.385 -6.879
2026-01-31 699 5755.121 -3.624 -0.063
2026-02-01 695 5755.121 0 0
2026-02-02 746 5460.792 -294.329 -5.114
2026-02-03 703 5708.412 247.62 4.535
2026-02-04 708 5697.492 -10.92 -0.191
2026-02-05 732 5521.959 -175.533 -3.081
2026-02-06 754 5407.439 -114.52 -2.074
2026-02-07 754 5407.125 -0.314 -0.006
2026-02-08 754 5407.125 0 0
2026-02-09 719 5662.561 255.436 4.724
2026-02-10 745 5529.899 -132.662 -2.343
2026-02-11 722 5639.285 109.386 1.978
2026-02-12 719 5665.07 25.785 0.457
2026-02-13 784 5276.883 -388.187 -6.852
2026-02-14 782 5274.809 -2.074 -0.039
2026-02-15 782 5274.809 0 0
2026-02-16 780 5293.996 19.187 0.364
2026-02-17 779 5293.996 0 0
2026-02-18 781 5295.29 1.294 0.024
2026-02-19 789 5295.796 0.506 0.01
2026-02-20 815 5150.024 -145.772 -2.753
2026-02-21 818 5149.208 -0.816 -0.016
2026-02-22 818 5149.208 0 0
2026-02-23 782 5318.095 168.887 3.28
2026-02-24 744 5569.882 251.787 4.735
2026-02-25 737 5631.139 61.257 1.1
2026-02-26 770 5460.338 -170.801 -3.033
2026-02-27 758 5524.443 64.105 1.174
2026-02-28 760 5522.881 -1.562 -0.028
2026-03-01 759 5522.881 0 0
2026-03-02 738 5647.655 124.774 2.259
2026-03-03 746 5529.272 -118.383 -2.096
2026-03-04 711 5792.896 263.624 4.768
2026-03-05 719 5763.244 -29.652 -0.512
2026-03-06 755 5489.628 -273.616 -4.748
2026-03-07 753 5487.792 -1.836 -0.033
2026-03-08 753 5487.792 0 0
2026-03-09 693 5984.728 496.936 9.055
2026-03-10 671 6181.284 196.556 3.284
2026-03-11 596 6595.352 414.068 6.699
2026-03-12 522 7233.114 637.762 9.67
2026-03-13 571 6755.17 -477.944 -6.608
2026-03-14 570 6751.239 -3.931 -0.058
2026-03-15 570 6751.239 0 0
2026-03-16 586 6657.125 -94.114 -1.394
2026-03-17 655 6176.293 -480.832 -7.223
2026-03-18 630 6388.781 212.488 3.44
2026-03-19 703 5772.105 -616.676 -9.652
2026-03-20 691 5749.445 -22.66 -0.393
2026-03-21 689 5752.224 2.779 0.048
2026-03-22 689 5752.224 0 0
2026-03-23 730 5477.359 -274.865 -4.778
2026-03-24 677 5902.116 424.757 7.755
2026-03-25 657 6050.748 148.632 2.518
2026-03-26 682 5828.207 -222.541 -3.678
2026-03-27 644 6146.411 318.204 5.46
2026-03-28 641 6141.082 -5.329 -0.087
2026-03-29 642 6141.082 0 0
2026-03-30 575 6628.053 486.971 7.93
2026-03-31 616 6381.364 -246.689 -3.722
2026-04-01 579 6622.109 240.745 3.773
2026-04-02 585 6616.829 -5.28 -0.08
2026-04-03 584 6592.908 -23.921 -0.362
2026-04-04 584 6592.908 0 0
2026-04-05 584 6592.908 0 0
2026-04-06 584 6592.908 0 0
2026-04-07 584 6606.848 13.94 0.211
2026-04-08 555 6917.344 310.496 4.7
2026-04-09 572 6798.029 -119.315 -1.725
2026-04-10 553 6967.891 169.862 2.499
2026-04-11 553 6970.635 2.744 0.039
2026-04-12 553 6970.635 0 0
2026-04-13 576 6741.731 -228.904 -3.284
2026-04-14 548 7012.842 271.111 4.021
2026-04-15 582 6800.575 -212.267 -3.027
2026-04-16 571 6916.512 115.937 1.705
2026-04-17 638 6520.88 -395.632 -5.72
2026-04-18 638 6516.946 -3.934 -0.06
2026-04-19 638 6516.946 0 0
2026-04-20 664 6327.343 -189.603 -2.909
2026-04-21 674 6234.264 -93.079 -1.471
2026-04-22 659 6299.003 64.739 1.038
2026-04-23 680 6050.261 -248.742 -3.949
2026-04-24 688 5968.53 -81.731 -1.351
2026-04-25 688 5967.276 -1.254 -0.021
2026-04-26 688 5967.276 0 0
2026-04-27 731 5722.816 -244.46 -4.097
2026-04-28 775 5451.39 -271.426 -4.743
2026-04-29 756 5535.122 83.732 1.536
2026-04-30 810 5222.94 -312.182 -5.64
2026-05-01 811 5224.645 1.705 0.033
2026-05-02 811 5223.766 -0.879 -0.017
2026-05-04 843 5082.099 -141.667 -2.712
2026-05-05 788 5403.117 321.018 6.317
2026-05-06 788 5418.437 15.32 0.284
2026-05-07 737 5756.67 338.233 6.242
2026-05-08 787 5456.297 -300.373 -5.218
2026-05-09 784 5457.476 1.179 0.022
2026-05-10 784 5457.476 0 0
<<<<<<< HEAD
2026-05-11 827 5208.515 -248.961 -4.562
2026-05-12 849 5074.873 -133.642 -2.566
2026-05-13 818 5211.655 136.782 2.695
2026-05-14 834 5107.032 -104.623 -2.007
2026-05-15 894 4782.165 -324.867 -6.361
2026-05-16 891 4780.972 -1.193 -0.025
2026-05-17 891 4780.972 0 0
2026-05-18 892 4789.225 8.253 0.173
2026-05-19 885 4849.382 60.157 1.256
2026-05-20 840 5046.648 197.266 4.068
2026-05-21 842 5046.342 -0.306 -0.006
2026-05-22 833 5083.023 36.681 0.727
2026-05-23 835 5083.39 0.367 0.007
2026-05-24 835 5083.39 0 0
2026-05-26 852 5020.784 -62.606 -1.232
2026-05-27 843 5031.077 10.293 0.205
2026-05-28 940 4529.76 -501.317 -9.964
2026-05-29 951 4478.453 -51.307 -1.133
2026-05-31 953 4478.963 0.51 0.011
2026-06-01 915 4680.779 201.816 4.506
2026-06-02 892 4774.622 93.843 2.005
2026-06-03 887 4764.163 -10.459 -0.219
2026-06-04 922 4609.645 -154.518 -3.243
2026-06-05 913 4604.395 -5.25 -0.114
2026-06-06 911 4605.164 0.769 0.017
2026-06-07 911 4605.164 0 0
2026-06-08 948 4421.462 -183.702 -3.989
2026-06-09 913 4598.44 176.978 4.003
2026-06-10 975 4310.539 -287.901 -6.261
2026-06-11 945 4436.567 126.028 2.924
2026-06-12 905 4653.929 217.362 4.899
2026-06-13 908 4656.405 2.476 0.053
2026-06-15 955 4479.771 -176.634 -3.793
2026-06-16 1010 4202.485 -277.286 -6.19
2026-06-17 1008 4224.858 22.373 0.532
2026-06-18 1064 4036.451 -188.407 -4.459
2026-06-19 1056 4034.838 -1.613 -0.04
2026-06-20 1056 4034.838 0 0
2026-06-21 1056 4034.838 0 0
2026-06-23 1131 3780.439 -254.399 -6.305
2026-06-24 1141 3744.554 -35.885 -0.949
2026-06-25 1210 3512.188 -232.366 -6.205
2026-06-26 1232 3450.432 -61.756 -1.758
2026-06-27 1234 3449.921 -0.511 -0.015
2026-06-28 1234 3449.921 0 0
2026-06-29 1222 3501.188 51.267 1.486
2026-06-30 1266 3377.521 -123.667 -3.532
2026-07-01 1263 3396.497 18.976 0.562
2026-07-02 1272 3362.151 -34.346 -1.011
2026-07-03 1159 3718.967 356.816 10.613
2026-07-04 1159 3718.967 0 0
2026-07-05 1159 3718.967 0 0
2026-07-06 1146 3766.646 47.679 1.282
2026-07-07 1148 3738.519 -28.127 -0.747
2026-07-08 1142 3728.554 -9.965 -0.267
2026-07-09 1195 3594.972 -133.582 -3.583
2026-07-10 1189 3610.101 15.129 0.421
2026-07-11 1189 3610.562 0.461 0.013
2026-07-12 1189 3610.562 0 0
2026-07-13 1205 3553.165 -57.397 -1.59
2026-07-14 1067 3984.537 431.372 12.141
2026-07-15 1046 4067.652 83.115 2.086
2026-07-16 1102 3878.384 -189.268 -4.653
2026-07-17 1136 3732.683 -145.701 -3.757
2026-07-18 1134 3731.349 -1.334 -0.036
2026-07-19 1134 3731.349 0 0
2026-07-20 1108 3844.575 113.226 3.034
2026-07-21 1086 3895.654 51.079 1.329
2026-07-22 1082 3904.802 9.148 0.235
2026-07-23 1042 4035.123 130.321 3.337
2026-07-24 1095 3847.381 -187.742 -4.653
2026-07-25 1095 3846.666 -0.715 -0.019
2026-07-26 1095 3846.666 0 0
2026-07-27 1128 3793.32 -53.346 -1.387
2026-07-28 1126 3774.647 -18.673 -0.492
2026-07-29 1109 3839.084 64.437 1.707
2026-07-30 1082 3899.975 60.891 1.586
2026-07-31 1073 3973.287 73.312 1.88
2026-08-01 1076 3975.225 1.938 0.049
2026-08-02 1076 3975.225 0 0
2026-08-03 1085 3925.962 -49.263 -1.239
2026-08-04 1055 4037.62 111.658 2.844
2026-08-05 1066 4021.82 -15.8 -0.391
2026-08-06 1107 3899.279 -122.541 -3.047
2026-08-07 1044 4126.398 227.119 5.825
2026-08-08 1044 4126.242 -0.156 -0.004
2026-08-09 1044 4126.242 0 0
2026-08-10 1043 4124.805 -1.437 -0.035
2026-08-11 1020 4208.294 83.489 2.024
2026-08-12 954 4441.801 233.507 5.549
2026-08-13 1050 4106.143 -335.658 -7.557
=======
2026-05-11 816 5298.865 0 0
2026-05-12 837 5154.39 0 0
2026-05-13 854 5004.532 0 0
2026-05-14 835 5102.007 0 0
2026-05-15 898 4771.623 0 0
2026-05-16 894 4782.165 0 0
2026-05-17 891 4780.972 0 0
2026-05-18 895 4752.531 0 0
2026-05-19 904 4708.647 0 0
2026-05-20 878 4872.245 0 0
2026-05-21 839 5071.362 0 0
2026-05-22 842 5032.996 0 0
2026-05-23 833 5083.023 0 0
2026-05-24 835 5083.39 0 0
2026-05-25 833 5079.434 0 0
2026-05-26 888 4849.958 0 0
2026-05-27 863 4950.267 0 0
2026-05-28 934 4554.527 0 0
2026-05-29 953 4473.431 0 0
2026-05-30 951 4478.453 0 0
2026-05-31 953 4478.963 0 0
2026-06-01 929 4583.242 0 0
2026-06-02 887 4798.87 0 0
2026-06-03 903 4734.721 0 0
2026-06-04 924 4613.846 0 0
2026-06-05 930 4551.015 0 0
2026-06-06 913 4604.395 0 0
2026-06-07 911 4605.164 0 0
2026-06-09 946 4424.66 0 0
2026-06-10 974 4316.137 0 0
2026-06-11 973 4298.913 0 0
2026-06-12 905 4659.412 0 0
2026-06-13 905 4653.929 0 0
2026-06-14 908 4656.405 0 0
2026-06-16 1002 4240.271 0 0
2026-06-17 1029 4147.915 0 0
2026-06-18 1085 3973.948 0 0
2026-06-19 1063 4036.451 0 0
2026-06-20 1056 4034.838 0 0
2026-06-21 1056 4034.838 0 0
2026-06-22 1098 3897.262 0 0
2026-06-23 1139 3754.831 0 0
2026-06-24 1173 3648.29 0 0
2026-06-25 1233 3466.358 0 0
2026-06-26 1241 3400.235 0 0
2026-06-27 1232 3450.432 0 0
2026-06-28 1234 3449.921 0 0
2026-06-29 1234 3443.677 0 0
2026-06-30 1285 3324.766 0 0
2026-07-01 1268 3391.368 0 0
2026-07-02 1263 3394.449 0 0
2026-07-03 1184 3637.527 0 0
2026-07-04 1159 3718.967 0 0
2026-07-05 1159 3718.967 0 0
2026-07-06 1136 3812.412 0 0
2026-07-07 1141 3785.029 0 0
2026-07-08 1161 3700.136 0 0
2026-07-09 1216 3504.125 0 0
2026-07-10 1144 3748.417 0 0
2026-07-11 1189 3610.101 0 0
2026-07-12 1189 3610.562 0 0
2026-07-13 1225 3472.186 0 0
2026-07-14 1148 3700.692 0 0
2026-07-15 1044 4057.599 0 0
2026-07-16 1069 3979.481 0 0
2026-07-17 1127 3774.699 0 0
2026-07-18 1136 3732.683 0 0
2026-07-19 1134 3731.349 0 0
2026-07-20 1103 3850.314 0 0
2026-07-21 1100 3856.472 0 0
2026-07-22 1061 3983.656 0 0
2026-07-23 1011 4173.338 0 0
2026-07-24 1110 3807.523 0 0
2026-07-25 1095 3847.381 0 0
2026-07-26 1095 3846.666 0 0
2026-07-27 1126 3783.686 0 0
2026-07-28 1144 3714.542 0 0
2026-07-29 1099 3861.522 0 0
2026-07-30 1074 3921.557 0 0
2026-07-31 1060 3995.603 0 0
2026-08-01 1073 3973.287 0 0
2026-08-02 1076 3975.225 0 0
2026-08-03 1092 3893.207 0 0
2026-08-04 1083 3943.177 0 0
2026-08-05 1050 4056.824 0 0
2026-08-06 1073 4000.551 0 0
2026-08-07 1094 3956.491 0 0
2026-08-08 1044 4126.398 0 0
2026-08-09 1044 4126.242 0 0
2026-08-10 1035 4168.619 0 0
2026-08-11 1034 4141.774 0 0
2026-08-12 961 4441.78 0 0
2026-08-13 1021 4200.528 0 0
2026-08-14 1064 4044.894 0 0
>>>>>>> 2b550085baac25c543016ca743053a87bf115d5d
