<<<<<<< HEAD
2026-06-25 898 4722.092 0 0
2026-06-26 902 4725.634 3.542 0.075
2026-06-27 904 4724.8 -0.834 -0.018
2026-06-28 904 4724.8 0 0
2026-06-29 863 4920.931 196.131 4.151
2026-06-30 730 5682.428 761.497 15.475
2026-07-01 673 6118.112 435.684 7.667
2026-07-02 754 5499.969 -618.143 -10.103
2026-07-03 962 4451.426 -1048.543 -19.065
2026-07-04 962 4451.426 0 0
2026-07-05 962 4451.426 0 0
2026-07-06 1086 3948.508 -502.918 -11.298
2026-07-07 1045 4071.833 123.325 3.123
2026-07-08 1132 3775.697 -296.136 -7.273
2026-07-09 998 4237.552 461.855 12.232
2026-07-10 1167 3665.905 -571.647 -13.49
2026-07-11 1167 3674.071 8.166 0.223
2026-07-12 1167 3674.071 0 0
2026-07-13 1248 3399.702 -274.369 -7.468
2026-07-14 1230 3460.058 60.356 1.775
2026-07-15 1387 3027.908 -432.15 -12.49
2026-07-16 1446 2875.021 -152.887 -5.049
2026-07-17 1502 2766.212 -108.809 -3.785
2026-07-18 1504 2762.457 -3.755 -0.136
2026-07-19 1504 2762.457 0 0
2026-07-20 1694 2423.649 -338.808 -12.265
2026-07-21 1427 2912.978 489.329 20.19
2026-07-22 1351 3108.143 195.165 6.7
2026-07-23 1355 3089.426 -18.717 -0.602
2026-07-24 1328 3149.679 60.253 1.95
2026-07-25 1329 3148.005 -1.674 -0.053
2026-07-26 1329 3148.005 0 0
2026-07-27 1366 3055.196 -92.809 -2.948
2026-07-28 1543 2664.3 -390.896 -12.794
2026-07-29 1564 2636.689 -27.611 -1.036
2026-07-30 1652 2488.425 -148.264 -5.623
2026-07-31 1617 2583.742 95.317 3.83
2026-08-01 1610 2587.189 3.447 0.133
2026-08-02 1610 2587.189 0 0
2026-08-03 1732 2379.451 -207.738 -8.029
2026-08-04 1678 2492.579 113.128 4.754
2026-08-05 1571 2680.252 187.673 7.529
2026-08-06 1516 2779.678 99.426 3.71
2026-08-07 1510 2813.57 33.892 1.219
2026-08-08 1510 2814.237 0.667 0.024
2026-08-09 1510 2814.237 0 0
2026-08-10 1458 2915.595 101.358 3.602
2026-08-11 1516 2809.513 -106.082 -3.638
2026-08-12 1459 2897.993 88.48 3.149
2026-08-13 1531 2778.009 -119.984 -4.14
=======
2026-06-26 894 4722.092 0 0
2026-06-27 902 4725.634 0 0
2026-06-28 904 4724.8 0 0
2026-06-29 901 4724.8 0 0
2026-06-30 862 4943.303 0 0
2026-07-01 616 6447.293 0 0
2026-07-02 713 5795.134 0 0
2026-07-03 898 4758.884 0 0
2026-07-04 962 4451.426 0 0
2026-07-05 962 4451.426 0 0
2026-07-06 998 4269.281 0 0
2026-07-07 1060 4030.185 0 0
2026-07-08 1133 3808.491 0 0
2026-07-09 1086 3927.393 0 0
2026-07-10 1078 3965.014 0 0
2026-07-11 1167 3665.905 0 0
2026-07-12 1167 3674.071 0 0
2026-07-13 1221 3481.806 0 0
2026-07-14 1280 3333.523 0 0
2026-07-15 1352 3125.6 0 0
2026-07-16 1399 2995.722 0 0
2026-07-17 1410 2949.121 0 0
2026-07-18 1502 2766.212 0 0
2026-07-19 1504 2762.457 0 0
2026-07-20 1560 2636.095 0 0
2026-07-21 1565 2626.769 0 0
2026-07-22 1320 3190.901 0 0
2026-07-23 1400 2984.148 0 0
2026-07-24 1314 3192.888 0 0
2026-07-25 1328 3149.679 0 0
2026-07-26 1329 3148.005 0 0
2026-07-27 1382 3002.186 0 0
2026-07-28 1424 2902.358 0 0
2026-07-29 1582 2612.642 0 0
2026-07-30 1513 2723.394 0 0
2026-07-31 1517 2749.668 0 0
2026-08-01 1617 2583.742 0 0
2026-08-02 1610 2587.189 0 0
2026-08-03 1715 2430.432 0 0
2026-08-04 1733 2394.289 0 0
2026-08-05 1630 2565.951 0 0
2026-08-06 1522 2766.476 0 0
2026-08-07 1516 2781.916 0 0
2026-08-08 1510 2813.57 0 0
2026-08-09 1510 2814.237 0 0
2026-08-10 1480 2888.246 0 0
2026-08-11 1523 2791.363 0 0
2026-08-12 1429 2967.641 0 0
2026-08-13 1490 2852.388 0 0
2026-08-14 1466 2889.958 0 0
>>>>>>> 2b550085baac25c543016ca743053a87bf115d5d
2026-08-15 1477 2878.763 0 0
2026-08-16 1479 2880.087 0 0
2026-08-17 1478 2880.087 0 0
