2025-08-14 3021 1045.728 0 0
2025-08-15 3039 1035.2 -10.528 -1.007
2025-08-16 3042 1033.444 -1.756 -0.17
2025-08-17 3042 1033.444 0 0
2025-08-18 3063 1026.319 -7.125 -0.689
2025-08-19 3062 1025.055 -1.264 -0.123
2025-08-20 3037 1038.007 12.952 1.264
2025-08-21  983.345 -54.662 -5.266
2025-08-22  984.852 1.507 0.153
2026-02-18 3120 1050.882 66.03 6.705
2026-02-19 3126 1048.28 -2.602 -0.248
2026-02-20 3121 1045.114 -3.166 -0.302
2026-02-21 3123 1044.655 -0.459 -0.044
2026-02-22 3121 1044.655 0 0
2026-02-23 3107 1059.466 14.811 1.418
2026-02-24 3038 1110.129 50.663 4.782
2026-02-25 3037 1110.397 0.268 0.024
2026-02-26 3009 1137.535 27.138 2.444
2026-02-27 2878 1229.388 91.853 8.075
2026-02-28 2882 1227.41 -1.978 -0.161
2026-03-01 2878 1227.41 0 0
2026-03-02 2863 1242.273 14.863 1.211
2026-03-03 2850 1227.953 -14.32 -1.153
2026-03-04 2953 1154.496 -73.457 -5.982
2026-03-05 2971 1139.986 -14.51 -1.257
2026-03-06 2961 1149.197 9.211 0.808
2026-03-07 2973 1136.605 -12.592 -1.096
2026-03-08 2973 1136.605 0 0
2026-03-09 2903 1187.229 50.624 4.454
2026-03-10 2979 1246.657 59.428 5.006
2026-03-11 2886 1309.233 62.576 5.02
2026-03-12 2910 1289.316 -19.917 -1.521
2026-03-13 2978 1234.434 -54.882 -4.257
2026-03-14 3001 1217.188 -17.246 -1.397
2026-03-15 3001 1217.188 0 0
2026-03-16 2975 1231.494 14.306 1.175
2026-03-17 2947 1251.002 19.508 1.584
2026-03-18 2830 1322.015 71.013 5.676
2026-03-19 2896 1271.262 -50.753 -3.839
2026-03-20 2897 1269.309 -1.953 -0.154
2026-03-21 2897 1269.263 -0.046 -0.004
2026-03-22 2897 1269.263 0 0
2026-03-23 2878 1269.263 0 0
2026-03-24 2892 1267.944 -1.319 -0.104
2026-03-25 2714 1391.851 123.907 9.772
2026-03-27 2552 1505.376 113.525 8.156
2026-03-28 2571 1490.27 -15.106 -1.003
2026-03-29 2571 1490.27 0 0
2026-03-30 2599 1462.174 -28.096 -1.885
2026-03-31 2600 1463.732 1.558 0.107
2026-04-01 2601 1479.086 15.354 1.049
2026-04-02 2446 1603.847 124.761 8.435
2026-04-03 2497 1559.414 -44.433 -2.77
2026-04-04 2497 1559.414 0 0
2026-04-05 2497 1559.414 0 0
2026-04-06 2497 1559.414 0 0
2026-04-07 2495 1559.414 0 0
2026-04-08 2560 1538.262 -21.152 -1.356
2026-04-09 2558 1545.074 6.812 0.443
2026-04-10 2509 1585.019 39.945 2.585
2026-04-11 2514 1583.292 -1.727 -0.109
2026-04-12 2514 1583.292 0 0
2026-04-13 2511 1583.292 0 0
2026-04-14 2513 1583.292 0 0
2026-04-15 2534 1583.292 0 0
2026-04-16 2528 1590.484 7.192 0.454
2026-04-17 2563 1560.478 -30.006 -1.887
2026-04-18 2576 1556.465 -4.013 -0.257
2026-04-19 2576 1556.465 0 0
2026-04-20 2570 1563.665 7.2 0.463
2026-04-21 2541 1585.143 21.478 1.374
2026-04-22 2525 1591.598 6.455 0.407
2026-04-23 2602 1522.798 -68.8 -4.323
2026-04-24 2618 1509.897 -12.901 -0.847
2026-04-25 2613 1511.294 1.397 0.093
2026-04-26 2613 1511.294 0 0
2026-04-27 2641 1497.048 -14.246 -0.943
2026-04-28 2584 1536.81 39.762 2.656
2026-04-29 2436 1670.876 134.066 8.724
2026-04-30 2449 1661.804 -9.072 -0.543
2026-05-01 2449 1666.52 4.716 0.284
2026-05-02 2450 1666.52 0 0
2026-05-04 2406 1709.039 42.519 2.551
2026-05-05 2295 1808.251 99.212 5.805
2026-05-06 2253 1850.77 42.519 2.351
2026-05-07 2259 1859.703 8.933 0.483
2026-05-08 2295 1819.05 -40.653 -2.186
2026-05-09 2297 1816.017 -3.033 -0.167
2026-05-10 2297 1816.017 0 0
<<<<<<< HEAD
2026-05-11 2308 1801.67 -14.347 -0.79
2026-05-12 2436 1689.634 -112.036 -6.218
2026-05-13 2404 1718.725 29.091 1.722
2026-05-14 2407 1707.833 -10.892 -0.634
2026-05-15 2416 1694.206 -13.627 -0.798
2026-05-16 2435 1677.733 -16.473 -0.972
2026-05-17 2435 1677.733 0 0
2026-05-18 2441 1663.585 -14.148 -0.843
2026-05-19 2462 1642.866 -20.719 -1.245
2026-05-20 2433 1678.247 35.381 2.154
2026-05-21 2435 1675.937 -2.31 -0.138
2026-05-22 2466 1640.604 -35.333 -2.108
2026-05-23 2470 1642.363 1.759 0.107
2026-05-24 2470 1642.363 0 0
2026-05-26 2442 1677.733 35.37 2.154
2026-05-27 2451 1664.477 -13.256 -0.79
2026-05-28 2476 1633.091 -31.386 -1.886
2026-05-29 2472 1626.223 -6.868 -0.421
2026-05-31 2464 1633.718 7.495 0.461
2026-06-01 2476 1633.718 0 0
2026-06-02 2556 1562.738 -70.98 -4.345
2026-06-03 2554 1560.819 -1.919 -0.123
2026-06-04 2552 1567.909 7.09 0.454
2026-06-05 2551 1557.354 -10.555 -0.673
2026-06-06 2550 1558.667 1.313 0.084
2026-06-07 2550 1558.667 0 0
2026-06-08 2580 1523.269 -35.398 -2.271
2026-06-09 2574 1534.398 11.129 0.731
2026-06-10 2642 1478.132 -56.266 -3.667
2026-06-11 2603 1504.547 26.415 1.787
2026-06-12 2626 1494.228 -10.319 -0.686
2026-06-13 2609 1507.664 13.436 0.899
2026-06-15 2619 1507.664 0 0
2026-06-16 2624 1512.239 4.575 0.303
2026-06-17 2591 1535.643 23.404 1.548
2026-06-18 2596 1532.462 -3.181 -0.207
2026-06-19 2601 1524.742 -7.72 -0.504
2026-06-20 2601 1524.742 0 0
2026-06-21 2601 1524.742 0 0
2026-06-23 2507 1580.022 55.28 3.626
2026-06-24 2503 1583.297 3.275 0.207
2026-06-25 2553 1549.007 -34.29 -2.166
2026-06-26 2558 1545.449 -3.558 -0.23
2026-06-27 2554 1545.217 -0.232 -0.015
2026-06-28 2554 1545.217 0 0
2026-06-29 2508 1593.686 48.469 3.137
2026-06-30 2315 1770.769 177.083 11.112
2026-07-01 2475 1635.266 -135.503 -7.652
2026-07-02 2432 1682.438 47.172 2.885
2026-07-03 2417 1700.478 18.04 1.072
2026-07-04 2417 1700.478 0 0
2026-07-05 2417 1700.478 0 0
2026-07-06 2376 1742.094 41.616 2.447
2026-07-07 2394 1712.165 -29.929 -1.718
2026-07-08 2352 1741.833 29.668 1.733
2026-07-09 2355 1746.788 4.955 0.284
2026-07-10 2376 1721.76 -25.028 -1.433
2026-07-11 2372 1727.444 5.684 0.33
2026-07-12 2372 1727.444 0 0
2026-07-13 2347 1741.31 13.866 0.803
2026-07-14 2382 1712.037 -29.273 -1.681
2026-07-15 2400 1703.1 -8.937 -0.522
2026-07-16 2399 1698.287 -4.813 -0.283
2026-07-17 2424 1659.529 -38.758 -2.282
2026-07-18 2425 1657.431 -2.098 -0.126
2026-07-19 2423 1657.431 0 0
2026-07-20 2414 1671.176 13.745 0.829
2026-07-21 2420 1670.058 -1.118 -0.067
2026-07-22 2444 1641.61 -28.448 -1.703
2026-07-23 2467 1620.06 -21.55 -1.313
2026-07-24 2456 1620.3 0.24 0.015
2026-07-25 2450 1627.278 6.978 0.431
2026-07-26 2450 1627.278 0 0
2026-07-27 2476 1613.555 -13.723 -0.843
2026-07-28 2469 1618.242 4.687 0.29
2026-07-29 2466 1618.242 0 0
2026-07-30 2493 1590.716 -27.526 -1.701
2026-07-31 2495 1596.228 5.512 0.347
2026-08-01 2489 1606.09 9.862 0.618
2026-08-02 2489 1606.09 0 0
2026-08-03 2501 1599.172 -6.918 -0.431
2026-08-04 2562 1566.342 -32.83 -2.053
2026-08-05 2561 1570.09 3.748 0.239
2026-08-06 2569 1566.461 -3.629 -0.231
2026-08-07 2554 1580.438 13.977 0.892
2026-08-08 2556 1580.558 0.12 0.008
2026-08-09 2556 1580.558 0 0
2026-08-10 2554 1587.546 6.988 0.442
2026-08-11 2504 1629.477 41.931 2.641
2026-08-12 2512 1624.072 -5.405 -0.332
2026-08-13 2523 1610.142 -13.93 -0.858
=======
2026-05-11 2308 1801.67 0 0
2026-05-12 2339 1772.977 0 0
2026-05-13 2435 1689.634 0 0
2026-05-14 2407 1704.471 0 0
2026-05-15 2455 1664.988 0 0
2026-05-16 2416 1694.206 0 0
2026-05-17 2435 1677.733 0 0
2026-05-18 2455 1649.437 0 0
2026-05-19 2445 1656.511 0 0
2026-05-20 2463 1642.866 0 0
2026-05-21 2448 1664.095 0 0
2026-05-22 2447 1661.804 0 0
2026-05-23 2466 1640.604 0 0
2026-05-24 2470 1642.363 0 0
2026-05-25 2462 1649.437 0 0
2026-05-26 2452 1663.585 0 0
2026-05-27 2455 1656.511 0 0
2026-05-28 2479 1629.088 0 0
2026-05-29 2441 1661.472 0 0
2026-05-30 2472 1626.223 0 0
2026-05-31 2464 1633.718 0 0
2026-06-01 2470 1633.718 0 0
2026-06-02 2595 1534.346 0 0
2026-06-03 2560 1562.738 0 0
2026-06-04 2549 1567.909 0 0
2026-06-05 2549 1567.909 0 0
2026-06-06 2551 1557.354 0 0
2026-06-07 2550 1558.667 0 0
2026-06-09 2540 1558.667 0 0
2026-06-10 2622 1492.199 0 0
2026-06-11 2582 1513.298 0 0
2026-06-12 2635 1490.497 0 0
2026-06-13 2626 1494.228 0 0
2026-06-14 2609 1507.664 0 0
2026-06-16 2633 1500.591 0 0
2026-06-17 2606 1526.427 0 0
2026-06-18 2536 1585.371 0 0
2026-06-19 2604 1525.373 0 0
2026-06-20 2601 1524.742 0 0
2026-06-21 2601 1524.742 0 0
2026-06-22 2567 1552.956 0 0
2026-06-23 2497 1595.277 0 0
2026-06-24 2522 1573.005 0 0
2026-06-25 2540 1555.418 0 0
2026-06-26 2562 1535.187 0 0
2026-06-27 2558 1545.449 0 0
2026-06-28 2554 1545.217 0 0
2026-06-29 2515 1586.762 0 0
2026-06-30 2491 1614.458 0 0
2026-07-01 2462 1645.854 0 0
2026-07-02 2479 1635.266 0 0
2026-07-03 2385 1723.952 0 0
2026-07-04 2417 1700.478 0 0
2026-07-05 2417 1700.478 0 0
2026-07-06 2403 1714.35 0 0
2026-07-07 2415 1700.478 0 0
2026-07-08 2392 1712.165 0 0
2026-07-09 2325 1755.703 0 0
2026-07-10 2365 1732.988 0 0
2026-07-11 2376 1721.76 0 0
2026-07-12 2372 1727.444 0 0
2026-07-13 2401 1699.712 0 0
2026-07-14 2343 1741.31 0 0
2026-07-15 2385 1712.037 0 0
2026-07-16 2398 1703.1 0 0
2026-07-17 2390 1698.287 0 0
2026-07-18 2424 1659.529 0 0
2026-07-19 2425 1657.431 0 0
2026-07-20 2410 1671.176 0 0
2026-07-21 2415 1671.176 0 0
2026-07-22 2422 1670.058 0 0
2026-07-23 2449 1641.61 0 0
2026-07-24 2464 1620.06 0 0
2026-07-25 2456 1620.3 0 0
2026-07-26 2450 1627.278 0 0
2026-07-27 2466 1613.555 0 0
2026-07-28 2469 1613.555 0 0
2026-07-29 2464 1618.242 0 0
2026-07-30 2466 1618.242 0 0
2026-07-31 2487 1604.479 0 0
2026-08-01 2495 1596.228 0 0
2026-08-02 2489 1606.09 0 0
2026-08-03 2488 1606.09 0 0
2026-08-04 2506 1599.172 0 0
2026-08-05 2566 1566.342 0 0
2026-08-06 2566 1570.09 0 0
2026-08-07 2569 1566.461 0 0
2026-08-08 2554 1580.438 0 0
2026-08-09 2556 1580.558 0 0
2026-08-10 2555 1580.558 0 0
2026-08-11 2550 1587.546 0 0
2026-08-12 2514 1629.477 0 0
2026-08-13 2508 1624.072 0 0
2026-08-14 2524 1610.142 0 0
>>>>>>> 2b550085baac25c543016ca743053a87bf115d5d
2026-08-15 2534 1597.536 0 0
2026-08-16 2544 1596.693 0 0
2026-08-17 2544 1596.693 0 0
