2026-03-10 3275 1064.906 0 0
2026-03-11 3280 1063.719 -1.187 -0.111
2026-03-12 3310 1036.691 -27.028 -2.541
2026-03-13 3310 1033.792 -2.899 -0.28
2026-03-14 3314 1029.659 -4.133 -0.4
2026-03-15 3314 1029.659 0 0
2026-03-16 3335 1013.521 -16.138 -1.567
2026-03-17  992.019 -21.502 -2.122
2026-03-18 3352 1000.271 8.252 0.832
2026-03-19  977.454 -22.817 -2.281
2026-05-13 3302 1074.109 96.655 9.888
2026-05-14 3337 1039.366 -34.743 -3.235
2026-05-15 3344 1029.781 -9.585 -0.922
2026-05-16 3348 1026.981 -2.8 -0.272
2026-05-17 3348 1026.981 0 0
2026-05-18 3312 1049.898 22.917 2.231
2026-05-19 3309 1052.769 2.871 0.273
2026-05-20 3277 1083.903 31.134 2.957
2026-05-21 3279 1083.537 -0.366 -0.034
2026-05-22 3340 1035.165 -48.372 -4.464
2026-05-23 3342 1036.902 1.737 0.168
2026-05-24 3342 1036.902 0 0
2026-05-26 3247 1101.384 64.482 6.219
2026-05-27 3244 1102.585 1.201 0.109
2026-05-28 3245 1099.131 -3.454 -0.313
2026-05-29 3309 1057.389 -41.742 -3.798
2026-05-31 3311 1059.186 1.797 0.17
2026-06-01 3322 1044.192 -14.994 -1.416
2026-06-02 3370 1008.493 -35.699 -3.419
2026-06-03  988.807 -19.686 -1.952
2026-06-23 3233 1081.012 92.205 9.325
2026-06-24 3141 1138.062 57.05 5.277
2026-06-25 3147 1127.826 -10.236 -0.899
2026-06-26 3233 1070.058 -57.768 -5.122
2026-06-27 3234 1069.869 -0.189 -0.018
2026-06-28 3234 1069.869 0 0
2026-06-29 3268 1051.669 -18.2 -1.701
2026-06-30 3234 1075.043 23.374 2.223
2026-07-01 3286 1048.902 -26.141 -2.432
2026-07-02 3317 1029.767 -19.135 -1.824
2026-07-03 3316 1032.653 2.886 0.28
2026-07-04 3316 1032.653 0 0
2026-07-05 3316 1032.653 0 0
2026-07-06 3344 1009.31 -23.343 -2.26
2026-07-07  979.265 -30.045 -2.977
2026-07-10 3229 1090.251 110.986 11.334
2026-07-11 3228 1092.68 2.429 0.223
2026-07-12 3228 1092.68 0 0
2026-07-13 3303 1038.634 -54.046 -4.946
2026-07-14 3303 1038.54 -0.094 -0.009
2026-07-15 3320 1032.548 -5.992 -0.577
2026-07-16 3297 1045.634 13.086 1.267
2026-07-17  971.15 -74.484 -7.123
2026-08-06 3322 1037.962 66.812 6.88
2026-08-07 3319 1048.045 10.083 0.971
2026-08-08 3321 1048.293 0.248 0.024
2026-08-09 3321 1048.293 0 0
2026-08-10 3304 1059.296 11.003 1.05
2026-08-11 3307 1058.563 -0.733 -0.069
2026-08-12 3304 1059.096 0.533 0.05
2026-08-13 3260 1090.751 31.655 2.989
2026-08-15 3216 1117.687 26.936 2.469
2026-08-16 3216 1117.687 0 0
2026-08-17 3104 1191.116 73.429 6.57
2026-08-18 2995 1256.829 65.713 5.517
2026-08-19 2968 1263.332 6.503 0.517
2026-08-20 3136 1167.629 -95.703 -7.575
2026-08-21 3170 1147.938 -19.691 -1.686
2026-08-23 3171 1148.518 0.58 0.051
2026-08-24 3274 1084.062 -64.456 -5.612
2026-08-25 3311 1057.791 -26.271 -2.423
2026-08-26 3315 1062.351 4.56 0.431
2026-08-27 3299 1072.644 10.293 0.969
2026-08-28 3317 1059.495 -13.149 -1.226
2026-08-29 3314 1059.416 -0.079 -0.007
2026-08-30 3314 1059.416 0 0
2026-08-31 3327 1049.102 -10.314 -0.974
