2025-12-23 3118 1013.714 0 0
2025-12-24 3132 1004.531 -9.183 -0.906
2025-12-25 3135 1006.702 2.171 0.216
2025-12-26  993.508 -13.194 -1.311
2025-12-30 3127 1011.09 17.582 1.77
2025-12-31 3134 1008.036 -3.054 -0.302
2026-01-01 3136 1006.416 -1.62 -0.161
2026-01-02  999.178 -7.238 -0.719
2026-01-03 3151 1000.77 1.592 0.159
2026-01-05 3129 1016.29 15.52 1.551
2026-01-06 3153 1006.282 -10.008 -0.985
2026-01-07 3165 1000.928 -5.354 -0.532
2026-01-08 3155 1012.184 11.256 1.125
2026-01-09 3171 1003.357 -8.827 -0.872
2026-01-10 3183 1001.311 -2.046 -0.204
2026-01-11 3183 1001.311 0 0
2026-01-12 3175 1003.37 2.059 0.206
2026-01-13 3152 1018.692 15.322 1.527
2026-01-14  986.481 -32.211 -3.162
2026-01-17 3170 1006.155 19.674 1.994
2026-01-18 3169 1006.155 0 0
2026-01-19 3157 1020.318 14.163 1.408
2026-01-20 3161 1010.876 -9.442 -0.925
2026-01-21  999.129 -11.747 -1.162
2026-01-24 3173 1011.125 11.996 1.201
2026-01-25 3173 1011.125 0 0
2026-01-26 3166 1017.213 6.088 0.602
2026-01-27 3180 1005.857 -11.356 -1.116
2026-01-28 3179 1006.254 0.397 0.039
2026-01-29 3078 1083.696 77.442 7.696
2026-01-30 3085 1072.399 -11.297 -1.042
2026-01-31 3097 1065.668 -6.731 -0.628
2026-02-01 3097 1065.668 0 0
2026-02-02 3109 1052.191 -13.477 -1.265
2026-02-03 3110 1051.355 -0.836 -0.079
2026-02-04 3075 1071.804 20.449 1.945
2026-02-05 3072 1069.978 -1.826 -0.17
2026-02-06 3082 1062.105 -7.873 -0.736
2026-02-07 3088 1061.569 -0.536 -0.05
2026-02-08 3089 1061.569 0 0
2026-02-09 3070 1079.508 17.939 1.69
2026-02-10 3063 1093.512 14.004 1.297
2026-02-11 3048 1104.121 10.609 0.97
2026-02-12 3034 1108.725 4.604 0.417
2026-02-13 3035 1108.161 -0.564 -0.051
2026-02-14 3041 1105.4 -2.761 -0.249
2026-02-15 3040 1105.4 0 0
2026-02-16 3038 1105.4 0 0
2026-02-17 3040 1105.4 0 0
2026-02-18 3038 1105.4 0 0
2026-02-19 3044 1105.4 0 0
2026-02-20 3039 1105.4 0 0
2026-02-21 3041 1105.4 0 0
2026-02-22 3040 1105.4 0 0
2026-02-23 3030 1115.108 9.708 0.878
2026-02-24 3051 1100.857 -14.251 -1.278
2026-02-25 3072 1085.562 -15.295 -1.389
2026-02-26 3026 1122.509 36.947 3.403
2026-02-27 3028 1126.879 4.37 0.389
2026-02-28 3030 1126.879 0 0
2026-03-01 3023 1126.879 0 0
2026-03-02 3031 1106.148 -20.731 -1.84
2026-03-03 3030 1093.931 -12.217 -1.104
2026-03-04 3093 1035.028 -58.903 -5.385
2026-03-05 3095 1034.762 -0.266 -0.026
2026-03-06 3102 1029.833 -4.929 -0.476
2026-03-07 3102 1030.629 0.796 0.077
2026-03-08 3102 1030.629 0 0
2026-03-09  993.856 -36.773 -3.568
2026-03-11 3352 1011.468 17.612 1.772
2026-03-12 3332 1024.585 13.117 1.297
2026-03-13 3343 1009.209 -15.376 -1.501
2026-03-14 3354 1006.037 -3.172 -0.314
2026-03-15 3354 1006.037 0 0
2026-03-16 3334 1014.25 8.213 0.816
2026-03-17 3326 1021.935 7.685 0.758
2026-03-18 3327 1024.276 2.341 0.229
2026-03-19 3326 1010.028 -14.248 -1.391
2026-03-20 3312 1011.074 1.046 0.104
2026-03-21 3321 1009.543 -1.531 -0.151
2026-03-22 3321 1009.543 0 0
2026-03-23 3307 1005.376 -4.167 -0.413
2026-03-24  989.914 -15.462 -1.538
2026-04-02 3339 1007.63 17.716 1.79
2026-04-03 3333 1006.26 -1.37 -0.136
2026-04-04 3333 1006.26 0 0
2026-04-05 3333 1006.26 0 0
2026-04-06 3333 1006.26 0 0
2026-04-07 3324 1007.729 1.469 0.146
2026-04-08 3314 1030.844 23.115 2.294
2026-04-09 3314 1036.903 6.059 0.588
2026-04-10 3329 1028.573 -8.33 -0.803
2026-04-11 3331 1028.93 0.357 0.035
2026-04-12 3331 1028.93 0 0
2026-04-13 3341 1018.944 -9.986 -0.971
2026-04-14 3343 1024.659 5.715 0.561
2026-04-15 3345 1032.386 7.727 0.754
2026-04-16 3328 1049.334 16.948 1.642
2026-04-17 3320 1061.992 12.658 1.206
2026-04-18 3322 1060.176 -1.816 -0.171
2026-04-19 3322 1060.176 0 0
2026-04-20 3328 1055.842 -4.334 -0.409
2026-04-21 3312 1069.655 13.813 1.308
2026-04-22 3298 1076.076 6.421 0.6
2026-04-23 3306 1062.281 -13.795 -1.282
2026-04-24 3298 1061.46 -0.821 -0.077
2026-04-25 3293 1063.872 2.412 0.227
2026-04-26 3293 1063.872 0 0
2026-04-27 3303 1060.247 -3.625 -0.341
2026-04-28 3302 1061.75 1.503 0.142
2026-04-29 3216 1103.73 41.98 3.954
2026-04-30 3251 1084.88 -18.85 -1.708
2026-05-01 3263 1081.028 -3.852 -0.355
2026-05-02 3266 1081.028 0 0
2026-05-04 3269 1080.251 -0.777 -0.072
2026-05-05 3242 1100.712 20.461 1.894
2026-05-06 3245 1100.712 0 0
2026-05-07 3244 1110.493 9.781 0.889
2026-05-08 3225 1124.677 14.184 1.277
2026-05-09 3224 1124.605 -0.072 -0.006
2026-05-10 3224 1124.605 0 0
<<<<<<< HEAD
2026-05-11 3254 1105.053 -19.552 -1.739
2026-05-12 3292 1080.856 -24.197 -2.19
2026-05-13 3277 1086.364 5.508 0.51
2026-05-14 3286 1078.906 -7.458 -0.687
2026-05-15 3258 1093.914 15.008 1.391
2026-05-16 3254 1093.22 -0.694 -0.063
2026-05-17 3254 1093.22 0 0
2026-05-18 3273 1080.131 -13.089 -1.197
2026-05-19 3256 1091.13 10.999 1.018
2026-05-20 3270 1089.023 -2.107 -0.193
2026-05-21 3272 1088.731 -0.292 -0.027
2026-05-22 3223 1109.758 21.027 1.931
2026-05-23 3212 1115.96 6.202 0.559
2026-05-24 3212 1115.96 0 0
2026-05-26 3154 1156.046 40.086 3.592
2026-05-27 3092 1185.945 29.899 2.586
2026-05-28 3112 1181.088 -4.857 -0.41
2026-05-29 3092 1191.287 10.199 0.864
2026-05-31 3083 1194.634 3.347 0.281
2026-06-01 3022 1224.944 30.31 2.537
2026-06-02 2996 1234.985 10.041 0.82
2026-06-03 2955 1262.006 27.021 2.188
2026-06-04 2901 1296.012 34.006 2.695
2026-06-05 2798 1361.668 65.656 5.066
2026-06-06 2799 1359.271 -2.397 -0.176
2026-06-07 2799 1359.271 0 0
2026-06-08 2874 1299.564 -59.707 -4.393
2026-06-09 2729 1403.028 103.464 7.961
2026-06-10 2784 1356.332 -46.696 -3.328
2026-06-11 2781 1360.088 3.756 0.277
2026-06-12 2788 1361.78 1.692 0.124
2026-06-13 2791 1363.783 2.003 0.147
2026-06-15 2747 1405.919 42.136 3.09
2026-06-16 2676 1473.21 67.291 4.786
2026-06-17 2609 1521.019 47.809 3.245
2026-06-18 2586 1544.733 23.714 1.559
2026-06-19 2581 1545.713 0.98 0.063
2026-06-20 2581 1545.713 0 0
2026-06-21 2581 1545.713 0 0
2026-06-23 2602 1515.473 -30.24 -1.956
2026-06-24 2660 1471.77 -43.703 -2.884
2026-06-25 2639 1483.801 12.031 0.817
2026-06-26 2714 1415.738 -68.063 -4.587
2026-06-27 2726 1412.921 -2.817 -0.199
2026-06-28 2726 1412.921 0 0
2026-06-29 2802 1360.075 -52.846 -3.74
2026-06-30 2847 1323.918 -36.157 -2.658
2026-07-01 2916 1285.876 -38.042 -2.873
2026-07-02 2934 1267.47 -18.406 -1.431
2026-07-03 2960 1266.264 -1.206 -0.095
2026-07-04 2960 1266.264 0 0
2026-07-05 2960 1266.264 0 0
2026-07-06 2955 1264.507 -1.757 -0.139
2026-07-07 2888 1301.582 37.075 2.932
2026-07-08 2866 1308.467 6.885 0.529
2026-07-09 2891 1290.879 -17.588 -1.344
2026-07-10 2900 1286.97 -3.909 -0.303
2026-07-11 2904 1286.97 0 0
2026-07-12 2904 1286.97 0 0
2026-07-13 2887 1291.16 4.19 0.326
2026-07-14 2900 1283.228 -7.932 -0.614
2026-07-15 2906 1289.42 6.192 0.483
2026-07-16 2894 1298.171 8.751 0.679
2026-07-17 2919 1259.028 -39.143 -3.015
2026-07-18 2925 1255.586 -3.442 -0.273
2026-07-19 2924 1255.586 0 0
2026-07-20 2927 1251.99 -3.596 -0.286
2026-07-21 2905 1276.98 24.99 1.996
2026-07-22 2900 1282.233 5.253 0.411
2026-07-23 2880 1291.157 8.924 0.696
2026-07-24 2873 1289.269 -1.888 -0.146
2026-07-25 2880 1284.064 -5.205 -0.404
2026-07-26 2880 1284.064 0 0
2026-07-27 2871 1300.943 16.879 1.314
2026-07-28 2919 1271.599 -29.344 -2.256
2026-07-29 2948 1250.463 -21.136 -1.662
2026-07-30 2921 1265.687 15.224 1.217
2026-07-31 2839 1334.261 68.574 5.418
2026-08-01 2830 1340.598 6.337 0.475
2026-08-02 2830 1340.598 0 0
2026-08-03 2852 1329.75 -10.848 -0.809
2026-08-04 2895 1308.72 -21.03 -1.582
2026-08-05 2884 1322.386 13.666 1.044
2026-08-06 2924 1294.756 -27.63 -2.089
2026-08-07 2896 1319.725 24.969 1.928
2026-08-08 2900 1315.704 -4.021 -0.305
2026-08-09 2900 1315.704 0 0
2026-08-10 2876 1334.449 18.745 1.425
2026-08-11 2898 1318.494 -15.955 -1.196
2026-08-12 2887 1322.357 3.863 0.293
2026-08-13 2884 1322.375 0.018 0.001
=======
2026-05-11 3248 1109.775 0 0
2026-05-12 3269 1096.382 0 0
2026-05-13 3270 1091.556 0 0
2026-05-14 3269 1085.883 0 0
2026-05-15 3241 1106.398 0 0
2026-05-16 3258 1093.914 0 0
2026-05-17 3254 1093.22 0 0
2026-05-18 3266 1083.761 0 0
2026-05-19 3245 1098.221 0 0
2026-05-20 3250 1093.508 0 0
2026-05-21 3240 1100.755 0 0
2026-05-22 3228 1103.894 0 0
2026-05-23 3223 1109.758 0 0
2026-05-24 3212 1115.96 0 0
2026-05-25 3204 1116.85 0 0
2026-05-26 3164 1141.81 0 0
2026-05-27 3127 1168.021 0 0
2026-05-28 3105 1179.265 0 0
2026-05-29 3115 1176.547 0 0
2026-05-30 3092 1191.287 0 0
2026-05-31 3083 1194.634 0 0
2026-06-01 3007 1233.269 0 0
2026-06-02 3032 1221.048 0 0
2026-06-03 2959 1266.693 0 0
2026-06-04 2915 1287.519 0 0
2026-06-05 2809 1351.615 0 0
2026-06-06 2798 1361.668 0 0
2026-06-07 2799 1359.271 0 0
2026-06-09 2744 1389.154 0 0
2026-06-10 2761 1376.228 0 0
2026-06-11 2779 1356.26 0 0
2026-06-12 2780 1366.787 0 0
2026-06-13 2788 1361.78 0 0
2026-06-14 2791 1363.783 0 0
2026-06-16 2681 1463.939 0 0
2026-06-17 2629 1510.281 0 0
2026-06-18 2574 1556.677 0 0
2026-06-19 2586 1544.733 0 0
2026-06-20 2581 1545.713 0 0
2026-06-21 2581 1545.713 0 0
2026-06-22 2617 1513.753 0 0
2026-06-23 2581 1542.709 0 0
2026-06-24 2633 1497.729 0 0
2026-06-25 2616 1501.516 0 0
2026-06-26 2700 1424.251 0 0
2026-06-27 2714 1415.738 0 0
2026-06-28 2726 1412.921 0 0
2026-06-29 2802 1359.838 0 0
2026-06-30 2857 1315.577 0 0
2026-07-01 2907 1289.207 0 0
2026-07-02 2946 1263.614 0 0
2026-07-03 2943 1267.767 0 0
2026-07-04 2960 1266.264 0 0
2026-07-05 2960 1266.264 0 0
2026-07-06 2953 1268.969 0 0
2026-07-07 2894 1300.094 0 0
2026-07-08 2898 1293.21 0 0
2026-07-09 2911 1267.749 0 0
2026-07-10 2900 1290.879 0 0
2026-07-11 2900 1286.97 0 0
2026-07-12 2904 1286.97 0 0
2026-07-13 2890 1292.031 0 0
2026-07-14 2924 1260.206 0 0
2026-07-15 2900 1287.021 0 0
2026-07-16 2913 1283.826 0 0
2026-07-17 2899 1282.603 0 0
2026-07-18 2919 1259.028 0 0
2026-07-19 2925 1255.586 0 0
2026-07-20 2927 1255.527 0 0
2026-07-21 2902 1267.296 0 0
2026-07-22 2882 1296.868 0 0
2026-07-23 2895 1284.373 0 0
2026-07-24 2878 1287.561 0 0
2026-07-25 2873 1289.269 0 0
2026-07-26 2880 1284.064 0 0
2026-07-27 2866 1296.551 0 0
2026-07-28 2927 1263.879 0 0
2026-07-29 2930 1263.521 0 0
2026-07-30 2937 1253.934 0 0
2026-07-31 2844 1326.94 0 0
2026-08-01 2839 1334.261 0 0
2026-08-02 2830 1340.598 0 0
2026-08-03 2828 1341.185 0 0
2026-08-04 2873 1319.992 0 0
2026-08-05 2864 1329.416 0 0
2026-08-06 2916 1303.614 0 0
2026-08-07 2893 1315.724 0 0
2026-08-08 2896 1319.725 0 0
2026-08-09 2900 1315.704 0 0
2026-08-10 2907 1311.121 0 0
2026-08-11 2896 1322.902 0 0
2026-08-12 2910 1312.926 0 0
2026-08-13 2897 1316.37 0 0
2026-08-14 2856 1351.251 0 0
>>>>>>> 2b550085baac25c543016ca743053a87bf115d5d
2026-08-15 2857 1348.165 0 0
2026-08-16 2854 1354.483 0 0
2026-08-17 2860 1348.562 0 0
2026-08-18 2916 1314.686 0 0
2026-08-19 2876 1334.899 0 0
