2026-03-10 3213 1107.351 0 0
2026-03-11 3213 1107.351 0 0
2026-03-12 3207 1107.351 0 0
2026-03-13 3205 1107.351 0 0
2026-03-14 3200 1107.351 0 0
2026-03-15 3199 1107.351 0 0
2026-03-16 3197 1107.351 0 0
2026-03-17 3198 1107.351 0 0
2026-03-18 3205 1107.351 0 0
2026-03-19 3189 1107.351 0 0
2026-03-20 3176 1107.351 0 0
2026-03-21 3174 1107.351 0 0
2026-03-22 3174 1107.351 0 0
2026-03-23 3165 1107.351 0 0
2026-03-24 3167 1107.351 0 0
2026-03-25 3178 1107.351 0 0
2026-03-27 3165 1107.351 0 0
2026-03-28 3161 1107.351 0 0
2026-03-29 3161 1107.351 0 0
2026-03-30 3155 1107.351 0 0
2026-03-31 3153 1107.351 0 0
2026-04-01 3170 1107.351 0 0
2026-04-02 3167 1107.351 0 0
2026-04-03 3163 1107.351 0 0
2026-04-04 3163 1107.351 0 0
2026-04-05 3163 1107.351 0 0
2026-04-06 3166 1107.351 0 0
2026-04-07 3164 1107.351 0 0
2026-04-08 3190 1107.351 0 0
2026-04-09 3198 1107.351 0 0
2026-04-10 3205 1107.351 0 0
2026-04-11 3210 1107.351 0 0
2026-04-12 3210 1107.351 0 0
2026-04-13 3213 1107.351 0 0
2026-04-14 3225 1107.351 0 0
2026-04-15 3236 1107.351 0 0
2026-04-16 3243 1107.351 0 0
2026-04-17 3242 1107.351 0 0
2026-04-18 3244 1107.351 0 0
2026-04-19 3244 1107.351 0 0
2026-04-20 3243 1107.351 0 0
2026-04-21 3242 1107.351 0 0
2026-04-22 3244 1107.351 0 0
2026-04-23 3231 1107.351 0 0
2026-04-24 3226 1107.351 0 0
2026-04-25 3222 1107.351 0 0
2026-04-26 3222 1107.351 0 0
2026-04-27 3222 1107.351 0 0
2026-04-28 3217 1107.351 0 0
2026-04-29 3212 1107.351 0 0
2026-04-30 3209 1107.351 0 0
2026-05-01 3217 1107.351 0 0
2026-05-02 3220 1107.351 0 0
2026-05-04 3220 1107.351 0 0
2026-05-05 3233 1107.351 0 0
2026-05-06 3236 1107.351 0 0
2026-05-07 3251 1107.351 0 0
2026-05-08 3258 1107.351 0 0
2026-05-09 3256 1107.351 0 0
2026-05-10 3256 1107.351 0 0
2026-05-11 3251 1107.351 0 0
2026-05-12 3239 1107.351 0 0
2026-05-13 3244 1107.351 0 0
2026-05-14 3237 1107.351 0 0
2026-05-15 3228 1107.351 0 0
2026-05-16 3226 1107.351 0 0
2026-05-17 3226 1107.351 0 0
2026-05-18 3221 1107.351 0 0
2026-05-19 3221 1107.351 0 0
2026-05-20 3228 1107.351 0 0
2026-05-21 3231 1107.351 0 0
2026-05-22 3226 1107.351 0 0
2026-05-23 3225 1107.351 0 0
2026-05-24 3225 1107.351 0 0
2026-05-26 3237 1107.351 0 0
2026-05-27 3237 1107.351 0 0
2026-05-28 3227 1107.351 0 0
2026-05-29 3227 1107.351 0 0
2026-05-31 3229 1107.351 0 0
2026-06-01 3224 1107.351 0 0
2026-06-02 3221 1107.351 0 0
2026-06-03 3206 1107.351 0 0
2026-06-04 3198 1107.351 0 0
2026-06-05 3200 1107.351 0 0
2026-06-06 3198 1107.351 0 0
2026-06-07 3198 1107.351 0 0
2026-06-08 3184 1107.351 0 0
2026-06-09 3174 1107.351 0 0
2026-06-10 3174 1107.351 0 0
2026-06-11 3172 1107.351 0 0
2026-06-12 3184 1107.351 0 0
2026-06-13 3190 1107.351 0 0
2026-06-15 3205 1107.351 0 0
2026-06-16 3204 1107.351 0 0
2026-06-17 3200 1107.351 0 0
2026-06-18 3200 1107.351 0 0
2026-06-19 3192 1107.351 0 0
2026-06-20 3192 1107.351 0 0
2026-06-21 3192 1107.351 0 0
2026-06-23 3180 1107.351 0 0
2026-06-24 3177 1107.351 0 0
2026-06-25 3171 1107.351 0 0
2026-06-26 3168 1107.351 0 0
2026-06-27 3170 1107.351 0 0
2026-06-28 3170 1107.351 0 0
2026-06-29 3179 1107.351 0 0
2026-06-30 3178 1107.351 0 0
2026-07-01 3186 1107.351 0 0
2026-07-02 3185 1107.351 0 0
2026-07-03 3197 1107.351 0 0
2026-07-04 3197 1107.351 0 0
2026-07-05 3197 1107.351 0 0
2026-07-06 3198 1107.351 0 0
2026-07-07 3195 1107.351 0 0
2026-07-08 3186 1107.351 0 0
2026-07-09 3186 1107.351 0 0
2026-07-10 3195 1107.351 0 0
2026-07-11 3196 1107.351 0 0
2026-07-12 3196 1107.351 0 0
2026-07-13 3189 1107.351 0 0
2026-07-14 3191 1107.351 0 0
2026-07-15 3196 1107.351 0 0
2026-07-16 3195 1107.351 0 0
2026-07-17 3172 1107.351 0 0
2026-07-18 3168 1107.351 0 0
2026-07-19 3167 1107.351 0 0
2026-07-20 3169 1107.351 0 0
2026-07-21 3168 1107.351 0 0
2026-07-22 3170 1107.351 0 0
2026-07-23 3180 1107.351 0 0
2026-07-24 3163 1107.351 0 0
2026-07-25 3164 1107.351 0 0
2026-07-26 3164 1107.351 0 0
2026-07-27 3172 1107.351 0 0
2026-07-28 3172 1107.351 0 0
2026-07-29 3183 1107.351 0 0
2026-07-30 3178 1107.351 0 0
2026-07-31 3195 1107.351 0 0
2026-08-01 3197 1107.351 0 0
2026-08-02 3197 1107.351 0 0
2026-08-03 3204 1107.351 0 0
2026-08-04 3213 1107.351 0 0
2026-08-05 3221 1107.351 0 0
2026-08-06 3224 1107.351 0 0
2026-08-07 3225 1107.351 0 0
2026-08-08 3228 1107.351 0 0
2026-08-09 3228 1107.351 0 0
2026-08-10 3234 1107.351 0 0
2026-08-11 3233 1107.351 0 0
2026-08-12 3236 1107.351 0 0
2026-08-13 3234 1107.351 0 0
2026-08-15 3232 1107.351 0 0
2026-08-16 3232 1107.351 0 0
2026-08-17 3224 1107.351 0 0
2026-08-18 3225 1107.351 0 0
2026-08-19 3219 1107.351 0 0
2026-08-20 3225 1107.351 0 0
2026-08-21 3227 1107.351 0 0
2026-08-23 3228 1107.351 0 0
2026-08-24 3222 1107.351 0 0
2026-08-25 3229 1107.351 0 0
2026-08-26 3237 1107.351 0 0
2026-08-27 3241 1107.351 0 0
2026-08-28 3241 1107.351 0 0
2026-08-29 3240 1107.351 0 0
2026-08-30 3240 1107.351 0 0
2026-08-31 3243 1107.351 0 0
2026-09-01 3242 1107.351 0 0
2026-09-02 3233 1107.351 0 0
2026-09-03 3239 1107.351 0 0
2026-09-04 3244 1107.351 0 0
2026-09-05 3245 1107.351 0 0
