2026-09-15 694 6000.0 0 0
2026-09-16 689 6000.0 0 0
2026-09-17 687 6000.0 0 0
2026-09-18 686 6000.0 0 0
2026-09-19 685 6000.0 0 0
2026-09-20 686 6000.0 0 0
2026-09-21 688 6000.0 0 0
2026-09-22 692 6000.0 0 0
2026-09-23 694 6000.0 0 0
2026-09-24 691 6000.0 0 0
2026-09-25 691 6000.0 0 0
2026-09-26 691 6000.0 0 0
2026-09-27 692 6000.0 0 0
2026-09-28 689 6000.0 0 0
2026-09-29 687 6000.0 0 0
2026-09-30 690 6000.0 0 0
2026-10-01 687 6000.0 0 0
2026-10-02 685 6000.0 0 0
2026-10-03 684 6000.0 0 0
2026-10-04 684 6000.0 0 0
2026-10-05 686 6000.0 0 0
2026-10-06 690 6000.0 0 0
2026-10-07 690 6000.0 0 0
2026-10-08 689 6000.0 0 0
2026-10-09 688 6000.0 0 0
