2026-05-21 1554 2700 0 0
2026-05-22 1555 2700 0 0
2026-05-23 1554 2700 0 0
2026-05-24 1554 2700 0 0
2026-05-26 1560 2700 0 0
2026-05-27 1565 2700 0 0
2026-05-28 1561 2700 0 0
2026-05-29 1557 2700 0 0
2026-05-31 1558 2700 0 0
2026-06-01 1567 2700 0 0
2026-06-02 1562 2700 0 0
2026-06-03 1565 2700 0 0
2026-06-04 1560 2700 0 0
2026-06-05 1546 2700 0 0
2026-06-06 1548 2700 0 0
2026-06-07 1548 2700 0 0
2026-06-08 1539 2700 0 0
2026-06-09 1540 2700 0 0
2026-06-10 1532 2700 0 0
2026-06-11 1530 2700 0 0
2026-06-12 1049 4021.712 1321.712 48.952
2026-06-13 1057 4021.712 0 0
2026-06-15 892 4810.063 788.351 19.602
2026-06-16 839 5042.445 232.382 4.831
2026-06-17 891 4793.072 -249.373 -4.945
2026-06-18 920 4622.658 -170.414 -3.555
2026-06-19 915 4622.658 0 0
2026-06-20 915 4622.658 0 0
2026-06-21 915 4622.658 0 0
2026-06-23 1093 3900.774 -721.884 -15.616
2026-06-24 1107 3861.544 -39.23 -1.006
2026-06-25 1122 3823.063 -38.481 -0.997
2026-06-26 1122 3828.81 5.747 0.15
2026-06-27 1123 3828.81 0 0
2026-06-28 1123 3828.81 0 0
2026-06-29 1031 4102.671 273.861 7.153
2026-06-30 1000 4269.337 166.666 4.062
2026-07-01 1085 3936.506 -332.831 -7.796
2026-07-02 1050 4047.949 111.443 2.831
2026-07-03 1056 4047.949 0 0
2026-07-04 1056 4047.949 0 0
2026-07-05 1056 4047.949 0 0
2026-07-06 1067 4008.469 -39.48 -0.975
2026-07-07 1150 3734.858 -273.611 -6.826
2026-07-08 1156 3705.623 -29.235 -0.783
2026-07-09 1132 3802.074 96.451 2.603
2026-07-10 1186 3630.661 -171.413 -4.508
2026-07-11 1186 3630.661 0 0
2026-07-12 1186 3630.661 0 0
2026-07-13 1219 3476.738 -153.923 -4.24
2026-07-14 1249 3400.277 -76.461 -2.199
2026-07-15 1270 3380.037 -20.24 -0.595
2026-07-16 1296 3276.09 -103.947 -3.075
2026-07-17 1359 3098.18 -177.91 -5.431
2026-07-18 1357 3098.18 0 0
2026-07-19 1357 3098.18 0 0
2026-07-20 1388 2994.733 -103.447 -3.339
2026-07-21 1361 3086.936 92.203 3.079
2026-07-22 1437 2880.041 -206.895 -6.702
2026-07-23 1418 2954.503 74.462 2.585
2026-07-24 1436 2875.293 -79.21 -2.681
2026-07-25 1435 2875.293 0 0
2026-07-26 1435 2875.293 0 0
2026-07-27 1466 2836.063 -39.23 -1.364
2026-07-28 1421 2908.776 72.713 2.564
2026-07-29 1479 2812.325 -96.451 -3.316
2026-07-30 1485 2803.58 -8.745 -0.311
2026-07-31 1533 2707.878 -95.702 -3.414
2026-08-01 1540 2707.878 0 0
2026-08-02 1540 2707.878 0 0
2026-08-03 1461 2861.8 153.922 5.684
2026-08-04 1355 3131.663 269.863 9.43
2026-08-05 1559 2705.379 -426.284 -13.612
2026-08-06 1472 2871.545 166.166 6.142
2026-08-07 1303 3326.065 454.52 15.828
2026-08-08 1303 3326.065 0 0
2026-08-09 1303 3326.065 0 0
2026-08-10 1249 3466.744 140.679 4.23
2026-08-11 1301 3330.563 -136.181 -3.928
2026-08-12 1188 3651.9 321.337 9.648
2026-08-13 1228 3530.461 -121.439 -3.325
2026-08-15 1236 3498.228 -32.233 -0.913
2026-08-16 1235 3498.228 0 0
2026-08-17 1184 3653.899 155.671 4.45
2026-08-18 1203 3581.685 -72.214 -1.976
2026-08-19 1240 3489.482 -92.203 -2.574
2026-08-20 1296 3348.304 -141.178 -4.046
2026-08-21 1271 3422.516 74.212 2.216
2026-08-23 1273 3422.516 0 0
2026-08-24 1291 3373.291 -49.225 -1.438
2026-08-25 1262 3447.004 73.713 2.185
2026-08-26 1252 3488.982 41.978 1.218
2026-08-27 1239 3519.967 30.985 0.888
2026-08-28 1234 3535.709 15.742 0.447
2026-08-29 1231 3535.709 0 0
2026-08-30 1231 3535.709 0 0
2026-08-31 1206 3590.431 54.722 1.548
2026-09-01 1202 3590.431 0 0
2026-09-02 1210 3553.949 0 0
2026-09-03 1225 3515.969 0 0
