2026-03-10 2871 1313.424 0 0
2026-03-11 2854 1324.067 10.643 0.81
2026-03-12 2845 1326.525 2.458 0.186
2026-03-13 2904 1282.045 -44.48 -3.353
2026-03-14 2904 1278.319 -3.726 -0.291
2026-03-15 2904 1278.319 0 0
2026-03-16 2813 1338.37 60.051 4.698
2026-03-17 2762 1378.335 39.965 2.986
2026-03-18 2579 1508.305 129.97 9.429
2026-03-19 2621 1460.803 -47.502 -3.149
2026-03-20 2627 1445.132 -15.671 -1.073
2026-03-21 2648 1428.422 -16.71 -1.156
2026-03-22 2648 1428.422 0 0
2026-03-23 2733 1366.876 -61.546 -4.309
2026-03-24 2652 1410.317 43.441 3.178
2026-03-25 2652 1424.661 14.344 1.017
2026-03-27 2692 1395.087 -29.574 -2.076
2026-03-28 2715 1381.347 -13.74 -0.985
2026-03-29 2715 1381.347 0 0
2026-03-30 2752 1346.687 -34.66 -2.509
2026-03-31 2753 1346.013 -0.674 -0.05
2026-04-01 2763 1355.769 9.756 0.725
2026-04-02 2773 1347.006 -8.763 -0.646
2026-04-03 2732 1372.196 25.19 1.87
2026-04-04 2732 1372.196 0 0
2026-04-05 2732 1372.196 0 0
2026-04-06 2680 1409.034 36.838 2.685
2026-04-07 2626 1450.2 41.166 2.922
2026-04-08 2712 1408.163 -42.037 -2.899
2026-04-09 2694 1422.947 14.784 1.05
2026-04-10 2653 1463.578 40.631 2.855
2026-04-11 2656 1462.552 -1.026 -0.07
2026-04-12 2656 1462.552 0 0
2026-04-13 2606 1501.692 39.14 2.676
2026-04-14 2629 1491.119 -10.573 -0.704
2026-04-15 2508 1600.473 109.354 7.334
2026-04-16 2498 1614.973 14.5 0.906
2026-04-17 2477 1656.182 41.209 2.552
2026-04-18 2473 1661.173 4.991 0.301
2026-04-19 2473 1661.173 0 0
2026-04-20 2495 1635.234 -25.939 -1.561
2026-04-21 2494 1632.59 -2.644 -0.162
2026-04-22 2480 1645.86 13.27 0.813
2026-04-23 2428 1695.246 49.386 3.001
2026-04-24 2520 1588.244 -107.002 -6.312
2026-04-25 2522 1585.885 -2.359 -0.149
2026-04-26 2522 1585.885 0 0
2026-04-27 2487 1627.157 41.272 2.602
2026-04-28 2431 1678.87 51.713 3.178
2026-04-29 2317 1780.849 101.979 6.074
2026-04-30 2491 1608.987 -171.862 -9.651
2026-05-01 2499 1607.971 -1.016 -0.063
2026-05-02 2501 1607.971 0 0
2026-05-04 2496 1611.766 3.795 0.236
2026-05-05 2534 1579.392 -32.374 -2.009
2026-05-06 2513 1594.834 15.442 0.978
2026-05-07 2500 1627.688 32.854 2.06
2026-05-08 2479 1651.02 23.332 1.433
2026-05-09 2485 1646.978 -4.042 -0.245
2026-05-10 2485 1646.978 0 0
<<<<<<< HEAD
2026-05-11 2439 1698.293 51.315 3.116
2026-05-12 2504 1611.998 -86.295 -5.081
2026-05-13 2520 1595.492 -16.506 -1.024
2026-05-14 2541 1575.013 -20.479 -1.284
2026-05-15 2551 1568.199 -6.814 -0.433
2026-05-16 2552 1564.991 -3.208 -0.205
2026-05-17 2552 1564.991 0 0
2026-05-18 2598 1532.656 -32.335 -2.066
2026-05-19 2543 1570.959 38.303 2.499
2026-05-20 2540 1570.469 -0.49 -0.031
2026-05-21 2558 1565.031 -5.438 -0.346
2026-05-22 2517 1587.062 22.031 1.408
2026-05-23 2499 1605.445 18.383 1.158
2026-05-24 2499 1605.445 0 0
2026-05-26 2321 1785.766 180.321 11.232
2026-05-27 2222 1882.788 97.022 5.433
2026-05-28 2220 1882.666 -0.122 -0.006
2026-05-29 2136 1959.099 76.433 4.06
2026-05-31 2128 1973.38 14.281 0.729
2026-06-01 2252 1848.563 -124.817 -6.325
2026-06-02 2205 1888.54 39.977 2.163
2026-06-03 2098 1981.798 93.258 4.938
2026-06-04 2104 1982.663 0.865 0.044
2026-06-05 2062 2009.428 26.765 1.35
2026-06-06 2039 2027.525 18.097 0.901
2026-06-07 2039 2027.525 0 0
2026-06-08 2052 2002.428 -25.097 -1.238
2026-06-09 2041 2016.056 13.628 0.681
2026-06-10 2065 1995.642 -20.414 -1.013
2026-06-11 2107 1946.217 -49.425 -2.477
2026-06-12 2002 2063.372 117.155 6.02
2026-06-13 1996 2077.42 14.048 0.681
2026-06-15 2042 2037.804 -39.616 -1.907
2026-06-16 2039 2043.88 6.076 0.298
2026-06-17 2004 2087.771 43.891 2.147
2026-06-18 2045 2032.403 -55.368 -2.652
2026-06-19 2046 2027.286 -5.117 -0.252
2026-06-20 2047 2027.286 0 0
2026-06-21 2047 2027.286 0 0
2026-06-23 2073 1999.31 -27.976 -1.38
2026-06-24 2008 2055.025 55.715 2.787
2026-06-25 2009 2050.513 -4.512 -0.22
2026-06-26 2003 2056.2 5.687 0.277
2026-06-27 2003 2056.2 0 0
2026-06-28 2003 2056.2 0 0
2026-06-29 2039 2027.437 -28.763 -1.399
2026-06-30 1985 2086.832 59.395 2.93
2026-07-01 1942 2136.494 49.662 2.38
2026-07-02 1905 2183.608 47.114 2.205
2026-07-03 1937 2160.72 -22.888 -1.048
2026-07-04 1937 2160.72 0 0
2026-07-05 1937 2160.72 0 0
2026-07-06 1972 2113.67 -47.05 -2.178
2026-07-07 2092 1980.259 -133.411 -6.312
2026-07-08 2061 1996.519 16.26 0.821
2026-07-09 2043 2014.793 18.274 0.915
2026-07-10 2048 2011.544 -3.249 -0.161
2026-07-11 2049 2012.836 1.292 0.064
2026-07-12 2049 2012.836 0 0
2026-07-13 2003 2047.421 34.585 1.718
2026-07-14 2035 2011.856 -35.565 -1.737
2026-07-15 2043 2020.71 8.854 0.44
2026-07-16 1898 2178.001 157.291 7.784
2026-07-17 1984 2059.203 -118.798 -5.454
2026-07-18 1985 2060.728 1.525 0.074
2026-07-19 1984 2060.728 0 0
2026-07-20 2034 2009.51 -51.218 -2.485
2026-07-21 2114 1955.452 -54.058 -2.69
2026-07-22 2134 1929.031 -26.421 -1.351
2026-07-23 2148 1909.378 -19.653 -1.019
2026-07-24 2076 1973.952 64.574 3.382
2026-07-25 2075 1974.054 0.102 0.005
2026-07-26 2075 1974.054 0 0
2026-07-27 2076 1988.973 14.919 0.756
2026-07-28 2082 1975.294 -13.679 -0.688
2026-07-29 2153 1906.016 -69.278 -3.507
2026-07-30 2211 1856.566 -49.45 -2.594
2026-07-31 2162 1914.79 58.224 3.136
2026-08-01 2160 1920.082 5.292 0.276
2026-08-02 2160 1920.082 0 0
2026-08-03 2154 1931.406 11.324 0.59
2026-08-04 2144 1955.894 24.488 1.268
2026-08-05 2137 1961.322 5.428 0.278
2026-08-06 2106 1987.311 25.989 1.325
2026-08-07 2185 1931.477 -55.834 -2.81
2026-08-08 2189 1931.781 0.304 0.016
2026-08-09 2189 1931.781 0 0
2026-08-10 2160 1960.298 28.517 1.476
2026-08-11 2190 1928.872 -31.426 -1.603
2026-08-12 2201 1917.182 -11.69 -0.606
2026-08-13 2161 1956.883 39.701 2.071
=======
2026-05-11 2487 1646.978 0 0
2026-05-12 2443 1698.293 0 0
2026-05-13 2503 1611.998 0 0
2026-05-14 2511 1595.492 0 0
2026-05-15 2546 1575.013 0 0
2026-05-16 2551 1568.199 0 0
2026-05-17 2552 1564.991 0 0
2026-05-18 2542 1564.991 0 0
2026-05-19 2600 1532.656 0 0
2026-05-20 2535 1570.959 0 0
2026-05-21 2553 1570.469 0 0
2026-05-22 2541 1569.609 0 0
2026-05-23 2517 1587.062 0 0
2026-05-24 2499 1605.445 0 0
2026-05-25 2490 1619.628 0 0
2026-05-26 2353 1755.664 0 0
2026-05-27 2298 1805.737 0 0
2026-05-28 2219 1882.788 0 0
2026-05-29 2218 1882.666 0 0
2026-05-30 2136 1959.099 0 0
2026-05-31 2128 1973.38 0 0
2026-06-01 2219 1880.059 0 0
2026-06-02 2219 1877.143 0 0
2026-06-03 2145 1950.658 0 0
2026-06-04 2023 2046.94 0 0
2026-06-05 2100 1982.663 0 0
2026-06-06 2062 2009.428 0 0
2026-06-07 2039 2027.525 0 0
2026-06-09 2054 2002.428 0 0
2026-06-10 2032 2019.529 0 0
2026-06-11 2045 2002.034 0 0
2026-06-12 2071 1992.163 0 0
2026-06-13 2002 2063.372 0 0
2026-06-14 1996 2077.42 0 0
2026-06-16 2072 2007.218 0 0
2026-06-17 2021 2057.335 0 0
2026-06-18 2018 2062.867 0 0
2026-06-19 2031 2045.299 0 0
2026-06-20 2046 2027.286 0 0
2026-06-21 2047 2027.286 0 0
2026-06-22 2070 2001.735 0 0
2026-06-23 2087 1990.281 0 0
2026-06-24 2074 1999.31 0 0
2026-06-25 2012 2055.025 0 0
2026-06-26 2002 2050.513 0 0
2026-06-27 2003 2056.2 0 0
2026-06-28 2003 2056.2 0 0
2026-06-29 2053 2008.066 0 0
2026-06-30 2032 2027.437 0 0
2026-07-01 1994 2082.143 0 0
2026-07-02 1943 2136.494 0 0
2026-07-03 1915 2183.608 0 0
2026-07-04 1937 2160.72 0 0
2026-07-05 1937 2160.72 0 0
2026-07-06 1931 2160.72 0 0
2026-07-07 1966 2113.67 0 0
2026-07-08 2084 1980.259 0 0
2026-07-09 2060 1996.519 0 0
2026-07-10 2051 2014.793 0 0
2026-07-11 2048 2011.544 0 0
2026-07-12 2049 2012.836 0 0
2026-07-13 2045 2012.836 0 0
2026-07-14 1999 2047.421 0 0
2026-07-15 2042 2011.856 0 0
2026-07-16 2043 2020.71 0 0
2026-07-17 1889 2178.001 0 0
2026-07-18 1984 2059.203 0 0
2026-07-19 1985 2060.728 0 0
2026-07-20 1985 2060.728 0 0
2026-07-21 2038 2009.51 0 0
2026-07-22 2114 1955.452 0 0
2026-07-23 2138 1929.031 0 0
2026-07-24 2143 1909.378 0 0
2026-07-25 2076 1973.952 0 0
2026-07-26 2075 1974.054 0 0
2026-07-27 2085 1974.054 0 0
2026-07-28 2067 1988.973 0 0
2026-07-29 2085 1975.294 0 0
2026-07-30 2155 1906.016 0 0
2026-07-31 2217 1856.566 0 0
2026-08-01 2162 1914.79 0 0
2026-08-02 2160 1920.082 0 0
2026-08-03 2159 1920.082 0 0
2026-08-04 2160 1931.406 0 0
2026-08-05 2145 1955.894 0 0
2026-08-06 2136 1961.322 0 0
2026-08-07 2103 1987.311 0 0
2026-08-08 2185 1931.477 0 0
2026-08-09 2189 1931.781 0 0
2026-08-10 2189 1931.781 0 0
2026-08-11 2156 1960.298 0 0
2026-08-12 2192 1928.872 0 0
2026-08-13 2200 1917.182 0 0
2026-08-14 2160 1956.883 0 0
>>>>>>> 2b550085baac25c543016ca743053a87bf115d5d
2026-08-15 2176 1942.068 0 0
2026-08-16 2187 1942.374 0 0
2026-08-17 2185 1942.374 0 0
2026-08-18 2186 1938.019 0 0
2026-08-19 2208 1916.721 0 0
2026-08-20 2195 1910.973 0 0
2026-08-21 2155 1959.454 0 0
2026-08-22 2172 1951.152 0 0
2026-08-24 2170 1951.164 0 0
2026-08-25 2150 1958.401 0 0
2026-08-26 2096 2006.611 0 0
