2026-03-11 3361 1004.599 0 0
2026-04-02 3314 1017.326 12.727 1.267
2026-04-03 3320 1010.77 -6.556 -0.644
2026-04-04 3320 1010.77 0 0
2026-04-05 3320 1010.77 0 0
2026-04-06 3321 1010.77 0 0
2026-04-07 3325 1007.093 -3.677 -0.364
2026-04-08 3324 1023.682 16.589 1.647
2026-04-09 3308 1040.863 17.181 1.678
2026-04-10 3310 1038.391 -2.472 -0.237
2026-04-11 3308 1042.006 3.615 0.348
2026-04-12 3308 1042.006 0 0
2026-04-13 3313 1039.067 -2.939 -0.282
2026-04-14 3315 1044.326 5.259 0.506
2026-04-15 3315 1051.847 7.521 0.72
2026-04-16 3322 1053.474 1.627 0.155
2026-04-17 3326 1054.011 0.537 0.051
2026-04-18 3324 1058.139 4.128 0.392
2026-04-19 3324 1058.139 0 0
2026-04-20 3327 1055.844 -2.295 -0.217
2026-04-21 3332 1046.953 -8.891 -0.842
2026-04-22 3340 1037.463 -9.49 -0.906
2026-04-23 3338 1034.671 -2.792 -0.269
2026-04-24 3328 1032.163 -2.508 -0.242
2026-04-25 3331 1031.342 -0.821 -0.08
2026-04-26 3331 1031.342 0 0
2026-04-27 3338 1031.437 0.095 0.009
2026-04-28 3327 1031.777 0.34 0.033
2026-04-29 3346 1021.212 -10.565 -1.024
2026-04-30 3339 1024.143 2.931 0.287
2026-05-01 3335 1027.575 3.432 0.335
2026-05-02 3333 1030.929 3.354 0.326
2026-05-04 3330 1030.159 -0.77 -0.075
2026-05-05 3334 1030.646 0.487 0.047
2026-05-06 3330 1036.43 5.784 0.561
2026-05-07 3336 1043.037 6.607 0.637
2026-05-08 3346 1041.951 -1.086 -0.104
2026-05-09 3346 1041.642 -0.309 -0.03
2026-05-10 3346 1041.642 0 0
2026-05-11 3337 1042.826 1.184 0.114
2026-05-12 3339 1039.141 -3.685 -0.353
2026-05-13 3349 1034.01 -5.131 -0.494
2026-05-14 3342 1036.575 2.565 0.248
2026-05-15 3349 1026.913 -9.662 -0.932
2026-05-16 3350 1022.626 -4.287 -0.417
2026-05-17 3350 1022.626 0 0
2026-05-18 3350 1019.528 -3.098 -0.303
2026-05-19 3347 1022.479 2.951 0.289
2026-05-20 3350 1021.788 -0.691 -0.068
2026-05-21 3355 1024.054 2.266 0.222
2026-05-22 3347 1030.332 6.278 0.613
2026-05-23 3353 1028.823 -1.509 -0.146
2026-05-24 3353 1028.823 0 0
2026-05-26 3350 1030.177 1.354 0.132
2026-05-27 3342 1034.768 4.591 0.446
2026-05-28 3340 1033.808 -0.96 -0.093
2026-05-29 3319 1041.92 8.112 0.785
2026-05-31 3319 1044.322 2.402 0.231
2026-06-01 3336 1034.552 -9.77 -0.936
2026-06-02 3340 1029.746 -4.806 -0.465
2026-06-03 3327 1032.57 2.824 0.274
2026-06-04 3338 1026.386 -6.184 -0.599
2026-06-05 3311 1031.644 5.258 0.512
2026-06-06 3326 1025.151 -6.493 -0.629
2026-06-07 3326 1025.151 0 0
2026-06-08 3299 1034.565 9.414 0.918
2026-06-09 3286 1040.421 5.856 0.566
2026-06-10 3277 1043.458 3.037 0.292
2026-06-11 3278 1040.561 -2.897 -0.278
2026-06-12 3281 1050.691 10.13 0.974
2026-06-13 3272 1055.835 5.144 0.49
2026-06-15 3279 1063.134 7.299 0.691
2026-06-16 3272 1071.644 8.51 0.8
2026-06-17 3263 1071.847 0.203 0.019
2026-06-18 3272 1067.146 -4.701 -0.439
2026-06-19 3284 1056.486 -10.66 -0.999
2026-06-20 3284 1056.486 0 0
2026-06-21 3284 1056.486 0 0
2026-06-23 3277 1052.489 -3.997 -0.378
2026-06-24 3258 1056.573 4.084 0.388
2026-06-25 3262 1052.77 -3.803 -0.36
2026-06-26 3261 1049.487 -3.283 -0.312
2026-06-27 3260 1051.063 1.576 0.15
2026-06-28 3260 1051.063 0 0
2026-06-29 3279 1044.002 -7.061 -0.672
2026-06-30 3280 1045.39 1.388 0.133
2026-07-01 3298 1042.566 -2.824 -0.27
2026-07-02 3296 1044.667 2.101 0.202
2026-07-03 3288 1055.198 10.531 1.008
2026-07-04 3288 1055.198 0 0
2026-07-05 3288 1055.198 0 0
2026-07-06 3294 1049.914 -5.284 -0.501
2026-07-07 3295 1046.141 -3.773 -0.359
2026-07-08 3297 1036.743 -9.398 -0.898
2026-07-09 3300 1031.553 -5.19 -0.501
2026-07-10 3310 1037.147 5.594 0.542
2026-07-11 3317 1036.26 -0.887 -0.086
2026-07-12 3317 1036.26 0 0
2026-07-13 3311 1033.495 -2.765 -0.267
2026-07-14 3330 1023.675 -9.82 -0.95
2026-07-15 3334 1024.011 0.336 0.033
2026-07-16 3331 1025.471 1.46 0.143
2026-07-17 3319 1023.661 -1.81 -0.177
2026-07-18 3317 1023.737 0.076 0.007
2026-07-19 3316 1023.737 0 0
2026-07-20 3320 1022.139 -1.598 -0.156
2026-07-21 3325 1016.227 -5.912 -0.578
2026-07-22 3318 1022.772 6.545 0.644
2026-07-23 3313 1024.478 1.706 0.167
2026-07-24 3307 1025.158 0.68 0.066
2026-07-25 3307 1025.636 0.478 0.047
2026-07-26 3307 1025.636 0 0
2026-07-27 3300 1035.309 9.673 0.943
2026-07-28 3285 1042.371 7.062 0.682
2026-07-29 3284 1042.018 -0.353 -0.034
2026-07-30 3280 1044.324 2.306 0.221
2026-07-31 3282 1051.262 6.938 0.664
2026-08-01 3283 1051.25 -0.012 -0.001
2026-08-02 3283 1051.25 0 0
2026-08-03 3293 1053.563 2.313 0.22
2026-08-04 3301 1057.115 3.552 0.337
2026-08-05 3307 1054.85 -2.265 -0.214
2026-08-06 3291 1064.786 9.936 0.942
2026-08-07 3295 1065.58 0.794 0.075
2026-08-08 3293 1067.394 1.814 0.17
2026-08-09 3293 1067.394 0 0
2026-08-10 3302 1062.844 -4.55 -0.426
2026-08-11 3306 1059.116 -3.728 -0.351
2026-08-12 3300 1062.116 3 0.283
2026-08-13 3308 1060.141 -1.975 -0.186
2026-08-15 3290 1066.213 6.072 0.573
2026-08-16 3290 1066.213 0 0
2026-08-17 3301 1057.277 -8.936 -0.838
2026-08-18 3310 1052.592 -4.685 -0.443
2026-08-19 3313 1047.699 -4.893 -0.465
2026-08-20 3306 1055.688 7.989 0.763
2026-08-21 3319 1054.582 -1.106 -0.105
2026-08-23 3323 1053.336 -1.246 -0.118
2026-08-24 3305 1058.709 5.373 0.51
2026-08-25 3305 1061.519 2.81 0.265
2026-08-26 3314 1062.803 1.284 0.121
2026-08-27 3327 1054.313 -8.49 -0.799
2026-08-28 3322 1054.902 0.589 0.056
2026-08-29 3324 1052.476 -2.426 -0.23
2026-08-30 3324 1052.476 0 0
2026-08-31 3321 1055.223 2.747 0.261
2026-09-01 3321 1055.223 0 0
2026-09-02 3323 1046.896 0 0
