2026-02-25 2947 1172.462 0 0
2026-02-26 2954 1172.441 -0.021 -0.002
2026-02-27 2949 1177.006 4.565 0.389
2026-02-28 2954 1177.006 0 0
2026-03-01 2949 1177.006 0 0
2026-03-02 2799 1294.513 117.507 9.984
2026-03-03 2869 1217.843 -76.67 -5.923
2026-03-04 3023 1091.411 -126.432 -10.382
2026-03-05 2965 1144.545 53.134 4.868
2026-03-06 2998 1120.21 -24.335 -2.126
2026-03-07 2994 1121.075 0.865 0.077
2026-03-08 2994 1121.075 0 0
2026-03-09 3119 1009.158 -111.917 -9.983
2026-03-10  978.721 -30.437 -3.016
2026-03-12 3303 1043.236 64.515 6.592
2026-03-13 3232 1088.082 44.846 4.299
2026-03-14 3228 1084.663 -3.419 -0.314
2026-03-15 3228 1084.663 0 0
2026-03-16 3113 1159.856 75.193 6.932
2026-03-17 3117 1162.751 2.895 0.25
2026-03-18 3047 1202.134 39.383 3.387
2026-03-19 3105 1153.935 -48.199 -4.009
2026-03-20 3221 1083.139 -70.796 -6.135
2026-03-21 3219 1081.498 -1.641 -0.152
2026-03-22 3219 1081.498 0 0
2026-03-23  974.475 -107.023 -9.896
2026-03-28 3272 1035.102 60.627 6.222
2026-03-29 3272 1035.102 0 0
2026-03-30 3289 1025.675 -9.427 -0.911
2026-03-31  973.715 -51.96 -5.066
2026-04-02  982.316 8.601 0.883
2026-04-09 3167 1127.241 144.925 14.753
2026-04-10 3227 1092.829 -34.412 -3.053
2026-04-11 3234 1093.208 0.379 0.035
2026-04-12 3234 1093.208 0 0
2026-04-13 3055 1201.203 107.995 9.879
2026-04-14 2917 1288.248 87.045 7.246
2026-04-15 2888 1313.285 25.037 1.943
2026-04-16 2869 1328.835 15.55 1.184
2026-04-17 2753 1415.279 86.444 6.505
2026-04-18 2756 1412.858 -2.421 -0.171
2026-04-19 2756 1412.858 0 0
2026-04-20 2848 1350.022 -62.836 -4.447
2026-04-21 2750 1416.987 66.965 4.96
2026-04-22 2843 1355.065 -61.922 -4.37
2026-04-23 2959 1263.289 -91.776 -6.773
2026-04-24 2988 1238.954 -24.335 -1.926
2026-04-25 2976 1241.769 2.815 0.227
2026-04-26 2976 1241.769 0 0
2026-04-27 3010 1226.486 -15.283 -1.231
2026-04-28 2827 1351.694 125.208 10.209
2026-04-29 2950 1263.129 -88.565 -6.552
2026-04-30 2944 1275.903 12.774 1.011
2026-05-01 2956 1271.373 -4.53 -0.355
2026-05-02 2956 1271.373 0 0
2026-05-04 2795 1381.432 110.059 8.657
2026-05-05 2840 1354.019 -27.413 -1.984
2026-05-06 2843 1354.019 0 0
2026-05-07 2858 1352.896 -1.123 -0.083
2026-05-08 2896 1319.945 -32.951 -2.436
2026-05-09 2897 1319.861 -0.084 -0.006
2026-05-10 2897 1319.861 0 0
2026-05-11 2875 1339.017 19.156 1.451
2026-05-12 2839 1362.026 23.009 1.718
2026-05-13 2934 1296.301 -65.725 -4.826
2026-05-14 2970 1275.595 -20.706 -1.597
2026-05-15 3005 1240.055 -35.54 -2.786
2026-05-16 3005 1239.269 -0.786 -0.063
2026-05-17 3005 1239.269 0 0
2026-05-18 2998 1235.456 -3.813 -0.308
2026-05-19 2995 1243.825 8.369 0.677
2026-05-20 3042 1213.352 -30.473 -2.45
2026-05-21 3047 1213.027 -0.325 -0.027
2026-05-22 2854 1338.316 125.289 10.329
2026-05-23 2842 1345.794 7.478 0.559
2026-05-24 2842 1345.794 0 0
2026-05-26 2799 1378.246 32.452 2.411
2026-05-27 2778 1392.419 14.173 1.028
2026-05-28 2827 1348.595 -43.824 -3.147
2026-05-29 2799 1376.124 27.529 2.041
2026-05-31 2794 1379.99 3.866 0.281
2026-06-01 2719 1435.65 55.66 4.033
2026-06-02 2816 1360.913 -74.737 -5.206
2026-06-03 2799 1371.22 10.307 0.757
2026-06-04 2856 1318.475 -52.745 -3.847
2026-06-05 2904 1291.748 -26.727 -2.027
2026-06-06 2907 1289.473 -2.275 -0.176
2026-06-07 2907 1289.473 0 0
2026-06-08 3052 1182.653 -106.82 -8.284
2026-06-09 3022 1198.325 15.672 1.325
2026-06-10 3114 1142.405 -55.92 -4.667
2026-06-11 3149 1125.26 -17.145 -1.501
2026-06-12 2995 1217.054 91.794 8.158
2026-06-13 3007 1218.844 1.79 0.147
2026-06-15 2927 1281.592 62.748 5.148
2026-06-16 2906 1299.908 18.316 1.429
2026-06-17 2861 1319.765 19.857 1.528
2026-06-18 2816 1357.961 38.196 2.894
2026-06-19 2813 1358.822 0.861 0.063
2026-06-20 2813 1358.822 0 0
2026-06-21 2813 1358.822 0 0
2026-06-23 2836 1329.276 -29.546 -2.174
2026-06-24 2846 1315.827 -13.449 -1.012
2026-06-25 2845 1316.161 0.334 0.025
2026-06-26 2957 1245.733 -70.428 -5.351
2026-06-27 2962 1243.255 -2.478 -0.199
2026-06-28 2962 1243.255 0 0
2026-06-29 2908 1280.929 37.674 3.03
2026-06-30 2735 1409.949 129.02 10.072
2026-07-01 2825 1341.889 -68.06 -4.827
2026-07-02 2845 1327.781 -14.108 -1.051
2026-07-03 2916 1294.984 -32.797 -2.47
2026-07-04 2916 1294.984 0 0
2026-07-05 2916 1294.984 0 0
2026-07-06 2938 1278.044 -16.94 -1.308
2026-07-07 3016 1211.682 -66.362 -5.192
2026-07-08 2979 1233.784 22.102 1.824
2026-07-09 3002 1217.153 -16.631 -1.348
2026-07-10 3016 1213.468 -3.685 -0.303
2026-07-11 3020 1213.468 0 0
2026-07-12 3020 1213.468 0 0
2026-07-13 3044 1198.533 -14.935 -1.231
2026-07-14 3106 1164.237 -34.296 -2.861
2026-07-15 3085 1180.469 16.232 1.394
2026-07-16 3130 1152.505 -27.964 -2.369
2026-07-17 3271 1054.244 -98.261 -8.526
2026-07-18 3277 1051.362 -2.882 -0.273
2026-07-19 3276 1051.362 0 0
2026-07-20  990.063 -61.299 -5.83
2026-07-22 3304 1031.003 40.94 4.135
2026-07-23 3336 1009.028 -21.975 -2.131
2026-07-24  948.791 -60.237 -5.97
2026-08-06 3356 1016.205 67.414 7.105
2026-08-07  990.418 -25.787 -2.538
2026-08-12 3284 1072.605 82.187 8.298
2026-08-13 3306 1061.592 -11.013 -1.027
2026-08-15 3264 1087.471 25.879 2.438
2026-08-16 3264 1087.471 0 0
2026-08-17 3232 1104.374 16.903 1.554
2026-08-18 3287 1067.026 -37.348 -3.382
2026-08-19 3269 1074.442 7.416 0.695
2026-08-20 3260 1084.138 9.696 0.902
2026-08-21 3272 1082.732 -1.406 -0.13
2026-08-23 3265 1086.776 4.044 0.373
2026-08-24 3282 1073.568 -13.208 -1.215
2026-08-25 3259 1093.156 19.588 1.825
2026-08-26 3203 1125.868 32.712 2.992
2026-08-27 3221 1118.122 -7.746 -0.688
2026-08-28 3176 1153.869 35.747 3.197
2026-08-29 3168 1156.516 2.647 0.229
2026-08-30 3167 1156.516 0 0
2026-08-31 3168 1156.516 0 0
