2026-03-30 2511 1532.863 0 0
2026-03-31 2514 1532.12 -0.743 -0.048
2026-04-01 2442 1604.146 72.026 4.701
2026-04-02 2464 1586.933 -17.213 -1.073
2026-04-03 2460 1586.892 -0.041 -0.003
2026-04-04 2460 1586.892 0 0
2026-04-05 2460 1586.892 0 0
2026-04-06 2460 1586.892 0 0
2026-04-07 2455 1586.973 0.081 0.005
2026-04-08 2416 1650.928 63.955 4.03
2026-04-09 2361 1716.175 65.247 3.952
2026-04-10 2408 1675.281 -40.894 -2.383
2026-04-11 2410 1675.773 0.492 0.029
2026-04-12 2410 1675.773 0 0
2026-04-13 2312 1775.486 99.713 5.95
2026-04-14 2368 1726.087 -49.399 -2.782
2026-04-15 2530 1586.316 -139.771 -8.098
2026-04-16 2477 1639.448 53.132 3.349
2026-04-17 2500 1630.928 -8.52 -0.52
2026-04-18 2503 1630.054 -0.874 -0.054
2026-04-19 2503 1630.054 0 0
2026-04-20 2499 1631.542 1.488 0.091
2026-04-21 2445 1687.873 56.331 3.453
2026-04-22 2513 1603.258 -84.615 -5.013
2026-04-23 2545 1571.395 -31.863 -1.987
2026-04-24 2502 1598.302 26.907 1.712
2026-04-25 2499 1597.935 -0.367 -0.023
2026-04-26 2499 1597.935 0 0
2026-04-27 2462 1651.497 53.562 3.352
2026-04-28 2540 1571.88 -79.617 -4.821
2026-04-29 2568 1549.949 -21.931 -1.395
2026-04-30 2576 1540.866 -9.083 -0.586
2026-05-01 2578 1541.496 0.63 0.041
2026-05-02 2580 1541.181 -0.315 -0.02
2026-05-04 2480 1634.902 93.721 6.081
2026-05-05 2579 1552.03 -82.872 -5.069
2026-05-06 2558 1569.887 17.857 1.151
2026-05-07 2403 1731.597 161.71 10.301
2026-05-08 2450 1687.916 -43.681 -2.523
2026-05-09 2448 1688.369 0.453 0.027
2026-05-10 2448 1688.369 0 0
2026-05-11 2498 1637.748 -50.621 -2.998
2026-05-12 2492 1630.345 -7.403 -0.452
2026-05-13 2502 1613.988 -16.357 -1.003
2026-05-14 2279 1818.947 204.959 12.699
2026-05-15 2485 1619.137 -199.81 -10.985
2026-05-16 2484 1619.633 0.496 0.031
2026-05-17 2484 1619.633 0 0
2026-05-18 2541 1564.554 -55.079 -3.401
2026-05-19 2428 1684.896 120.342 7.692
2026-05-20 2451 1656.193 -28.703 -1.704
2026-05-21 2453 1656.193 0 0
2026-05-22 2551 1563.935 -92.258 -5.57
2026-05-23 2551 1563.495 -0.44 -0.028
2026-05-24 2551 1563.495 0 0
2026-05-26 2538 1578.372 14.877 0.952
2026-05-27 2421 1695.635 117.263 7.429
2026-05-28 2402 1706.634 10.999 0.649
2026-05-29 2552 1569.486 -137.148 -8.036
2026-05-31 2554 1569.025 -0.461 -0.029
2026-06-01 2572 1554.153 -14.872 -0.948
2026-06-02 2543 1571.98 17.827 1.147
2026-06-03 2493 1607.775 35.795 2.277
2026-06-04 2502 1601.765 -6.01 -0.374
2026-06-05 2515 1579.92 -21.845 -1.364
2026-06-06 2510 1579.94 0.02 0.001
2026-06-07 2510 1579.94 0 0
2026-06-08 2444 1623.083 43.143 2.731
2026-06-09 2450 1628.681 5.598 0.345
2026-06-10 2476 1600.298 -28.383 -1.743
2026-06-11 2412 1667.246 66.948 4.183
2026-06-12 2425 1665.802 -1.444 -0.087
2026-06-13 2431 1665.993 0.191 0.011
2026-06-15 2313 1793.917 127.924 7.679
2026-06-16 2222 1878.968 85.051 4.741
2026-06-17 2093 1992.313 113.345 6.032
2026-06-18 2259 1840.194 -152.119 -7.635
2026-06-19 2256 1839.631 -0.563 -0.031
2026-06-20 2256 1839.631 0 0
2026-06-21 2256 1839.631 0 0
2026-06-23 2488 1598.158 -241.473 -13.126
2026-06-24 2367 1706.576 108.418 6.784
2026-06-25 2388 1691.861 -14.715 -0.862
2026-06-26 2369 1709.592 17.731 1.048
2026-06-27 2373 1709.352 -0.24 -0.014
2026-06-28 2373 1709.352 0 0
2026-06-29 2380 1704.893 -4.459 -0.261
2026-06-30 2376 1718.008 13.115 0.769
2026-07-01 2384 1718.205 0.197 0.011
2026-07-02 2573 1554.371 -163.834 -9.535
2026-07-03 2584 1550.091 -4.28 -0.275
2026-07-04 2584 1550.091 0 0
2026-07-05 2584 1550.091 0 0
2026-07-06 2665 1487.671 -62.42 -4.027
2026-07-07 2662 1486.204 -1.467 -0.099
2026-07-08 2699 1431.269 -54.935 -3.696
2026-07-09 2551 1561.131 129.862 9.073
2026-07-10 2595 1531.923 -29.208 -1.871
2026-07-11 2596 1531.317 -0.606 -0.04
2026-07-12 2596 1531.317 0 0
2026-07-13 2595 1522.397 -8.92 -0.583
2026-07-14 2599 1525.779 3.382 0.222
2026-07-15 2571 1549.573 23.794 1.559
2026-07-16 2543 1564.244 14.671 0.947
2026-07-17 2701 1427.356 -136.888 -8.751
2026-07-18 2696 1427.192 -0.164 -0.011
2026-07-19 2695 1427.192 0 0
2026-07-20 2577 1514.905 87.713 6.146
2026-07-21 2587 1520.794 5.889 0.389
2026-07-22 2587 1516.179 -4.615 -0.303
2026-07-23 2571 1525.331 9.152 0.604
2026-07-24 2549 1535.562 10.231 0.671
2026-07-25 2550 1535.405 -0.157 -0.01
2026-07-26 2550 1535.405 0 0
2026-07-27 2535 1560.673 25.268 1.646
2026-07-28 2663 1456.591 -104.082 -6.669
2026-07-29 2669 1453.748 -2.843 -0.195
2026-07-30 2673 1445.315 -8.433 -0.58
2026-07-31 2686 1453.322 8.007 0.554
2026-08-01 2686 1453.73 0.408 0.028
2026-08-02 2686 1453.73 0 0
2026-08-03 2666 1477.513 23.783 1.636
2026-08-04 2659 1495.236 17.723 1.2
2026-08-05 2572 1560.395 65.159 4.358
2026-08-06 2619 1524.612 -35.783 -2.293
2026-08-07 2605 1542.267 17.655 1.158
2026-08-08 2606 1542.109 -0.158 -0.01
2026-08-09 2606 1542.109 0 0
2026-08-10 2559 1580.736 38.627 2.505
2026-08-11 2597 1549.538 -31.198 -1.974
2026-08-12 2525 1610.285 60.747 3.92
2026-08-13 2536 1592.317 -17.968 -1.116
2026-08-15 2606 1544.726 -47.591 -2.989
2026-08-16 2606 1544.726 0 0
2026-08-17 2528 1614.536 69.81 4.519
2026-08-18 2511 1626.895 12.359 0.765
2026-08-19 2614 1533.547 -93.348 -5.738
2026-08-20 2624 1529.713 -3.834 -0.25
2026-08-21 2635 1526.273 -3.44 -0.225
2026-08-23 2638 1526.818 0.545 0.036
2026-08-24 2676 1491.138 -35.68 -2.337
2026-08-25 2648 1517.127 25.989 1.743
2026-08-26 2595 1555.363 38.236 2.52
2026-08-27 2647 1524.156 -31.207 -2.006
2026-08-28 2614 1546.322 22.166 1.454
2026-08-29 2612 1546.224 -0.098 -0.006
2026-08-30 2612 1546.224 0 0
2026-08-31 2586 1565.552 19.328 1.25
2026-09-01 2583 1570.012 0 0
2026-09-02 2426 1717.332 0 0
2026-09-03 2577 1569.792 0 0
2026-09-04 2492 1654.335 0 0
