2026-03-10 3272 1066.967 0 0
2026-03-11 3274 1066.967 0 0
2026-03-12 3269 1066.967 0 0
2026-03-13 3260 1066.967 0 0
2026-03-14 3256 1066.967 0 0
2026-03-15 3256 1066.967 0 0
2026-03-16 3260 1066.967 0 0
2026-03-17 3260 1066.967 0 0
2026-03-18 3260 1066.967 0 0
2026-03-19 3248 1066.967 0 0
2026-03-20 3235 1066.967 0 0
2026-03-21 3235 1066.967 0 0
2026-03-22 3235 1066.967 0 0
2026-03-23 3223 1066.967 0 0
2026-03-24 3228 1066.967 0 0
2026-03-25 3238 1066.967 0 0
2026-03-27 3229 1066.967 0 0
2026-03-28 3227 1066.967 0 0
2026-03-29 3226 1066.967 0 0
2026-03-30 3221 1066.967 0 0
2026-03-31 3226 1066.967 0 0
2026-04-01 3235 1066.967 0 0
2026-04-02 3240 1066.967 0 0
2026-04-03 3234 1066.967 0 0
2026-04-04 3234 1066.967 0 0
2026-04-05 3234 1066.967 0 0
2026-04-06 3234 1066.967 0 0
2026-04-07 3234 1066.967 0 0
2026-04-08 3264 1066.967 0 0
2026-04-09 3272 1066.967 0 0
2026-04-10 3277 1066.967 0 0
2026-04-11 3282 1066.967 0 0
2026-04-12 3282 1066.967 0 0
2026-04-13 3283 1066.967 0 0
2026-04-14 3292 1066.967 0 0
2026-04-15 3300 1066.967 0 0
2026-04-16 3308 1066.967 0 0
2026-04-17 3310 1066.967 0 0
2026-04-18 3312 1066.967 0 0
2026-04-19 3312 1066.967 0 0
2026-04-20 3314 1066.967 0 0
2026-04-21 3313 1066.967 0 0
2026-04-22 3313 1066.967 0 0
2026-04-23 3301 1066.967 0 0
2026-04-24 3291 1066.967 0 0
2026-04-25 3290 1066.967 0 0
2026-04-26 3290 1066.967 0 0
2026-04-27 3293 1066.967 0 0
2026-04-28 3297 1066.967 0 0
2026-04-29 3286 1066.967 0 0
2026-04-30 3286 1066.967 0 0
2026-05-01 3288 1066.967 0 0
2026-05-02 3289 1066.967 0 0
2026-05-04 3291 1066.967 0 0
2026-05-05 3293 1066.967 0 0
2026-05-06 3295 1066.967 0 0
2026-05-07 3305 1066.967 0 0
2026-05-08 3309 1066.967 0 0
2026-05-09 3308 1066.967 0 0
2026-05-10 3308 1066.967 0 0
2026-05-11 3311 1066.967 0 0
2026-05-12 3309 1066.967 0 0
2026-05-13 3314 1066.967 0 0
2026-05-14 3306 1066.967 0 0
2026-05-15 3300 1066.967 0 0
2026-05-16 3298 1066.967 0 0
2026-05-17 3298 1066.967 0 0
2026-05-18 3295 1066.967 0 0
2026-05-19 3297 1066.967 0 0
2026-05-20 3298 1066.967 0 0
2026-05-21 3302 1066.967 0 0
2026-05-22 3299 1066.967 0 0
2026-05-23 3299 1066.967 0 0
2026-05-24 3299 1066.967 0 0
2026-05-26 3308 1066.967 0 0
2026-05-27 3303 1066.967 0 0
2026-05-28 3296 1066.967 0 0
2026-05-29 3297 1066.967 0 0
2026-05-31 3301 1066.967 0 0
2026-06-01 3298 1066.967 0 0
2026-06-02 3290 1066.967 0 0
2026-06-03 3281 1066.967 0 0
2026-06-04 3286 1066.967 0 0
2026-06-05 3273 1066.967 0 0
2026-06-06 3268 1066.967 0 0
2026-06-07 3268 1066.967 0 0
2026-06-08 3255 1066.967 0 0
2026-06-09 3254 1066.967 0 0
2026-06-10 3244 1066.967 0 0
2026-06-11 3235 1066.967 0 0
2026-06-12 3255 1066.967 0 0
2026-06-13 3260 1066.967 0 0
2026-06-15 3275 1066.967 0 0
2026-06-16 3282 1066.967 0 0
2026-06-17 3271 1066.967 0 0
2026-06-18 3273 1066.967 0 0
2026-06-19 3266 1066.967 0 0
2026-06-20 3266 1066.967 0 0
2026-06-21 3266 1066.967 0 0
2026-06-23 3259 1066.967 0 0
2026-06-24 3247 1066.967 0 0
2026-06-25 3239 1066.967 0 0
2026-06-26 3237 1066.967 0 0
2026-06-27 3238 1066.967 0 0
2026-06-28 3238 1066.967 0 0
2026-06-29 3245 1066.967 0 0
2026-06-30 3247 1066.967 0 0
2026-07-01 3255 1066.967 0 0
2026-07-02 3255 1066.967 0 0
2026-07-03 3265 1066.967 0 0
2026-07-04 3265 1066.967 0 0
2026-07-05 3265 1066.967 0 0
2026-07-06 3268 1066.967 0 0
2026-07-07 3264 1066.967 0 0
2026-07-08 3255 1066.967 0 0
2026-07-09 3255 1066.967 0 0
2026-07-10 3271 1066.967 0 0
2026-07-11 3275 1066.967 0 0
2026-07-12 3275 1066.967 0 0
2026-07-13 3259 1066.967 0 0
2026-07-14 3263 1066.967 0 0
2026-07-15 3268 1066.967 0 0
2026-07-16 3270 1066.967 0 0
2026-07-17 3251 1066.967 0 0
2026-07-18 3246 1066.967 0 0
2026-07-19 3245 1066.967 0 0
2026-07-20 3240 1066.967 0 0
2026-07-21 3258 1066.967 0 0
2026-07-22 3247 1066.967 0 0
2026-07-23 3249 1066.967 0 0
2026-07-24 3238 1066.967 0 0
2026-07-25 3237 1066.967 0 0
2026-07-26 3237 1066.967 0 0
2026-07-27 3253 1066.967 0 0
2026-07-28 3252 1066.967 0 0
2026-07-29 3254 1066.967 0 0
2026-07-30 3254 1066.967 0 0
2026-07-31 3265 1066.967 0 0
2026-08-01 3268 1066.967 0 0
2026-08-02 3268 1066.967 0 0
2026-08-03 3282 1066.967 0 0
2026-08-04 3287 1066.967 0 0
2026-08-05 3293 1066.967 0 0
2026-08-06 3288 1066.967 0 0
2026-08-07 3293 1066.967 0 0
2026-08-08 3295 1066.967 0 0
2026-08-09 3295 1066.967 0 0
2026-08-10 3296 1066.967 0 0
2026-08-11 3295 1066.967 0 0
2026-08-12 3294 1066.967 0 0
2026-08-13 3293 1066.967 0 0
2026-08-15 3288 1066.967 0 0
2026-08-16 3288 1066.967 0 0
2026-08-17 3289 1066.967 0 0
2026-08-18 3288 1066.967 0 0
2026-08-19 3281 1066.967 0 0
2026-08-20 3290 1066.967 0 0
2026-08-21 3297 1066.967 0 0
2026-08-23 3298 1066.967 0 0
2026-08-24 3291 1066.967 0 0
2026-08-25 3298 1066.967 0 0
2026-08-26 3306 1066.967 0 0
2026-08-27 3310 1066.967 0 0
2026-08-28 3305 1066.967 0 0
2026-08-29 3305 1066.967 0 0
2026-08-30 3305 1066.967 0 0
2026-08-31 3303 1066.967 0 0
