<<<<<<< HEAD
2026-05-07 3066 1207.493 0 0
2026-05-08 3096 1188.676 -18.817 -1.558
2026-05-09 3088 1195.824 7.148 0.601
2026-05-10 3088 1195.824 0 0
2026-05-11 3093 1195.824 0 0
2026-05-12 3056 1208.775 12.951 1.083
2026-05-13 3061 1211.057 2.282 0.189
2026-05-14 3040 1219.75 8.693 0.718
2026-05-15 3050 1211.201 -8.549 -0.701
2026-05-16 3066 1201.276 -9.925 -0.819
2026-05-17 3066 1201.276 0 0
2026-05-18 3070 1201.276 0 0
2026-05-19 3065 1202.375 1.099 0.091
2026-05-20 3079 1188.6 -13.775 -1.146
2026-05-21 3090 1182.054 -6.546 -0.551
2026-05-22 3097 1182.054 0 0
2026-05-23 3095 1184.316 2.262 0.191
2026-05-24 3096 1184.316 0 0
2026-05-26 3099 1184.316 0 0
2026-05-27 3098 1181.986 -2.33 -0.197
2026-05-28 3077 1192.556 10.57 0.894
2026-05-29 3075 1199.351 6.795 0.57
2026-05-31 3092 1187.419 -11.932 -0.995
2026-06-01 3092 1187.419 0 0
2026-06-02 3065 1201.48 14.061 1.184
2026-06-03 3059 1198.281 -3.199 -0.266
2026-06-04 3041 1205.306 7.025 0.586
2026-06-05 3036 1201.657 -3.649 -0.303
2026-06-06 3044 1190.807 -10.85 -0.903
2026-06-07 3044 1190.807 0 0
2026-06-08 3034 1190.807 0 0
2026-06-09 3051 1180.388 -10.419 -0.875
2026-06-10 3050 1179.68 -0.708 -0.06
2026-06-11 3044 1183.443 3.763 0.319
2026-06-12 3072 1176.352 -7.091 -0.599
2026-06-13 3056 1186.177 9.825 0.835
2026-06-15 3075 1186.177 0 0
2026-06-16 3096 1174.531 -11.646 -0.982
2026-06-17 3103 1169.657 -4.874 -0.415
2026-06-18 3121 1160.647 -9.01 -0.77
2026-06-19 3122 1155.974 -4.673 -0.403
2026-06-20 3122 1155.974 0 0
2026-06-21 3122 1155.974 0 0
2026-06-23 3114 1156.343 0.369 0.032
2026-06-24 3110 1158.508 2.165 0.187
2026-06-25 3102 1157.362 -1.146 -0.099
2026-06-26 3087 1167.966 10.604 0.916
2026-06-27 3069 1175.86 7.894 0.676
2026-06-28 3069 1175.86 0 0
2026-06-29 3075 1175.86 0 0
2026-06-30 3080 1176.809 0.949 0.081
2026-07-01 3085 1176.745 -0.064 -0.005
2026-07-02 3094 1170.935 -5.81 -0.494
2026-07-03 3088 1183.583 12.648 1.08
2026-07-04 3088 1183.583 0 0
2026-07-05 3088 1183.583 0 0
2026-07-06 3091 1183.583 0 0
2026-07-07 3063 1191.171 7.588 0.641
2026-07-08 3047 1196.567 5.396 0.453
2026-07-09 3044 1199.65 3.083 0.258
2026-07-10 3062 1189.407 -10.243 -0.854
2026-07-11 3047 1203.707 14.3 1.202
2026-07-12 3047 1203.707 0 0
2026-07-13 3027 1203.707 0 0
2026-07-14 3002 1212.753 9.046 0.752
2026-07-15 3028 1207.399 -5.354 -0.441
2026-07-16 3035 1205.361 -2.038 -0.169
2026-07-17 2985 1216.752 11.391 0.945
2026-07-18 2962 1231.104 14.352 1.18
2026-07-19 2961 1231.104 0 0
2026-07-20 2959 1231.104 0 0
2026-07-21 2969 1229.96 -1.144 -0.093
2026-07-22 2971 1231.795 1.835 0.149
2026-07-23 2953 1244.145 12.35 1.003
2026-07-24 2952 1238.873 -5.272 -0.424
2026-07-25 2948 1240.437 1.564 0.126
2026-07-26 2948 1240.437 0 0
2026-07-27 2967 1240.437 0 0
2026-07-28 2985 1222.321 -18.116 -1.46
2026-07-29 2979 1229.005 6.684 0.547
2026-07-30 2993 1216.847 -12.158 -0.989
2026-07-31 3029 1207.671 -9.176 -0.754
2026-08-01 3103 1162.16 -45.511 -3.768
2026-08-02 3103 1162.16 0 0
2026-08-03 3109 1162.16 0 0
2026-08-04 3139 1148.105 -14.055 -1.209
2026-08-05 3129 1161.043 12.938 1.127
2026-08-06 3137 1154.474 -6.569 -0.566
2026-08-07 3153 1151.916 -2.558 -0.222
2026-08-08 3160 1148.957 -2.959 -0.257
2026-08-09 3160 1148.957 0 0
2026-08-10 3163 1148.957 0 0
2026-08-11 3162 1148.957 0 0
2026-08-12 3144 1159.702 10.745 0.935
2026-08-13 3159 1154.694 -5.008 -0.432
=======
2026-05-08 3077 1207.493 0 0
2026-05-09 3104 1188.676 0 0
2026-05-10 3096 1195.824 0 0
2026-05-11 3097 1195.824 0 0
2026-05-12 3102 1195.824 0 0
2026-05-13 3064 1208.775 0 0
2026-05-14 3063 1211.057 0 0
2026-05-15 3048 1219.75 0 0
2026-05-16 3058 1211.201 0 0
2026-05-17 3074 1201.276 0 0
2026-05-18 3074 1201.276 0 0
2026-05-19 3073 1201.276 0 0
2026-05-20 3069 1202.375 0 0
2026-05-21 3091 1188.6 0 0
2026-05-22 3103 1182.054 0 0
2026-05-23 3105 1182.054 0 0
2026-05-24 3103 1184.316 0 0
2026-05-25 3105 1184.316 0 0
2026-05-26 3103 1184.316 0 0
2026-05-27 3105 1184.316 0 0
2026-05-28 3104 1181.986 0 0
2026-05-29 3090 1192.556 0 0
2026-05-30 3083 1199.351 0 0
2026-05-31 3100 1187.419 0 0
2026-06-01 3105 1187.419 0 0
2026-06-02 3086 1187.419 0 0
2026-06-03 3072 1201.48 0 0
2026-06-04 3060 1198.281 0 0
2026-06-05 3043 1205.306 0 0
2026-06-06 3044 1201.657 0 0
2026-06-07 3052 1190.807 0 0
2026-06-09 3042 1190.807 0 0
2026-06-10 3054 1180.388 0 0
2026-06-11 3057 1179.68 0 0
2026-06-12 3059 1183.443 0 0
2026-06-13 3080 1176.352 0 0
2026-06-14 3064 1186.177 0 0
2026-06-16 3077 1186.177 0 0
2026-06-17 3100 1174.531 0 0
2026-06-18 3107 1169.657 0 0
2026-06-19 3129 1160.647 0 0
2026-06-20 3130 1155.974 0 0
2026-06-21 3130 1155.974 0 0
2026-06-22 3128 1155.974 0 0
2026-06-23 3128 1155.974 0 0
2026-06-24 3118 1156.343 0 0
2026-06-25 3113 1158.508 0 0
2026-06-26 3097 1157.362 0 0
2026-06-27 3095 1167.966 0 0
2026-06-28 3077 1175.86 0 0
2026-06-29 3078 1175.86 0 0
2026-06-30 3084 1175.86 0 0
2026-07-01 3090 1176.809 0 0
2026-07-02 3099 1176.745 0 0
2026-07-03 3110 1170.935 0 0
2026-07-04 3096 1183.583 0 0
2026-07-05 3096 1183.583 0 0
2026-07-06 3099 1183.583 0 0
2026-07-07 3091 1183.583 0 0
2026-07-08 3067 1191.171 0 0
2026-07-09 3044 1196.567 0 0
2026-07-10 3058 1199.65 0 0
2026-07-11 3070 1189.407 0 0
2026-07-12 3055 1203.707 0 0
2026-07-13 3042 1203.707 0 0
2026-07-14 3039 1203.707 0 0
2026-07-15 3014 1212.753 0 0
2026-07-16 3042 1207.399 0 0
2026-07-17 3036 1205.361 0 0
2026-07-18 2993 1216.752 0 0
2026-07-19 2970 1231.104 0 0
2026-07-20 2970 1231.104 0 0
2026-07-21 2967 1231.104 0 0
2026-07-22 2980 1229.96 0 0
2026-07-23 2981 1231.795 0 0
2026-07-24 2956 1244.145 0 0
2026-07-25 2960 1238.873 0 0
2026-07-26 2956 1240.437 0 0
2026-07-27 2967 1240.437 0 0
2026-07-28 2973 1240.437 0 0
2026-07-29 2994 1222.321 0 0
2026-07-30 2982 1229.005 0 0
2026-07-31 3008 1216.847 0 0
2026-08-01 3037 1207.671 0 0
2026-08-02 3111 1162.16 0 0
2026-08-03 3111 1162.16 0 0
2026-08-04 3125 1162.16 0 0
2026-08-05 3154 1148.105 0 0
2026-08-06 3135 1161.043 0 0
2026-08-07 3144 1154.474 0 0
2026-08-08 3161 1151.916 0 0
2026-08-09 3168 1148.957 0 0
2026-08-10 3170 1148.957 0 0
2026-08-11 3166 1148.957 0 0
2026-08-12 3174 1148.957 0 0
2026-08-13 3153 1159.702 0 0
2026-08-14 3165 1154.694 0 0
>>>>>>> 2b550085baac25c543016ca743053a87bf115d5d
2026-08-15 3149 1159.811 0 0
2026-08-16 3143 1165.312 0 0
2026-08-17 3143 1165.312 0 0
2026-08-18 3143 1165.312 0 0
2026-08-19 3142 1167.818 0 0
2026-08-20 3116 1178.239 0 0
2026-08-21 3113 1180.598 0 0
2026-08-22 3108 1189.862 0 0
2026-08-24 3106 1193.378 0 0
2026-08-25 3101 1193.378 0 0
2026-08-26 3112 1188.14 0 0
2026-08-27 3110 1193.852 0 0
2026-08-28 3116 1194.664 0 0
