2026-03-10 3252 1079.028 0 0
2026-03-11 3302 1047.988 -31.04 -2.877
2026-03-12 3290 1053.677 5.689 0.543
2026-03-13 3242 1080.116 26.439 2.509
2026-03-14 3240 1078.278 -1.838 -0.17
2026-03-15 3240 1078.278 0 0
2026-03-16 3231 1085.187 6.909 0.641
2026-03-17 3201 1105.979 20.792 1.916
2026-03-18 3202 1108.283 2.304 0.208
2026-03-19 3242 1069.597 -38.686 -3.491
2026-03-20 3234 1067.123 -2.474 -0.231
2026-03-21 3234 1067.429 0.306 0.029
2026-03-22 3234 1067.429 0 0
2026-03-23 3144 1118.532 51.103 4.787
2026-03-24 3214 1075.981 -42.551 -3.804
2026-03-25 3225 1077.896 1.915 0.178
2026-03-27 3242 1060.686 -17.21 -1.597
2026-03-28 3243 1058.004 -2.682 -0.253
2026-03-29 3243 1058.004 0 0
2026-03-30 3216 1069.449 11.445 1.082
2026-03-31 3223 1069.201 -0.248 -0.023
2026-04-01 3215 1083.831 14.63 1.368
2026-04-02 3216 1079.258 -4.573 -0.422
2026-04-03 3231 1071.068 -8.19 -0.759
2026-04-04 3231 1071.068 0 0
2026-04-05 3231 1071.068 0 0
2026-04-06 3189 1097.944 26.876 2.509
2026-04-07 3240 1063.518 -34.426 -3.135
2026-04-08 3230 1084.629 21.111 1.985
2026-04-09 3243 1083.341 -1.288 -0.119
2026-04-10 3104 1166.454 83.113 7.672
2026-04-11 3116 1163.987 -2.467 -0.211
2026-04-12 3116 1163.987 0 0
2026-04-13 3160 1142.347 -21.64 -1.859
2026-04-14 3082 1190.122 47.775 4.182
2026-04-15 3105 1185.51 -4.612 -0.388
2026-04-16 3112 1180.202 -5.308 -0.448
2026-04-17 3037 1227.53 47.328 4.01
2026-04-18 3044 1225.234 -2.296 -0.187
2026-04-19 3044 1225.234 0 0
2026-04-20 3058 1219.562 -5.672 -0.463
2026-04-21 3091 1196.224 -23.338 -1.914
2026-04-22 3066 1210.614 14.39 1.203
2026-04-23 3057 1209.573 -1.041 -0.086
2026-04-24 3055 1206.264 -3.309 -0.274
2026-04-25 3058 1203.499 -2.765 -0.229
2026-04-26 3058 1203.499 0 0
2026-04-27 3058 1201.239 -2.26 -0.188
2026-04-28 3104 1171.915 -29.324 -2.441
2026-04-29 3085 1184.635 12.72 1.085
2026-04-30 3091 1180.84 -3.795 -0.32
2026-05-01 3099 1177.84 -3 -0.254
2026-05-02 3103 1177.992 0.152 0.013
2026-05-04 3116 1165.603 -12.389 -1.052
2026-05-05 3032 1214.524 48.921 4.197
2026-05-06 2995 1243.79 29.266 2.41
2026-05-07 2997 1253.449 9.659 0.777
2026-05-08 3004 1251.521 -1.928 -0.154
2026-05-09 3007 1248.312 -3.209 -0.256
2026-05-10 3007 1248.312 0 0
<<<<<<< HEAD
2026-05-11 3129 1179.896 -68.416 -5.481
2026-05-12 3200 1133.639 -46.257 -3.92
2026-05-13 3175 1143.126 9.487 0.837
2026-05-14 3143 1161.736 18.61 1.628
2026-05-15 3174 1138.936 -22.8 -1.963
2026-05-16 3175 1136.133 -2.803 -0.246
2026-05-17 3175 1136.133 0 0
2026-05-18 3241 1097.033 -39.1 -3.441
2026-05-19 3247 1096.193 -0.84 -0.077
2026-05-20 3236 1103.01 6.817 0.622
2026-05-21 3240 1102.465 -0.545 -0.049
2026-05-22 3230 1104.139 1.674 0.152
2026-05-23 3239 1100.755 -3.384 -0.306
2026-05-24 3239 1100.755 0 0
2026-05-26 3213 1117.997 17.242 1.566
2026-05-27 3220 1113.918 -4.079 -0.365
2026-05-28 3217 1114.01 0.092 0.008
2026-05-29 3217 1114.076 0.066 0.006
2026-05-31 3220 1114.238 0.162 0.015
2026-06-01 3257 1092.064 -22.174 -1.99
2026-06-02 3239 1099.528 7.464 0.683
2026-06-03 3291 1062.458 -37.07 -3.371
2026-06-04 3306 1051.205 -11.253 -1.059
2026-06-05 3309 1033.262 -17.943 -1.707
2026-06-06 3315 1030.628 -2.634 -0.255
2026-06-07 3315 1030.628 0 0
2026-06-08 3277 1048.293 17.665 1.714
2026-06-09 3267 1061.15 12.857 1.226
2026-06-10 3290 1034.821 -26.329 -2.481
2026-06-11 3309 1023.394 -11.427 -1.104
2026-06-12 3317 1025.206 1.812 0.177
2026-06-13 3329 1022.775 -2.431 -0.237
2026-06-15 3282 1056.868 34.093 3.333
2026-06-16 3322 1035.069 -21.799 -2.063
2026-06-17 3338 1018.165 -16.904 -1.633
2026-06-18 3312 1035.895 17.73 1.741
2026-06-19 3312 1034.175 -1.72 -0.166
2026-06-20 3312 1034.175 0 0
2026-06-21 3312 1034.175 0 0
2026-06-23  987.218 -46.957 -4.541
2026-07-02 3352 1003.618 16.4 1.661
2026-07-03 3340 1020.984 17.366 1.73
2026-07-04 3340 1020.984 0 0
2026-07-05 3340 1020.984 0 0
2026-07-06  992.109 -28.875 -2.828
=======
2026-05-11 3008 1248.312 0 0
2026-05-12 3121 1179.896 0 0
2026-05-13 3198 1133.639 0 0
2026-05-14 3167 1143.126 0 0
2026-05-15 3145 1161.736 0 0
2026-05-16 3174 1138.936 0 0
2026-05-17 3175 1136.133 0 0
2026-05-18 3165 1136.133 0 0
2026-05-19 3246 1097.033 0 0
2026-05-20 3244 1096.193 0 0
2026-05-21 3236 1103.01 0 0
2026-05-22 3302 1062.852 0 0
2026-05-23 3230 1104.139 0 0
2026-05-24 3239 1100.755 0 0
2026-05-25 3239 1100.755 0 0
2026-05-26 3235 1101.311 0 0
2026-05-27 3209 1117.997 0 0
2026-05-28 3217 1113.918 0 0
2026-05-29 3222 1114.01 0 0
2026-05-30 3217 1114.076 0 0
2026-05-31 3220 1114.238 0 0
2026-06-01 3217 1114.238 0 0
2026-06-02 3254 1092.064 0 0
2026-06-03 3235 1099.528 0 0
2026-06-04 3287 1062.458 0 0
2026-06-05 3306 1051.205 0 0
2026-06-06 3309 1033.262 0 0
2026-06-07 3315 1030.628 0 0
2026-06-09 3278 1048.293 0 0
2026-06-10 3260 1061.15 0 0
2026-06-11 3286 1034.821 0 0
2026-06-12 3315 1023.394 0 0
2026-06-13 3317 1025.206 0 0
2026-06-14 3329 1022.775 0 0
2026-06-16 3283 1056.868 0 0
2026-06-17 3318 1035.069 0 0
2026-06-18 3336 1018.165 0 0
2026-06-19 3312 1035.895 0 0
2026-06-20 3312 1034.175 0 0
2026-06-21 3312 1034.175 0 0
2026-06-22 3312 1034.175 0 0
2026-06-23 3335 1015.551 0 0
2026-06-24 3365 987.218 0 0
2026-07-03 3353 1003.618 0 0
2026-07-04 3340 1020.984 0 0
2026-07-05 3340 1020.984 0 0
2026-07-06 3332 1020.984 0 0
2026-07-07 3375 992.109 0 0
>>>>>>> 2b550085baac25c543016ca743053a87bf115d5d
