2026-03-10 3322 1029.552 0 0
2026-03-11 3360 1005.358 -24.194 -2.35
2026-03-12  963.845 -41.513 -4.129
2026-04-01 3333 1001.745 37.9 3.932
2026-04-02 3327 1011.873 10.128 1.011
2026-04-03 3322 1009.779 -2.094 -0.207
2026-04-04 3322 1009.779 0 0
2026-04-05 3322 1009.779 0 0
2026-04-06 3335 1005.78 -3.999 -0.396
2026-04-07 3334 1004.807 -0.973 -0.097
2026-04-08 3309 1032.059 27.252 2.712
2026-04-09 3310 1040.177 8.118 0.787
2026-04-10 3312 1037.361 -2.816 -0.271
2026-04-11 3315 1036.833 -0.528 -0.051
2026-04-12 3315 1036.833 0 0
2026-04-13 3281 1070.209 33.376 3.219
2026-04-14 3218 1111.632 41.423 3.871
2026-04-15 3185 1138.584 26.952 2.425
2026-04-16 3213 1124.164 -14.42 -1.266
2026-04-17 3187 1141.815 17.651 1.57
2026-04-18 3187 1145.023 3.208 0.281
2026-04-19 3187 1145.023 0 0
2026-04-20 3196 1141.904 -3.119 -0.272
2026-04-21 3200 1135.104 -6.8 -0.595
2026-04-22 3206 1133.192 -1.912 -0.168
2026-04-23 3219 1114.347 -18.845 -1.663
2026-04-24 3215 1112.685 -1.662 -0.149
2026-04-25 3213 1112.174 -0.511 -0.046
2026-04-26 3213 1112.174 0 0
2026-04-27 3249 1094.793 -17.381 -1.563
2026-04-28 3258 1086.939 -7.854 -0.717
2026-04-29 3293 1061.161 -25.778 -2.372
2026-04-30 3218 1102.983 41.822 3.941
2026-05-01 3210 1108.92 5.937 0.538
2026-05-02 3209 1111.286 2.366 0.213
2026-05-04 3222 1106.072 -5.214 -0.469
2026-05-05 3196 1125.245 19.173 1.733
2026-05-06 3177 1139.62 14.375 1.277
2026-05-07 3191 1140.216 0.596 0.052
2026-05-08 3179 1156.78 16.564 1.453
2026-05-09 3180 1153.068 -3.712 -0.321
2026-05-10 3180 1153.068 0 0
<<<<<<< HEAD
2026-05-11 3211 1134.219 -18.849 -1.635
2026-05-12 3204 1130.079 -4.14 -0.365
2026-05-13 3239 1108.494 -21.585 -1.91
2026-05-14 3140 1163.349 54.855 4.949
2026-05-15 3217 1117.843 -45.506 -3.912
2026-05-16 3211 1115.994 -1.849 -0.165
2026-05-17 3211 1115.994 0 0
2026-05-18 3205 1119.34 3.346 0.3
2026-05-19 3264 1087.721 -31.619 -2.825
2026-05-20 3219 1110.52 22.799 2.096
2026-05-21 3222 1112.482 1.962 0.177
2026-05-22 3210 1117.736 5.254 0.472
2026-05-23 3215 1112.721 -5.015 -0.449
2026-05-24 3215 1112.721 0 0
2026-05-26 3184 1131.122 18.401 1.654
2026-05-27 3188 1131.353 0.231 0.02
2026-05-28 3193 1127.588 -3.765 -0.333
2026-05-29 3215 1117.377 -10.211 -0.906
2026-05-31 3211 1120.041 2.664 0.238
2026-06-01 3208 1117.005 -3.036 -0.271
2026-06-02 3208 1116.168 -0.837 -0.075
2026-06-03 3270 1074.435 -41.733 -3.739
2026-06-04 3211 1102.087 27.652 2.574
2026-06-05 3234 1091.701 -10.386 -0.942
2026-06-06 3233 1090.281 -1.42 -0.13
2026-06-07 3233 1090.281 0 0
2026-06-08 3232 1083.477 -6.804 -0.624
2026-06-09 3169 1111.913 28.436 2.625
2026-06-10 3210 1087.932 -23.981 -2.157
2026-06-11 3180 1101.138 13.206 1.214
2026-06-12 3192 1103.234 2.096 0.19
2026-06-13 3196 1106.336 3.102 0.281
2026-06-15 3183 1122.273 15.937 1.441
2026-06-16 3182 1123.146 0.873 0.078
2026-06-17 3197 1109.554 -13.592 -1.21
2026-06-18 3213 1099.869 -9.685 -0.873
2026-06-19 3218 1094.508 -5.361 -0.487
2026-06-20 3218 1094.508 0 0
2026-06-21 3218 1094.508 0 0
2026-06-23 3228 1083.894 -10.614 -0.97
2026-06-24 3267 1052.618 -31.276 -2.886
2026-06-25 3267 1048.647 -3.971 -0.377
2026-06-26 3263 1048.282 -0.365 -0.035
2026-06-27 3267 1048.456 0.174 0.017
2026-06-28 3267 1048.456 0 0
2026-06-29 3296 1031.87 -16.586 -1.582
2026-06-30 3284 1044.242 12.372 1.199
2026-07-01 3287 1048.197 3.955 0.379
2026-07-02 3262 1063.748 15.551 1.484
2026-07-03 3269 1065.099 1.351 0.127
2026-07-04 3269 1065.099 0 0
2026-07-05 3269 1065.099 0 0
2026-07-06 3247 1082.291 17.192 1.614
2026-07-07 3247 1075.575 -6.716 -0.621
2026-07-08 3277 1051.947 -23.628 -2.197
2026-07-09 3269 1059.429 7.482 0.711
2026-07-10 3250 1075.311 15.882 1.499
2026-07-11 3258 1076.618 1.307 0.122
2026-07-12 3258 1076.618 0 0
2026-07-13 3253 1068.309 -8.309 -0.772
2026-07-14 3247 1073.46 5.151 0.482
2026-07-15 3213 1099.547 26.087 2.43
2026-07-16 3209 1099.728 0.181 0.016
2026-07-17 3222 1080.238 -19.49 -1.772
2026-07-18 3218 1081.433 1.195 0.111
2026-07-19 3217 1081.433 0 0
2026-07-20 3264 1055.036 -26.397 -2.441
2026-07-21 3283 1047.964 -7.072 -0.67
2026-07-22 3293 1036.864 -11.1 -1.059
2026-07-23 3316 1022.238 -14.626 -1.411
2026-07-24 3288 1034.816 12.578 1.23
2026-07-25 3286 1035.101 0.285 0.028
2026-07-26 3286 1035.101 0 0
2026-07-27 3279 1049.619 14.518 1.403
2026-07-28 3268 1055.978 6.359 0.606
2026-07-29 3295 1036.312 -19.666 -1.862
2026-07-30 3283 1043.977 7.665 0.74
2026-07-31 3275 1059.725 15.748 1.508
2026-08-01 3279 1059.085 -0.64 -0.06
2026-08-02 3279 1059.085 0 0
2026-08-03 3271 1070.03 10.945 1.033
2026-08-04 3194 1119.709 49.679 4.643
2026-08-05 3209 1115.98 -3.729 -0.333
2026-08-06 3218 1111.139 -4.841 -0.434
2026-08-07 3227 1105.301 -5.838 -0.525
2026-08-08 3225 1110.138 4.837 0.438
2026-08-09 3225 1110.138 0 0
2026-08-10 3226 1114.706 4.568 0.411
2026-08-11 3190 1136.401 21.695 1.946
2026-08-12 3194 1132.803 -3.598 -0.317
2026-08-13 3177 1145.625 12.822 1.132
=======
2026-05-11 3181 1153.068 0 0
2026-05-12 3208 1134.219 0 0
2026-05-13 3206 1130.079 0 0
2026-05-14 3233 1108.494 0 0
2026-05-15 3144 1163.349 0 0
2026-05-16 3217 1117.843 0 0
2026-05-17 3211 1115.994 0 0
2026-05-18 3202 1115.994 0 0
2026-05-19 3206 1119.34 0 0
2026-05-20 3261 1087.721 0 0
2026-05-21 3220 1110.52 0 0
2026-05-22 3203 1119.113 0 0
2026-05-23 3210 1117.736 0 0
2026-05-24 3215 1112.721 0 0
2026-05-25 3212 1112.721 0 0
2026-05-26 3192 1126.352 0 0
2026-05-27 3180 1131.122 0 0
2026-05-28 3187 1131.353 0 0
2026-05-29 3197 1127.588 0 0
2026-05-30 3215 1117.377 0 0
2026-05-31 3211 1120.041 0 0
2026-06-01 3205 1120.041 0 0
2026-06-02 3207 1117.005 0 0
2026-06-03 3206 1116.168 0 0
2026-06-04 3263 1074.435 0 0
2026-06-05 3216 1102.087 0 0
2026-06-06 3234 1091.701 0 0
2026-06-07 3233 1090.281 0 0
2026-06-09 3228 1083.477 0 0
2026-06-10 3166 1111.913 0 0
2026-06-11 3202 1087.932 0 0
2026-06-12 3190 1101.138 0 0
2026-06-13 3192 1103.234 0 0
2026-06-14 3196 1106.336 0 0
2026-06-16 3173 1122.273 0 0
2026-06-17 3182 1123.146 0 0
2026-06-18 3193 1109.554 0 0
2026-06-19 3209 1099.869 0 0
2026-06-20 3218 1094.508 0 0
2026-06-21 3218 1094.508 0 0
2026-06-22 3212 1094.508 0 0
2026-06-23 3224 1088.482 0 0
2026-06-24 3225 1083.894 0 0
2026-06-25 3267 1052.618 0 0
2026-06-26 3260 1048.647 0 0
2026-06-27 3263 1048.282 0 0
2026-06-28 3267 1048.456 0 0
2026-06-29 3273 1048.456 0 0
2026-06-30 3299 1031.87 0 0
2026-07-01 3291 1044.242 0 0
2026-07-02 3286 1048.197 0 0
2026-07-03 3263 1063.748 0 0
2026-07-04 3269 1065.099 0 0
2026-07-05 3269 1065.099 0 0
2026-07-06 3269 1065.099 0 0
2026-07-07 3246 1082.291 0 0
2026-07-08 3244 1075.575 0 0
2026-07-09 3276 1051.947 0 0
2026-07-10 3275 1059.429 0 0
2026-07-11 3250 1075.311 0 0
2026-07-12 3258 1076.618 0 0
2026-07-13 3252 1076.618 0 0
2026-07-14 3252 1068.309 0 0
2026-07-15 3251 1073.46 0 0
2026-07-16 3214 1099.547 0 0
2026-07-17 3199 1099.728 0 0
2026-07-18 3222 1080.238 0 0
2026-07-19 3218 1081.433 0 0
2026-07-20 3218 1081.433 0 0
2026-07-21 3269 1055.036 0 0
2026-07-22 3279 1047.964 0 0
2026-07-23 3292 1036.864 0 0
2026-07-24 3311 1022.238 0 0
2026-07-25 3288 1034.816 0 0
2026-07-26 3286 1035.101 0 0
2026-07-27 3296 1035.101 0 0
2026-07-28 3271 1049.619 0 0
2026-07-29 3270 1055.978 0 0
2026-07-30 3292 1036.312 0 0
2026-07-31 3286 1043.977 0 0
2026-08-01 3275 1059.725 0 0
2026-08-02 3279 1059.085 0 0
2026-08-03 3284 1059.085 0 0
2026-08-04 3269 1070.03 0 0
2026-08-05 3201 1119.709 0 0
2026-08-06 3211 1115.98 0 0
2026-08-07 3215 1111.139 0 0
2026-08-08 3227 1105.301 0 0
2026-08-09 3225 1110.138 0 0
2026-08-10 3225 1110.138 0 0
2026-08-11 3227 1114.706 0 0
2026-08-12 3194 1136.401 0 0
2026-08-13 3193 1132.803 0 0
2026-08-14 3176 1145.625 0 0
>>>>>>> 2b550085baac25c543016ca743053a87bf115d5d
2026-08-15 3226 1109.953 0 0
2026-08-16 3222 1113.761 0 0
2026-08-17 3222 1113.761 0 0
2026-08-18 3270 1085.365 0 0
2026-08-19 3282 1069.71 0 0
2026-08-20 3278 1069.612 0 0
2026-08-21 3310 1051.8 0 0
2026-08-22 3308 1061.951 0 0
2026-08-24 3311 1062.357 0 0
2026-08-25 3282 1072.034 0 0
2026-08-26 3290 1070.801 0 0
2026-08-27 3314 1063.773 0 0
2026-08-28 3324 1054.87 0 0
2026-08-29 3319 1057.163 0 0
2026-08-30 3320 1056.015 0 0
