2025-11-21 2820 1187.034 0 0
2025-11-22 2813 1187.034 0 0
2025-11-23 2816 1187.034 0 0
2025-11-24 2751 1229.458 42.424 3.574
2025-11-25 2797 1208.282 -21.176 -1.722
2025-11-26 2711 1275.589 67.307 5.57
2025-11-27 2712 1275.589 0 0
2025-11-28 2685 1299.475 23.886 1.873
2025-11-29 2685 1299.475 0 0
2025-11-30 2685 1299.475 0 0
2025-12-01 2624 1353.805 54.33 4.181
2025-12-02 2845 1195.163 -158.642 -11.718
2025-12-03 2739 1263.325 68.162 5.703
2025-12-04 2738 1263.397 0.072 0.006
2025-12-05 2656 1325.57 62.173 4.921
2025-12-06 2658 1325.57 0 0
2025-12-07 2658 1325.57 0 0
2025-12-08 2533 1429.027 103.457 7.805
2025-12-09 2594 1367.281 -61.746 -4.321
2025-12-10 2622 1347.566 -19.715 -1.442
2025-12-11 2555 1414.482 66.916 4.966
2025-12-12 2788 1237.301 -177.181 -12.526
2025-12-13 2787 1237.301 0 0
2025-12-14 2787 1237.301 0 0
2025-12-15 2848 1200.296 -37.005 -2.991
2025-12-16 2825 1209.423 9.127 0.76
2025-12-17 2883 1175.912 -33.511 -2.771
2025-12-18 2820 1216.125 40.213 3.42
2025-12-19 2636 1348.172 132.047 10.858
2025-12-20 2638 1348.172 0 0
2025-12-21 2638 1348.172 0 0
2025-12-22 2586 1406.781 58.609 4.347
2025-12-23 2616 1379.758 -27.023 -1.921
2025-12-24 2610 1387.887 8.129 0.589
2025-12-25 2613 1387.887 0 0
2025-12-26 2630 1368.564 -19.323 -1.392
2025-12-27 2632 1368.564 0 0
2025-12-28 2632 1368.564 0 0
2025-12-29 2617 1388.849 20.285 1.482
2025-12-30 2617 1394.09 5.241 0.377
2025-12-31 2642 1362.147 -31.943 -2.291
2026-01-01 2640 1362.147 0 0
2026-01-02 2527 1456.263 94.116 6.909
2026-01-03 2527 1456.263 0 0
2026-01-05 2650 1367.495 -88.768 -6.096
2026-01-06 2705 1324.002 -43.493 -3.18
2026-01-07 2668 1357.941 33.939 2.563
2026-01-08 2738 1293.485 -64.456 -4.747
2026-01-09 2692 1335.41 41.925 3.241
2026-01-10 2692 1335.41 0 0
2026-01-11 2693 1335.41 0 0
2026-01-12 2628 1406.425 71.015 5.318
2026-01-13 2562 1463.393 56.968 4.051
2026-01-14 2625 1403.359 -60.034 -4.102
2026-01-15 2606 1419.829 16.47 1.174
2026-01-16 2548 1473.661 53.832 3.791
2026-01-17 2548 1473.661 0 0
2026-01-18 2547 1473.661 0 0
2026-01-19 2548 1473.661 0 0
2026-01-20 2525 1486.138 12.477 0.847
2026-01-21 2586 1430.916 -55.222 -3.716
2026-01-22 2590 1433.376 2.46 0.172
2026-01-23 2651 1385.676 -47.7 -3.328
2026-01-24 2657 1385.676 0 0
2026-01-25 2657 1385.676 0 0
2026-01-26 2709 1339.973 -45.703 -3.298
2026-01-27 2653 1394.731 54.758 4.087
2026-01-28 2685 1373.128 -21.603 -1.549
2026-01-29 2737 1320.08 -53.048 -3.863
2026-01-30 2829 1249.921 -70.159 -5.315
2026-01-31 2826 1249.921 0 0
2026-02-01 2824 1249.921 0 0
2026-02-02 2789 1262.898 12.977 1.038
2026-02-03 2731 1306.248 43.35 3.433
2026-02-04 2894 1207.498 -98.75 -7.56
2026-02-05 2905 1194.307 -13.191 -1.092
2026-02-06 2642 1387.031 192.724 16.137
2026-02-07 2646 1387.031 0 0
2026-02-08 2646 1387.031 0 0
2026-02-09 2514 1514.088 127.057 9.16
2026-02-10 2560 1479.792 -34.296 -2.265
2026-02-11 2917 1200.653 -279.139 -18.863
2026-02-12 3078 1078.516 -122.137 -10.173
2026-02-13 3056 1098.052 19.536 1.811
2026-02-14 3055 1098.052 0 0
2026-02-15 3054 1098.052 0 0
2026-02-16 3053 1098.052 0 0
2026-02-17 3106 1057.91 -40.142 -3.656
2026-02-18 3050 1099.906 41.996 3.97
2026-02-19 3018 1121.581 21.675 1.971
2026-02-20 3050 1100.619 -20.962 -1.869
2026-02-21 3053 1100.619 0 0
2026-02-22 3052 1100.619 0 0
2026-02-23 3064 1090.352 -10.267 -0.933
2026-02-24 3066 1091.492 1.14 0.105
2026-02-25 3066 1089.71 -1.782 -0.163
2026-02-26 3104 1064.897 -24.813 -2.277
2026-02-27 3157 1023.258 -41.639 -3.91
2026-02-28 3155 1023.258 0 0
2026-03-01 3149 1023.258 0 0
2026-03-02 3119 1035.522 12.264 1.199
2026-03-03  958.874 -76.648 -7.402
2026-03-06 3111 1025.896 67.022 6.99
2026-03-07 3111 1025.896 0 0
2026-03-08 3111 1025.896 0 0
2026-03-09 3069 1048.071 22.175 2.162
2026-03-10 3358 1006.503 -41.568 -3.966
2026-03-11 3278 1065.183 58.68 5.83
2026-03-12 3322 1030.887 -34.296 -3.22
2026-03-13 3309 1033.811 2.924 0.284
2026-03-14 3306 1033.811 0 0
2026-03-15 3306 1033.811 0 0
2026-03-16 3232 1084.933 51.122 4.945
2026-03-17 3234 1085.574 0.641 0.059
2026-03-18 3245 1076.805 -8.769 -0.808
2026-03-19 3234 1075.521 -1.284 -0.119
2026-03-20 3330 1003.366 -72.155 -6.709
2026-03-21 3336 1003.366 0 0
2026-03-22 3336 1003.366 0 0
2026-03-23 3236 1059.193 55.827 5.564
2026-03-24 3258 1044.149 -15.044 -1.42
2026-03-25 3286 1033.953 -10.196 -0.976
2026-03-27  977.911 -56.042 -5.42
2026-04-03 3319 1011.209 33.298 3.405
2026-04-04 3319 1011.209 0 0
2026-04-05 3319 1011.209 0 0
2026-04-06 3315 1017.269 6.06 0.599
2026-04-07 3303 1024.399 7.13 0.701
2026-04-08 3253 1070.53 46.131 4.503
2026-04-09 3218 1099.05 28.52 2.664
2026-04-10 2962 1238.727 139.677 12.709
2026-04-11 2965 1238.727 0 0
2026-04-12 2965 1238.727 0 0
2026-04-13 2791 1365.249 126.522 10.214
2026-04-14 2764 1392.379 27.13 1.987
2026-04-15 2756 1403.002 10.623 0.763
2026-04-16 2778 1393.876 -9.126 -0.65
2026-04-17 2746 1416.977 23.101 1.657
2026-04-18 2749 1416.977 0 0
2026-04-19 2749 1416.977 0 0
2026-04-20 2736 1429.455 12.478 0.881
2026-04-21 2588 1544.747 115.292 8.065
2026-04-22 2572 1559.648 14.901 0.965
2026-04-23 2521 1584.461 24.813 1.591
2026-04-24 2422 1693.55 109.089 6.885
2026-04-25 2419 1693.55 0 0
2026-04-26 2419 1693.55 0 0
2026-04-27 2533 1578.044 -115.506 -6.82
2026-04-28 2655 1483.001 -95.043 -6.023
2026-04-29 2518 1579.541 96.54 6.51
2026-04-30 2544 1564.497 -15.044 -0.952
2026-05-01 2487 1621.109 56.612 3.619
2026-05-02 2487 1621.109 0 0
2026-05-04 2497 1610.913 -10.196 -0.629
2026-05-05 2410 1713.87 102.957 6.391
2026-05-06 2422 1701.179 -12.691 -0.74
2026-05-07 2568 1570.985 -130.194 -7.653
2026-05-08 2524 1600.503 29.518 1.879
2026-05-09 2524 1600.503 0 0
2026-05-10 2524 1600.503 0 0
2026-05-11 2478 1654.406 53.903 3.368
2026-05-12 2490 1633.515 -20.891 -1.263
2026-05-13 2327 1773.762 140.247 8.586
2026-05-14 2295 1806.204 32.442 1.829
2026-05-15 2263 1835.009 28.805 1.595
2026-05-16 2260 1835.009 0 0
2026-05-17 2260 1835.009 0 0
2026-05-18 2389 1713.086 -121.923 -6.644
2026-05-19 2180 1917.575 204.489 11.937
2026-05-20 1877 2225.733 308.158 16.07
2026-05-21 1879 2225.733 0 0
2026-05-22 1773 2364.055 138.322 6.215
2026-05-23 1775 2364.055 0 0
2026-05-24 1775 2364.055 0 0
2026-05-26 1720 2448.475 84.42 3.571
2026-05-27 1686 2495.604 47.129 1.925
2026-05-28 1581 2665.583 169.979 6.811
2026-05-29 1616 2620.522 -45.061 -1.69
2026-05-31 1614 2620.522 0 0
2026-06-01 1707 2458.243 -162.279 -6.193
2026-06-02 1558 2712.57 254.327 10.346
2026-06-03 1531 2768.041 55.471 2.045
2026-06-04 1544 2728.898 -39.143 -1.414
2026-06-05 1709 2436.639 -292.259 -10.71
2026-06-06 1705 2436.639 0 0
2026-06-07 1705 2436.639 0 0
2026-06-08 1564 2645.334 208.695 8.565
2026-06-09 1583 2612.322 -33.012 -1.248
2026-06-10 1625 2535.033 -77.289 -2.959
2026-06-11 1485 2796.062 261.029 10.297
2026-06-12 1490 2793.781 -2.281 -0.082
2026-06-13 1495 2793.781 0 0
2026-06-15 1425 2950.997 157.216 5.627
2026-06-16 1534 2754.993 -196.004 -6.642
2026-06-17 1477 2847.47 92.477 3.357
2026-06-18 1351 3149.71 302.24 10.614
2026-06-19 1352 3149.71 0 0
2026-06-20 1352 3149.71 0 0
2026-06-21 1352 3149.71 0 0
2026-06-23 1406 3006.754 -142.956 -4.539
2026-06-24 1397 3027.431 20.677 0.688
2026-06-25 1397 3013.741 -13.69 -0.452
2026-06-26 1415 2969.107 -44.634 -1.481
2026-06-27 1415 2969.107 0 0
2026-06-28 1415 2969.107 0 0
2026-06-29 1240 3426.996 457.889 15.422
2026-06-30 1192 3619.934 192.938 5.63
2026-07-01 1312 3248.033 -371.901 -10.274
2026-07-02 1376 3073.776 -174.257 -5.365
2026-07-03 1381 3073.776 0 0
2026-07-04 1381 3073.776 0 0
2026-07-05 1381 3073.776 0 0
2026-07-06 1308 3261.437 187.661 6.105
2026-07-07 1438 2906.007 -355.43 -10.898
2026-07-08 1401 2979.232 73.225 2.52
2026-07-09 1336 3152.42 173.188 5.813
2026-07-10 1354 3120.477 -31.943 -1.013
2026-07-11 1355 3120.477 0 0
2026-07-12 1355 3120.477 0 0
2026-07-13 1507 2757.418 -363.059 -11.635
2026-07-14 1510 2755.492 -1.926 -0.07
2026-07-15 1553 2675.922 -79.57 -2.888
2026-07-16 1686 2455.747 -220.175 -8.228
2026-07-17 1750 2340.812 -114.935 -4.68
2026-07-18 1749 2340.812 0 0
2026-07-19 1748 2340.812 0 0
2026-07-20 1723 2379.813 39.001 1.666
2026-07-21 1682 2456.104 76.291 3.206
2026-07-22 1626 2535.282 79.178 3.224
2026-07-23 1647 2507.297 -27.985 -1.104
2026-07-24 1813 2254.966 -252.331 -10.064
2026-07-25 1814 2254.966 0 0
2026-07-26 1814 2254.966 0 0
2026-07-27 1879 2190.368 -64.598 -2.865
2026-07-28 2011 2031.441 -158.927 -7.256
2026-07-29 2106 1956.647 -74.794 -3.682
2026-07-30 1767 2312.791 356.144 18.202
2026-07-31 1732 2395.071 82.28 3.558
2026-08-01 1733 2395.071 0 0
2026-08-02 1733 2395.071 0 0
2026-08-03 1686 2465.087 70.016 2.923
2026-08-04 1529 2754.708 289.621 11.749
2026-08-05 1712 2446.407 -308.301 -11.192
2026-08-06 1657 2539.596 93.189 3.809
2026-08-07 1647 2558.633 19.037 0.75
2026-08-08 1648 2558.633 0 0
2026-08-09 1648 2558.633 0 0
2026-08-10 1728 2437.851 -120.782 -4.721
2026-08-11 1749 2400.49 -37.361 -1.533
2026-08-12 1720 2449.045 48.555 2.023
2026-08-13 1696 2477.422 28.377 1.159
2026-08-15 1706 2469.08 -8.342 -0.337
2026-08-16 1707 2469.08 0 0
2026-08-17 1713 2458.813 -10.267 -0.416
2026-08-18 1793 2339.528 -119.285 -4.851
2026-08-19 1879 2236.713 -102.815 -4.395
2026-08-20 1866 2247.408 10.695 0.478
2026-08-21 1909 2207.837 -39.571 -1.761
2026-08-23 1910 2207.837 0 0
2026-08-24 1943 2154.79 -53.047 -2.403
2026-08-25 1920 2191.295 36.505 1.694
2026-08-26 1883 2245.84 54.545 2.489
2026-08-27 1787 2344.163 98.323 4.378
2026-08-28 1885 2239.922 -104.241 -4.447
2026-08-29 1885 2239.922 0 0
2026-08-30 1885 2239.922 0 0
2026-08-31 1828 2293.468 53.546 2.391
2026-09-01 1831 2293.468 0 0
2026-09-02 1924 2171.759 0 0
2026-09-03 1960 2130.548 0 0
2026-09-04 1923 2192.507 0 0
