2026-05-12 3353 1029.635 0 0
2026-05-13 3354 1031.025 1.39 0.135
2026-05-14 3354 1029.103 -1.922 -0.186
2026-05-15  964.542 -64.561 -6.274
2026-05-23 3325 1048.459 83.917 8.7
2026-05-24 3325 1048.459 0 0
2026-05-26 3234 1109.357 60.898 5.808
2026-05-27 3219 1114.739 5.382 0.485
2026-05-28 3302 1062.854 -51.885 -4.654
2026-05-29 3282 1075.85 12.996 1.223
2026-05-31 3280 1078.872 3.022 0.281
2026-06-01 3297 1068.13 -10.742 -0.996
2026-06-02 3353 1021.66 -46.47 -4.351
2026-06-03 3355 1011.515 -10.145 -0.993
2026-06-04 3352 1013.543 2.028 0.2
2026-06-05 3328 1023.857 10.314 1.018
2026-06-06 3330 1022.055 -1.802 -0.176
2026-06-07 3330 1022.055 0 0
2026-06-08  997.5 -24.555 -2.403
2026-06-10 3302 1030.187 32.687 3.277
2026-06-11 3253 1061.338 31.151 3.024
2026-06-12 3346 1005.637 -55.701 -5.248
2026-06-13 3355 1007.116 1.479 0.147
2026-06-15 3295 1049.685 42.569 4.227
2026-06-16 3273 1071.399 21.714 2.069
2026-06-17 3240 1087.553 16.154 1.508
2026-06-18 3098 1172.916 85.363 7.849
2026-06-19 3097 1173.659 0.743 0.063
2026-06-20 3097 1173.659 0 0
2026-06-21 3097 1173.659 0 0
2026-06-23 3049 1192.422 18.763 1.599
2026-06-24 3104 1160.821 -31.601 -2.65
2026-06-25 3069 1173.045 12.224 1.053
2026-06-26 3197 1089.494 -83.551 -7.123
2026-06-27 3200 1087.327 -2.167 -0.199
2026-06-28 3200 1087.327 0 0
2026-06-29 3153 1128.444 41.117 3.781
2026-06-30 3172 1116.527 -11.917 -1.056
2026-07-01 3134 1148.562 32.035 2.869
2026-07-02 3089 1173.121 24.559 2.138
2026-07-03 2966 1260.296 87.175 7.431
2026-07-04 2966 1260.296 0 0
2026-07-05 2966 1260.296 0 0
2026-07-06 3174 1132.828 -127.468 -10.114
2026-07-07 3248 1075.331 -57.497 -5.076
2026-07-08 3211 1091.599 16.268 1.513
2026-07-09 3217 1089.26 -2.339 -0.214
2026-07-10 3237 1085.962 -3.298 -0.303
2026-07-11 3240 1085.962 0 0
2026-07-12 3240 1085.962 0 0
2026-07-13 3283 1050.437 -35.525 -3.271
2026-07-14 3334 1019.075 -31.362 -2.986
2026-07-15 3305 1041.567 22.492 2.207
2026-07-16 3334 1022.798 -18.769 -1.802
2026-07-17  916.694 -106.104 -10.374
2026-07-23 3285 1039.343 122.649 13.379
2026-07-24  969.73 -69.613 -6.698
2026-08-04 3312 1045.504 75.774 7.814
2026-08-05 3296 1066.178 20.674 1.977
2026-08-06 3262 1084.734 18.556 1.74
2026-08-07 3283 1073.502 -11.232 -1.035
2026-08-08 3289 1070.232 -3.27 -0.305
2026-08-09 3289 1070.232 0 0
2026-08-10 3280 1080.639 10.407 0.972
2026-08-11 3200 1131.635 50.996 4.719
2026-08-12 3125 1173.894 42.259 3.734
2026-08-13 3129 1167.78 -6.114 -0.521
2026-08-15 2961 1275.449 107.669 9.22
2026-08-16 2961 1275.449 0 0
2026-08-17 2917 1314.343 38.894 3.049
2026-08-18 2940 1290.936 -23.407 -1.781
2026-08-19 3042 1217.795 -73.141 -5.666
2026-08-20 3011 1238.09 20.295 1.667
2026-08-21 3127 1174.457 -63.633 -5.14
2026-08-23 3124 1178.843 4.386 0.373
2026-08-24 3196 1126.043 -52.8 -4.479
2026-08-25 3151 1159.654 33.611 2.985
2026-08-26 3056 1223.674 64.02 5.521
2026-08-27 3185 1142.01 -81.664 -6.674
2026-08-28 3184 1145.383 3.373 0.295
2026-08-29 3181 1148.01 2.627 0.229
2026-08-30 3181 1148.01 0 0
2026-08-31 3181 1146.945 -1.065 -0.093
