2026-03-10 2738 1400.244 0 0
2026-03-11 2612 1503.608 103.364 7.382
2026-03-12 2650 1472.11 -31.498 -2.095
2026-03-13 2770 1381.521 -90.589 -6.154
2026-03-14 2755 1381.521 0 0
2026-03-15 2755 1381.521 0 0
2026-03-16 2789 1355.504 -26.017 -1.883
2026-03-17 2784 1360.273 4.769 0.352
2026-03-18 2614 1490.318 130.045 9.56
2026-03-19 2679 1418.05 -72.268 -4.849
2026-03-20 2644 1428.992 10.942 0.772
2026-03-21 2647 1429.101 0.109 0.008
2026-03-22 2647 1429.101 0 0
2026-03-23 2750 1356.303 -72.798 -5.094
2026-03-24 2566 1496.222 139.919 10.316
2026-03-25 2545 1521.782 25.56 1.708
2026-03-27 2604 1464.552 -57.23 -3.761
2026-03-28 2599 1463.842 -0.71 -0.048
2026-03-29 2599 1463.842 0 0
2026-03-30 2606 1455.175 -8.667 -0.592
2026-03-31 2685 1392.098 -63.077 -4.335
2026-04-01 2598 1483.165 91.067 6.542
2026-04-02 2646 1433.514 -49.651 -3.348
2026-04-03 2643 1433.477 -0.037 -0.003
2026-04-04 2643 1433.477 0 0
2026-04-05 2643 1433.477 0 0
2026-04-06 2645 1433.477 0 0
2026-04-07 2643 1433.551 0.074 0.005
2026-04-08 2548 1549.621 116.07 8.097
2026-04-09 2556 1547.321 -2.3 -0.148
2026-04-10 2440 1643.715 96.394 6.23
2026-04-11 2439 1644.198 0.483 0.029
2026-04-12 2439 1644.198 0 0
2026-04-13 2438 1644.198 0 0
2026-04-14 2374 1718.452 74.254 4.516
2026-04-15 2380 1727.228 8.776 0.511
2026-04-16 2429 1692.109 -35.119 -2.033
2026-04-17 2469 1666.319 -25.79 -1.524
2026-04-18 2470 1665.425 -0.894 -0.054
2026-04-19 2470 1665.425 0 0
2026-04-20 2506 1623.811 -41.614 -2.499
2026-04-21 2498 1627.05 3.239 0.199
2026-04-22 2515 1601.27 -25.78 -1.584
2026-04-23 2479 1630.122 28.852 1.802
2026-04-24 2493 1612.913 -17.209 -1.056
2026-04-25 2493 1612.542 -0.371 -0.023
2026-04-26 2492 1612.542 0 0
2026-04-27 2282 1810.103 197.561 12.252
2026-04-28 2302 1793.636 -16.467 -0.91
2026-04-29 2228 1858.176 64.54 3.598
2026-04-30 2251 1842.395 -15.781 -0.849
2026-05-01 2254 1843.147 0.752 0.041
2026-05-02 2256 1842.771 -0.376 -0.02
2026-05-04 2183 1912.081 69.31 3.761
2026-05-05 2203 1898.752 -13.329 -0.697
2026-05-06 2200 1900.485 1.733 0.091
2026-05-07 2190 1934.606 34.121 1.795
2026-05-08 2260 1862.877 -71.729 -3.708
2026-05-09 2259 1863.377 0.5 0.027
2026-05-10 2259 1863.377 0 0
2026-05-11 2118 1996.909 133.532 7.166
2026-05-12 2176 1936.262 -60.647 -3.037
2026-05-13 2060 2031.671 95.409 4.927
2026-05-14 2201 1911.47 -120.201 -5.916
2026-05-15 2237 1864.254 -47.216 -2.47
2026-05-16 2232 1864.825 0.571 0.031
2026-05-17 2232 1864.825 0 0
2026-05-18 2199 1897.77 32.945 1.767
2026-05-19 2280 1810.819 -86.951 -4.582
2026-05-20 2326 1775.692 -35.127 -1.94
2026-05-21 2326 1775.692 0 0
2026-05-22 2238 1872.753 97.061 5.466
2026-05-23 2243 1872.228 -0.525 -0.028
2026-05-24 2243 1872.228 0 0
2026-05-26 2246 1870.495 -1.733 -0.093
2026-05-27 2329 1771.457 -99.038 -5.295
2026-05-28 2317 1784.199 12.742 0.719
2026-05-29 2353 1750.98 -33.219 -1.862
2026-05-31 2356 1750.466 -0.514 -0.029
2026-06-01 2289 1809.364 58.898 3.365
2026-06-02 2303 1792.018 -17.346 -0.959
2026-06-03 2367 1731.5 -60.518 -3.377
2026-06-04 2433 1669.07 -62.43 -3.606
2026-06-05 2509 1588.118 -80.952 -4.85
2026-06-06 2503 1588.139 0.021 0.001
2026-06-07 2503 1588.139 0 0
2026-06-08 2604 1501.497 -86.642 -5.456
2026-06-09 2527 1567.005 65.508 4.363
2026-06-10 2637 1482.001 -85.004 -5.425
2026-06-11 2663 1452.57 -29.431 -1.986
2026-06-12 2674 1450.874 -1.696 -0.117
2026-06-13 2677 1451.041 0.167 0.012
2026-06-15 2553 1568.857 117.816 8.119
2026-06-16 2682 1468.573 -100.284 -6.392
2026-06-17 2687 1458.381 -10.192 -0.694
2026-06-18 2613 1515.282 56.901 3.902
2026-06-19 2612 1514.818 -0.464 -0.031
2026-06-20 2612 1514.818 0 0
2026-06-21 2612 1514.818 0 0
2026-06-23 2548 1557.587 42.769 2.823
2026-06-24 2592 1522.858 -34.729 -2.23
2026-06-25 2562 1545.505 22.647 1.487
2026-06-26 2620 1493.46 -52.045 -3.368
2026-06-27 2620 1493.251 -0.209 -0.014
2026-06-28 2620 1493.251 0 0
2026-06-29 2703 1434.386 -58.865 -3.942
2026-06-30 2701 1435.898 1.512 0.105
2026-07-01 2705 1436.062 0.164 0.011
2026-07-02 2767 1395.941 -40.121 -2.794
2026-07-03 2598 1539.78 143.839 10.304
2026-07-04 2598 1539.78 0 0
2026-07-05 2598 1539.78 0 0
2026-07-06 2563 1567.477 27.697 1.799
2026-07-07 2622 1508.64 -58.837 -3.754
2026-07-08 2652 1479.268 -29.372 -1.947
2026-07-09 2646 1486.724 7.456 0.504
2026-07-10 2653 1483.771 -2.953 -0.199
2026-07-11 2655 1483.184 -0.587 -0.04
2026-07-12 2655 1483.184 0 0
2026-07-13 2683 1450.282 -32.902 -2.218
2026-07-14 2612 1509.564 59.282 4.088
2026-07-15 2654 1487.046 -22.518 -1.492
2026-07-16 2731 1417.579 -69.467 -4.671
2026-07-17 2864 1304.921 -112.658 -7.947
2026-07-18 2865 1304.771 -0.15 -0.011
2026-07-19 2864 1304.771 0 0
2026-07-20 2892 1280.528 -24.243 -1.858
2026-07-21 2786 1368.788 88.26 6.892
2026-07-22 2800 1351.335 -17.453 -1.275
2026-07-23 2790 1358.468 7.133 0.528
2026-07-24 2830 1320.221 -38.247 -2.815
2026-07-25 2828 1320.086 -0.135 -0.01
2026-07-26 2828 1320.086 0 0
2026-07-27 2822 1335.668 15.582 1.18
2026-07-28 2911 1278.503 -57.165 -4.28
2026-07-29 2917 1269.96 -8.543 -0.668
2026-07-30 3017 1205.684 -64.276 -5.061
2026-07-31 2885 1304.205 98.521 8.171
2026-08-01 2886 1304.571 0.366 0.028
2026-08-02 2886 1304.571 0 0
2026-08-03 2777 1381.616 77.045 5.906
2026-08-04 2702 1453.356 71.74 5.192
2026-08-05 2621 1524.103 70.747 4.868
2026-08-06 2676 1486.774 -37.329 -2.449
2026-08-07 2679 1484.873 -1.901 -0.128
2026-08-08 2681 1484.721 -0.152 -0.01
2026-08-09 2681 1484.721 0 0
2026-08-10 2622 1534.039 49.318 3.322
2026-08-11 2518 1612.774 78.735 5.133
2026-08-12 2460 1667.114 54.34 3.369
2026-08-13 2680 1487.898 -179.216 -10.75
2026-08-15 2554 1588.184 100.286 6.74
2026-08-16 2554 1588.184 0 0
2026-08-17 2510 1627.975 39.791 2.505
2026-08-18 2553 1585.188 -42.787 -2.628
2026-08-19 2642 1508.428 -76.76 -4.842
2026-08-20 2614 1534.152 25.724 1.705
2026-08-21 2533 1603.788 69.636 4.539
2026-08-23 2534 1604.361 0.573 0.036
2026-08-24 2618 1535.096 -69.265 -4.317
2026-08-25 2558 1582.597 47.501 3.094
2026-08-26 2596 1555.307 -27.29 -1.724
2026-08-27 2554 1591.699 36.392 2.34
2026-08-28 2581 1569.909 -21.79 -1.369
2026-08-29 2580 1569.808 -0.101 -0.006
2026-08-30 2580 1569.808 0 0
2026-08-31 2618 1541.235 -28.573 -1.82
