2026-04-21 2856 1349.515 0 0
2026-04-22 3167 1156.097 -193.418 -14.332
2026-04-23 3215 1117.632 -38.465 -3.327
2026-04-24 3107 1172.333 54.701 4.894
2026-04-25 3107 1172.064 -0.269 -0.023
2026-04-26 3107 1172.064 0 0
2026-04-27 3199 1119.532 -52.532 -4.482
2026-04-28 3112 1170.116 50.584 4.518
2026-04-29 3183 1125.48 -44.636 -3.815
2026-04-30 3176 1126.057 0.577 0.051
2026-05-01 3182 1126.516 0.459 0.041
2026-05-02 3184 1126.287 -0.229 -0.02
2026-05-04 3158 1144.946 18.659 1.657
2026-05-05 3165 1143.885 -1.061 -0.093
2026-05-06 3169 1145.959 2.074 0.181
2026-05-07 3172 1152.552 6.593 0.575
2026-05-08 3232 1121.392 -31.16 -2.704
2026-05-09 3234 1121.693 0.301 0.027
2026-05-10 3234 1121.693 0 0
<<<<<<< HEAD
2026-05-11 3304 1077.425 -44.268 -3.947
2026-05-12 3325 1049.786 -27.639 -2.565
2026-05-13 3350 1033.199 -16.587 -1.58
2026-05-14 3379 1010.781 -22.418 -2.17
2026-05-15 3188 1130.168 119.387 11.811
2026-05-16 3182 1130.511 0.343 0.03
2026-05-17 3182 1130.511 0 0
2026-05-18 3099 1176.846 46.335 4.099
2026-05-19 3154 1146.257 -30.589 -2.599
2026-05-20 2906 1303.58 157.323 13.725
2026-05-21 2906 1303.579 -0.001 0
2026-05-22 2655 1494.377 190.798 14.636
2026-05-23 2655 1493.96 -0.417 -0.028
2026-05-24 2655 1493.96 0 0
2026-05-26 2677 1478.756 -15.204 -1.018
2026-05-27 2674 1473.003 -5.753 -0.389
2026-05-28 2687 1459.686 -13.317 -0.904
2026-05-29 2740 1411.066 -48.62 -3.331
2026-05-31 2742 1410.654 -0.412 -0.029
2026-06-01 2791 1384.4 -26.254 -1.861
2026-06-02 2783 1388.528 4.128 0.298
2026-06-03 2597 1530.953 142.425 10.257
2026-06-04 2662 1477.001 -53.952 -3.524
2026-06-05 2812 1348.192 -128.809 -8.721
2026-06-06 2810 1348.21 0.018 0.001
2026-06-07 2810 1348.21 0 0
2026-06-08 2877 1297.066 -51.144 -3.793
2026-06-09 2795 1352.753 55.687 4.293
2026-06-10 3040 1186.827 -165.926 -12.266
2026-06-11 3014 1203.424 16.597 1.398
2026-06-12 2955 1248.367 44.943 3.735
2026-06-13 2960 1248.513 0.146 0.012
2026-06-15 2907 1294.813 46.3 3.708
2026-06-16 2979 1244.542 -50.271 -3.882
2026-06-17 2924 1280.661 36.119 2.902
2026-06-18 2837 1337.086 56.425 4.406
2026-06-19 2837 1336.676 -0.41 -0.031
2026-06-20 2837 1336.676 0 0
2026-06-21 2837 1336.676 0 0
2026-06-23 2847 1317.566 -19.11 -1.43
2026-06-24 2898 1289.165 -28.401 -2.156
2026-06-25 2854 1313.451 24.286 1.884
2026-06-26 2913 1273.312 -40.139 -3.056
2026-06-27 2914 1273.133 -0.179 -0.014
2026-06-28 2914 1273.133 0 0
2026-06-29 2930 1260.013 -13.12 -1.031
2026-06-30 2580 1533.92 273.907 21.738
2026-07-01 2589 1534.097 0.177 0.012
2026-07-02 2871 1308.018 -226.079 -14.737
2026-07-03 2911 1296.432 -11.586 -0.886
2026-07-04 2911 1296.432 0 0
2026-07-05 2911 1296.432 0 0
2026-07-06 3000 1239.816 -56.616 -4.367
2026-07-07 3132 1155.597 -84.219 -6.793
2026-07-08 3070 1186.021 30.424 2.633
2026-07-09 2968 1237.557 51.536 4.345
2026-07-10 3134 1153.687 -83.87 -6.777
2026-07-11 3141 1153.234 -0.453 -0.039
2026-07-12 3141 1153.234 0 0
2026-07-13 3350 1006.81 -146.424 -12.697
2026-07-14  973.227 -33.583 -3.336
2026-07-16  906.099 -67.128 -6.897
2026-07-22  940.339 34.24 3.779
2026-08-06  949.708 9.369 0.996
2026-08-08 3348 1025.423 75.715 7.972
2026-08-09 3348 1025.423 0 0
2026-08-10  985.392 -40.031 -3.904
2026-08-11  951.573 -33.819 -3.432
2026-08-13 3328 1039.719 88.146 9.263
=======
2026-05-11 3261 1100.942 0 0
2026-05-12 3332 1045.608 0 0
2026-05-13 3372 1012.435 0 0
2026-05-14 3364 1017.981 0 0
2026-05-15 3290 1077.858 0 0
2026-05-16 3188 1130.168 0 0
2026-05-17 3182 1130.511 0 0
2026-05-18 3171 1133.969 0 0
2026-05-19 3084 1191.369 0 0
2026-05-20 2969 1257.585 0 0
2026-05-21 2839 1349.205 0 0
2026-05-22 2792 1378.239 0 0
2026-05-23 2655 1494.377 0 0
2026-05-24 2655 1493.96 0 0
2026-05-25 2655 1493.96 0 0
2026-05-26 2652 1493.96 0 0
2026-05-27 2665 1487.049 0 0
2026-05-28 2669 1473.003 0 0
2026-05-29 2732 1423.742 0 0
2026-05-30 2740 1411.066 0 0
2026-05-31 2742 1410.654 0 0
2026-06-01 2792 1384.4 0 0
2026-06-02 2784 1391.309 0 0
2026-06-03 2528 1588.892 0 0
2026-06-04 2624 1500.551 0 0
2026-06-05 2731 1410.672 0 0
2026-06-06 2812 1348.192 0 0
2026-06-07 2810 1348.21 0 0
2026-06-09 2856 1309.506 0 0
2026-06-10 2996 1217.319 0 0
2026-06-11 3091 1157.117 0 0
2026-06-12 2933 1266.99 0 0
2026-06-13 2955 1248.367 0 0
2026-06-14 2960 1248.513 0 0
2026-06-16 2967 1247.822 0 0
2026-06-17 2994 1233.484 0 0
2026-06-18 2833 1341.489 0 0
2026-06-19 2834 1337.086 0 0
2026-06-20 2837 1336.676 0 0
2026-06-21 2837 1336.676 0 0
2026-06-22 2823 1349.803 0 0
2026-06-23 2847 1326.313 0 0
2026-06-24 2825 1332.761 0 0
2026-06-25 2862 1309.884 0 0
2026-06-26 2952 1245.074 0 0
2026-06-27 2913 1273.312 0 0
2026-06-28 2914 1273.133 0 0
2026-06-29 2990 1222.724 0 0
2026-06-30 2607 1503.77 0 0
2026-07-01 2581 1533.92 0 0
2026-07-02 2758 1407.045 0 0
2026-07-03 2863 1322.515 0 0
2026-07-04 2911 1296.432 0 0
2026-07-05 2911 1296.432 0 0
2026-07-06 2922 1289.527 0 0
2026-07-07 3138 1158.345 0 0
2026-07-08 3107 1169.406 0 0
2026-07-09 3079 1174.974 0 0
2026-07-10 2930 1272.783 0 0
2026-07-11 3134 1153.687 0 0
2026-07-12 3141 1153.234 0 0
2026-07-13 3229 1087.62 0 0
2026-07-14 3379 969.513 0 0
2026-07-15 3355 1004.316 0 0
2026-07-17 3384 857.745 0 0
2026-07-23 3373 941.72 0 0
2026-08-07 3350 1015.98 0 0
2026-08-09 3348 1025.423 0 0
2026-08-10 3393 999.196 0 0
2026-08-11 3392 959.855 0 0
2026-08-12 3374 1001.956 0 0
2026-08-14 3354 1022.468 0 0
>>>>>>> 2b550085baac25c543016ca743053a87bf115d5d
2026-08-15 3361 1012.807 0 0
2026-08-16 3366 1012.769 0 0
2026-08-17 3366 1012.769 0 0
2026-08-18 3289 1068.661 0 0
2026-08-19 3371 1008.234 0 0
