2026-04-27 2668 1476.315 0 0
2026-04-28 2682 1458.601 -17.714 -1.2
2026-04-29 2706 1443.194 -15.407 -1.056
2026-04-30 2731 1422.163 -21.031 -1.457
2026-05-01 2743 1417.113 -5.05 -0.355
2026-05-02 2744 1417.113 0 0
2026-05-04 2840 1352.275 -64.838 -4.575
2026-05-05 2679 1482.587 130.312 9.637
2026-05-06 2678 1482.587 0 0
2026-05-07 2601 1549.795 67.208 4.533
2026-05-08 2715 1475.194 -74.601 -4.814
2026-05-09 2713 1475.1 -0.094 -0.006
2026-05-10 2713 1475.1 0 0
<<<<<<< HEAD
2026-05-11 2592 1551.028 75.928 5.147
2026-05-12 2613 1527.489 -23.539 -1.518
2026-05-13 2767 1413.229 -114.26 -7.48
2026-05-14 2863 1337.945 -75.284 -5.327
2026-05-15 2957 1276.108 -61.837 -4.622
2026-05-16 2950 1275.299 -0.809 -0.063
2026-05-17 2950 1275.299 0 0
2026-05-18 2954 1272.693 -2.606 -0.204
2026-05-19 2961 1271.504 -1.189 -0.093
2026-05-20 2943 1285.695 14.191 1.116
2026-05-21 2946 1285.35 -0.345 -0.027
2026-05-22 2794 1386.538 101.188 7.872
2026-05-23 2781 1394.286 7.748 0.559
2026-05-24 2781 1394.286 0 0
2026-05-26 2719 1438.64 44.354 3.181
2026-05-27 2719 1433.612 -5.028 -0.349
2026-05-28 2810 1362.518 -71.094 -4.959
2026-05-29 2697 1447.65 85.132 6.248
2026-05-31 2690 1451.717 4.067 0.281
2026-06-01 2679 1464.833 13.116 0.903
2026-06-02 2721 1431.457 -33.376 -2.278
2026-06-03 2753 1402.736 -28.721 -2.006
2026-06-04 2858 1316.624 -86.112 -6.139
2026-06-05 2895 1296.459 -20.165 -1.532
2026-06-06 2900 1294.176 -2.283 -0.176
2026-06-07 2900 1294.176 0 0
2026-06-08 2941 1255.069 -39.107 -3.022
2026-06-09 2913 1274.913 19.844 1.581
2026-06-10 3035 1190.93 -83.983 -6.587
2026-06-11 3069 1173.321 -17.609 -1.479
2026-06-12 2982 1223.312 49.991 4.261
2026-06-13 2990 1225.111 1.799 0.147
2026-06-15 2957 1256.298 31.187 2.546
2026-06-16 2958 1256.699 0.401 0.032
2026-06-17 2963 1258.247 1.548 0.123
2026-06-18 2974 1253.141 -5.106 -0.406
2026-06-19 2966 1253.935 0.794 0.063
2026-06-20 2966 1253.935 0 0
2026-06-21 2966 1253.935 0 0
2026-06-23 2997 1222.648 -31.287 -2.495
2026-06-24 3000 1220.756 -1.892 -0.155
2026-06-25 3011 1210.633 -10.123 -0.829
2026-06-26 3117 1146.439 -64.194 -5.303
2026-06-27 3119 1144.158 -2.281 -0.199
2026-06-28 3119 1144.158 0 0
2026-06-29 3110 1159.606 15.448 1.35
2026-06-30 3131 1147.488 -12.118 -1.045
2026-07-01 3095 1174.724 27.236 2.374
2026-07-02 3075 1181.665 6.941 0.591
2026-07-03 3104 1179.279 -2.386 -0.202
2026-07-04 3104 1179.279 0 0
2026-07-05 3104 1179.279 0 0
2026-07-06 3149 1153.553 -25.726 -2.182
2026-07-07 3262 1067.487 -86.066 -7.461
2026-07-08 3238 1076.678 9.191 0.861
2026-07-09 3267 1060.59 -16.088 -1.494
2026-07-10 3284 1057.379 -3.211 -0.303
2026-07-11 3290 1057.379 0 0
2026-07-12 3290 1057.379 0 0
2026-07-13 3251 1070.137 12.758 1.207
2026-07-14 3294 1043.122 -27.015 -2.524
2026-07-15 3222 1093.662 50.54 4.845
2026-07-16 3227 1091.16 -2.502 -0.229
2026-07-17 3337 1009.148 -82.012 -7.516
2026-07-18 3344 1006.388 -2.76 -0.273
2026-07-19 3343 1006.388 0 0
2026-07-20 3312 1026.699 20.311 2.018
2026-07-21 3199 1093.599 66.9 6.516
2026-07-22 3228 1078.149 -15.45 -1.413
2026-07-23 3205 1093.13 14.981 1.39
2026-07-24 3250 1061.327 -31.803 -2.909
2026-07-25 3255 1057.042 -4.285 -0.404
2026-07-26 3255 1057.042 0 0
2026-07-27 3280 1049.445 -7.597 -0.719
2026-07-28  993.704 -55.741 -5.311
2026-08-01 3360 1002.813 9.109 0.917
2026-08-02 3360 1002.813 0 0
2026-08-03 3257 1079.092 76.279 7.607
2026-08-04 3266 1077.135 -1.957 -0.181
2026-08-05 3313 1048.201 -28.934 -2.686
2026-08-06 3302 1061.786 13.585 1.296
2026-08-07 3326 1033.484 -28.302 -2.666
2026-08-08 3338 1030.336 -3.148 -0.305
2026-08-09 3338 1030.336 0 0
2026-08-10 3308 1055.751 25.415 2.467
2026-08-11 3287 1071 15.249 1.444
2026-08-12 3272 1082.707 11.707 1.093
2026-08-13  982.773 -99.934 -9.23
=======
2026-05-11 2638 1527.464 0 0
2026-05-12 2595 1548.41 0 0
2026-05-13 2740 1435.85 0 0
2026-05-14 2888 1314.22 0 0
2026-05-15 2993 1254.552 0 0
2026-05-16 2957 1276.108 0 0
2026-05-17 2950 1275.299 0 0
2026-05-18 2973 1251.846 0 0
2026-05-19 2937 1283.116 0 0
2026-05-20 2947 1279.314 0 0
2026-05-21 2801 1381.719 0 0
2026-05-22 2804 1370.97 0 0
2026-05-23 2794 1386.538 0 0
2026-05-24 2781 1394.286 0 0
2026-05-25 2783 1391.677 0 0
2026-05-26 2725 1430.813 0 0
2026-05-27 2674 1475.167 0 0
2026-05-28 2813 1360.415 0 0
2026-05-29 2702 1446.3 0 0
2026-05-30 2697 1447.65 0 0
2026-05-31 2690 1451.717 0 0
2026-06-01 2701 1446.47 0 0
2026-06-02 2783 1394.005 0 0
2026-06-03 2761 1402.64 0 0
2026-06-04 2855 1316.599 0 0
2026-06-05 2906 1295.7 0 0
2026-06-06 2895 1296.459 0 0
2026-06-07 2900 1294.176 0 0
2026-06-09 2911 1273.319 0 0
2026-06-10 2977 1222.918 0 0
2026-06-11 3106 1146.764 0 0
2026-06-12 3008 1212.224 0 0
2026-06-13 2982 1223.312 0 0
2026-06-14 2990 1225.111 0 0
2026-06-16 2961 1251.1 0 0
2026-06-17 2961 1256.699 0 0
2026-06-18 2978 1245.233 0 0
2026-06-19 2971 1253.141 0 0
2026-06-20 2966 1253.935 0 0
2026-06-21 2966 1253.935 0 0
2026-06-22 2950 1259.145 0 0
2026-06-23 2966 1253.935 0 0
2026-06-24 3039 1196.656 0 0
2026-06-25 3013 1210.375 0 0
2026-06-26 3109 1148.603 0 0
2026-06-27 3117 1146.439 0 0
2026-06-28 3119 1144.158 0 0
2026-06-29 3119 1149.308 0 0
2026-06-30 3114 1162.181 0 0
2026-07-01 3068 1183.556 0 0
2026-07-02 3134 1154.088 0 0
2026-07-03 3081 1184.243 0 0
2026-07-04 3104 1179.279 0 0
2026-07-05 3104 1179.279 0 0
2026-07-06 3124 1168.989 0 0
2026-07-07 3188 1114.964 0 0
2026-07-08 3253 1070.051 0 0
2026-07-09 3261 1061.348 0 0
2026-07-10 3274 1060.59 0 0
2026-07-11 3284 1057.379 0 0
2026-07-12 3290 1057.379 0 0
2026-07-13 3239 1082.895 0 0
2026-07-14 3336 1008.899 0 0
2026-07-15 3226 1089.097 0 0
2026-07-16 3247 1080.897 0 0
2026-07-17 3270 1060.523 0 0
2026-07-18 3337 1009.148 0 0
2026-07-19 3344 1006.388 0 0
2026-07-20 3350 1001.311 0 0
2026-07-21 3243 1067.32 0 0
2026-07-22 3230 1078.318 0 0
2026-07-23 3222 1085.752 0 0
2026-07-24 3224 1075.352 0 0
2026-07-25 3250 1061.327 0 0
2026-07-26 3255 1057.042 0 0
2026-07-27 3297 1034.25 0 0
2026-07-28 3352 996.263 0 0
2026-07-29 3364 947.888 0 0
2026-08-02 3360 1002.813 0 0
2026-08-03 3221 1096.89 0 0
2026-08-04 3240 1086.72 0 0
2026-08-05 3300 1059.411 0 0
2026-08-06 3282 1073.495 0 0
2026-08-07 3309 1051.611 0 0
2026-08-08 3326 1033.484 0 0
2026-08-09 3338 1030.336 0 0
2026-08-10 3315 1053.21 0 0
2026-08-11 3297 1065.917 0 0
2026-08-12 3297 1065.917 0 0
2026-08-13 3354 1024.168 0 0
2026-08-14 3398 941.973 0 0
>>>>>>> 2b550085baac25c543016ca743053a87bf115d5d
