2026-07-15 1598 2598.017 0 0
2026-07-16 1663 2502.749 0 0
2026-07-17 1783 2302.962 0 0
2026-07-18 1846 2233.889 0 0
2026-07-19 1850 2230.856 0 0
2026-07-20 1738 2351.527 0 0
2026-07-21 1736 2362.045 0 0
2026-07-22 1704 2430.152 0 0
2026-07-23 1791 2288.733 0 0
2026-07-24 1815 2257.199 0 0
2026-07-25 1855 2204.563 0 0
2026-07-26 1857 2203.392 0 0
2026-07-27 1851 2217.602 0 0
2026-07-28 2013 2035.068 0 0
2026-07-29 2113 1952.154 0 0
2026-07-30 2318 1768.87 0 0
2026-07-31 2150 1923.995 0 0
2026-08-01 2196 1876.799 0 0
2026-08-02 2194 1879.303 0 0
2026-08-03 2184 1890.782 0 0
2026-08-04 2046 2022.004 0 0
2026-08-05 2164 1934.666 0 0
2026-08-06 2053 2029.375 0 0
2026-08-07 2007 2076.955 0 0
2026-08-08 2123 1982.092 0 0
2026-08-09 2126 1982.562 0 0
2026-08-10 2211 1902.185 0 0
2026-08-11 2202 1916.572 0 0
