2026-03-10 2672 1452.585 0 0
2026-03-11 2677 1459.352 6.767 0.466
2026-03-12 2675 1449.225 -10.127 -0.694
2026-03-13 2666 1443.715 -5.51 -0.38
2026-03-14 2674 1433.967 -9.748 -0.675
2026-03-15 2675 1433.967 0 0
2026-03-16 2667 1433.967 0 0
2026-03-17 2665 1439.072 5.105 0.356
2026-03-18 2666 1439.072 0 0
2026-03-19 2642 1442.551 3.479 0.242
2026-03-20 2629 1442.717 0.166 0.012
2026-03-21 2627 1446.548 3.831 0.266
2026-03-22 2627 1446.548 0 0
2026-03-23 2604 1446.548 0 0
2026-03-24 2603 1451.744 5.196 0.359
2026-03-25 2622 1450.735 -1.009 -0.07
2026-03-27 2615 1450.735 0 0
2026-03-28 2619 1443.548 -7.187 -0.495
2026-03-29 2620 1443.548 0 0
2026-03-30 2615 1443.548 0 0
2026-03-31 2627 1436.597 -6.951 -0.482
2026-04-01 2631 1443.715 7.118 0.495
2026-04-02 2623 1456.469 12.754 0.883
2026-04-03 2627 1447.384 -9.085 -0.624
2026-04-04 2627 1447.384 0 0
2026-04-05 2627 1447.384 0 0
2026-04-06 2629 1447.384 0 0
2026-04-07 2632 1446.214 -1.17 -0.081
2026-04-08 2658 1446.214 0 0
2026-04-09 2644 1465.326 19.112 1.322
2026-04-10 2651 1464.127 -1.199 -0.082
2026-04-11 2648 1469.622 5.495 0.375
2026-04-12 2648 1469.622 0 0
2026-04-13 2647 1469.622 0 0
2026-04-14 2657 1467.385 -2.237 -0.152
2026-04-15 2651 1479.688 12.303 0.838
2026-04-16 2664 1478.292 -1.396 -0.094
2026-04-17 2674 1474.985 -3.307 -0.224
2026-04-18 2669 1480.213 5.228 0.354
2026-04-19 2669 1480.213 0 0
2026-04-20 2672 1480.213 0 0
2026-04-21 2675 1474.985 -5.228 -0.353
2026-04-22 2680 1472.558 -2.427 -0.165
2026-04-23 2675 1468.245 -4.313 -0.293
2026-04-24 2677 1467.385 -0.86 -0.059
2026-04-25 2672 1466.698 -0.687 -0.047
2026-04-26 2672 1466.698 0 0
2026-04-27 2676 1466.698 0 0
2026-04-28 2672 1470.485 3.787 0.258
2026-04-29 2678 1466.183 -4.302 -0.293
2026-04-30 2673 1466.011 -0.172 -0.012
2026-05-01 2675 1469.795 3.784 0.258
2026-05-02 2674 1474.465 4.67 0.318
2026-05-04 2675 1474.465 0 0
2026-05-05 2699 1467.041 -7.424 -0.504
2026-05-06 2703 1467.041 0 0
2026-05-07 2706 1473.078 6.037 0.412
2026-05-08 2714 1475.68 2.602 0.177
2026-05-09 2712 1475.333 -0.347 -0.024
2026-05-10 2712 1475.333 0 0
<<<<<<< HEAD
2026-05-11 2717 1475.333 0 0
2026-05-12 2706 1476.028 0.695 0.047
2026-05-13 2710 1470.485 -5.543 -0.376
2026-05-14 2697 1467.041 -3.444 -0.234
2026-05-15 2690 1463.443 -3.598 -0.245
2026-05-16 2690 1457.316 -6.127 -0.419
2026-05-17 2690 1457.316 0 0
2026-05-18 2686 1457.316 0 0
2026-05-19 2689 1458.673 1.357 0.093
2026-05-20 2691 1453.091 -5.582 -0.383
2026-05-21 2692 1455.961 2.87 0.198
2026-05-22 2694 1455.961 0 0
2026-05-23 2696 1453.259 -2.702 -0.186
2026-05-24 2696 1453.259 0 0
2026-05-26 2703 1453.259 0 0
2026-05-27 2690 1456.469 3.21 0.221
2026-05-28 2690 1456.807 0.338 0.023
2026-05-29 2682 1459.352 2.545 0.175
2026-05-31 2682 1462.248 2.896 0.198
2026-06-01 2683 1462.248 0 0
2026-06-02 2685 1455.623 -6.625 -0.453
2026-06-03 2685 1459.013 3.39 0.233
2026-06-04 2680 1454.947 -4.066 -0.279
2026-06-05 2677 1457.316 2.369 0.163
2026-06-06 2681 1448.387 -8.929 -0.613
2026-06-07 2681 1448.387 0 0
2026-06-08 2670 1448.387 0 0
2026-06-09 2673 1446.214 -2.173 -0.15
2026-06-10 2668 1448.722 2.508 0.173
2026-06-11 2668 1447.551 -1.171 -0.081
2026-06-12 2680 1443.216 -4.335 -0.299
2026-06-13 2679 1450.231 7.015 0.486
2026-06-15 2691 1450.231 0 0
2026-06-16 2692 1454.44 4.209 0.29
2026-06-17 2693 1454.44 0 0
2026-06-18 2692 1452.08 -2.36 -0.162
2026-06-19 2697 1439.237 -12.843 -0.884
2026-06-20 2697 1439.237 0 0
2026-06-21 2697 1439.237 0 0
2026-06-23 2702 1434.131 -5.106 -0.355
2026-06-24 2707 1426.295 -7.836 -0.546
2026-06-25 2717 1420.957 -5.338 -0.374
2026-06-26 2702 1425.484 4.527 0.319
2026-06-27 2701 1427.758 2.274 0.16
2026-06-28 2701 1427.758 0 0
2026-06-29 2711 1427.758 0 0
2026-06-30 2707 1431.182 3.424 0.24
2026-07-01 2711 1432.491 1.309 0.091
2026-07-02 2721 1427.595 -4.896 -0.342
2026-07-03 2717 1433.802 6.207 0.435
2026-07-04 2717 1433.802 0 0
2026-07-05 2717 1433.802 0 0
2026-07-06 2719 1433.802 0 0
2026-07-07 2716 1430.692 -3.11 -0.217
2026-07-08 2696 1432.655 1.963 0.137
2026-07-09 2707 1429.223 -3.432 -0.24
2026-07-10 2708 1432.491 3.268 0.229
2026-07-11 2714 1431.346 -1.145 -0.08
2026-07-12 2714 1431.346 0 0
2026-07-13 2709 1431.346 0 0
2026-07-14 2712 1429.06 -2.286 -0.16
2026-07-15 2715 1433.967 4.907 0.343
2026-07-16 2712 1432.983 -0.984 -0.069
2026-07-17 2690 1433.802 0.819 0.057
2026-07-18 2686 1433.474 -0.328 -0.023
2026-07-19 2685 1433.474 0 0
2026-07-20 2684 1433.474 0 0
2026-07-21 2704 1429.223 -4.251 -0.297
2026-07-22 2696 1429.06 -0.163 -0.011
2026-07-23 2690 1429.712 0.652 0.046
2026-07-24 2689 1424.835 -4.877 -0.341
2026-07-25 2690 1425.808 0.973 0.068
2026-07-26 2690 1425.808 0 0
2026-07-27 2706 1425.808 0 0
2026-07-28 2704 1424.835 -0.973 -0.068
2026-07-29 2699 1426.62 1.785 0.125
2026-07-30 2698 1426.132 -0.488 -0.034
2026-07-31 2697 1441.39 15.258 1.07
2026-08-01 2697 1441.721 0.331 0.023
2026-08-02 2697 1441.721 0 0
2026-08-03 2704 1441.721 0 0
2026-08-04 2713 1442.717 0.996 0.069
2026-08-05 2712 1443.881 1.164 0.081
2026-08-06 2716 1447.551 3.67 0.254
2026-08-07 2724 1445.38 -2.171 -0.15
2026-08-08 2723 1447.718 2.338 0.162
2026-08-09 2723 1447.718 0 0
2026-08-10 2723 1447.718 0 0
2026-08-11 2721 1447.718 0 0
2026-08-12 2723 1446.214 -1.504 -0.104
2026-08-13 2718 1446.214 0 0
=======
2026-05-11 2716 1475.333 0 0
2026-05-12 2716 1475.333 0 0
2026-05-13 2702 1476.028 0 0
2026-05-14 2697 1470.485 0 0
2026-05-15 2700 1467.041 0 0
2026-05-16 2690 1463.443 0 0
2026-05-17 2690 1457.316 0 0
2026-05-18 2689 1457.316 0 0
2026-05-19 2682 1457.316 0 0
2026-05-20 2686 1458.673 0 0
2026-05-21 2694 1453.091 0 0
2026-05-22 2693 1455.961 0 0
2026-05-23 2694 1455.961 0 0
2026-05-24 2696 1453.259 0 0
2026-05-25 2699 1453.259 0 0
2026-05-26 2697 1453.259 0 0
2026-05-27 2696 1453.259 0 0
2026-05-28 2688 1456.469 0 0
2026-05-29 2688 1456.807 0 0
2026-05-30 2682 1459.352 0 0
2026-05-31 2682 1462.248 0 0
2026-06-01 2684 1462.248 0 0
2026-06-02 2682 1462.248 0 0
2026-06-03 2691 1455.623 0 0
2026-06-04 2681 1459.013 0 0
2026-06-05 2681 1454.947 0 0
2026-06-06 2677 1457.316 0 0
2026-06-07 2681 1448.387 0 0
2026-06-09 2671 1448.387 0 0
2026-06-10 2667 1446.214 0 0
2026-06-11 2664 1448.722 0 0
2026-06-12 2673 1447.551 0 0
2026-06-13 2680 1443.216 0 0
2026-06-14 2679 1450.231 0 0
2026-06-16 2693 1450.231 0 0
2026-06-17 2695 1454.44 0 0
2026-06-18 2691 1454.44 0 0
2026-06-19 2686 1452.08 0 0
2026-06-20 2697 1439.237 0 0
2026-06-21 2697 1439.237 0 0
2026-06-22 2704 1439.237 0 0
2026-06-23 2697 1439.237 0 0
2026-06-24 2701 1434.131 0 0
2026-06-25 2708 1426.295 0 0
2026-06-26 2708 1420.957 0 0
2026-06-27 2702 1425.484 0 0
2026-06-28 2701 1427.758 0 0
2026-06-29 2704 1427.758 0 0
2026-06-30 2706 1427.758 0 0
2026-07-01 2714 1431.182 0 0
2026-07-02 2715 1432.491 0 0
2026-07-03 2724 1427.595 0 0
2026-07-04 2717 1433.802 0 0
2026-07-05 2717 1433.802 0 0
2026-07-06 2718 1433.802 0 0
2026-07-07 2718 1433.802 0 0
2026-07-08 2712 1430.692 0 0
2026-07-09 2689 1432.655 0 0
2026-07-10 2714 1429.223 0 0
2026-07-11 2708 1432.491 0 0
2026-07-12 2714 1431.346 0 0
2026-07-13 2708 1431.346 0 0
2026-07-14 2705 1431.346 0 0
2026-07-15 2712 1429.06 0 0
2026-07-16 2716 1433.967 0 0
2026-07-17 2707 1432.983 0 0
2026-07-18 2690 1433.802 0 0
2026-07-19 2686 1433.474 0 0
2026-07-20 2691 1433.474 0 0
2026-07-21 2686 1433.474 0 0
2026-07-22 2701 1429.223 0 0
2026-07-23 2700 1429.06 0 0
2026-07-24 2684 1429.712 0 0
2026-07-25 2689 1424.835 0 0
2026-07-26 2690 1425.808 0 0
2026-07-27 2696 1425.808 0 0
2026-07-28 2703 1425.808 0 0
2026-07-29 2704 1424.835 0 0
2026-07-30 2699 1426.62 0 0
2026-07-31 2708 1426.132 0 0
2026-08-01 2697 1441.39 0 0
2026-08-02 2697 1441.721 0 0
2026-08-03 2697 1441.721 0 0
2026-08-04 2704 1441.721 0 0
2026-08-05 2716 1442.717 0 0
2026-08-06 2716 1443.881 0 0
2026-08-07 2718 1447.551 0 0
2026-08-08 2724 1445.38 0 0
2026-08-09 2723 1447.718 0 0
2026-08-10 2720 1447.718 0 0
2026-08-11 2722 1447.718 0 0
2026-08-12 2723 1447.718 0 0
2026-08-13 2722 1446.214 0 0
2026-08-14 2721 1446.214 0 0
>>>>>>> 2b550085baac25c543016ca743053a87bf115d5d
2026-08-15 2717 1446.548 0 0
2026-08-16 2719 1451.071 0 0
2026-08-17 2718 1451.071 0 0
2026-08-18 2718 1451.071 0 0
2026-08-19 2719 1451.912 0 0
2026-08-20 2715 1451.239 0 0
2026-08-21 2709 1461.395 0 0
2026-08-22 2715 1463.956 0 0
2026-08-24 2719 1462.589 0 0
2026-08-25 2709 1462.589 0 0
2026-08-26 2715 1461.736 0 0
2026-08-27 2715 1462.248 0 0
2026-08-28 2721 1459.182 0 0
2026-08-29 2722 1459.182 0 0
2026-08-30 2727 1456.13 0 0
2026-08-31 2723 1456.13 0 0
