2026-03-10 1040 4059.097 0 0
2026-03-11 1093 3884.94 -174.157 -4.291
2026-03-12 1152 3672.896 -212.044 -5.458
2026-03-13 1231 3397.588 -275.308 -7.496
2026-03-14 1239 3378.149 -19.439 -0.572
2026-03-15 1239 3378.149 0 0
2026-03-16 1243 3380.677 2.528 0.075
2026-03-17 1241 3392.53 11.853 0.351
2026-03-18 1393 3016.826 -375.704 -11.074
2026-03-19 1528 2699.39 -317.436 -10.522
2026-03-20 1607 2529.453 -169.937 -6.295
2026-03-21 1607 2528.137 -1.316 -0.052
2026-03-22 1607 2528.137 0 0
2026-03-23 1500 2735.856 207.719 8.216
2026-03-24 1447 2829.398 93.542 3.419
2026-03-25 1410 2936.207 106.809 3.775
2026-03-27 1460 2817.68 -118.527 -4.037
2026-03-28 1463 2801.005 -16.675 -0.592
2026-03-29 1463 2801.005 0 0
2026-03-30 1524 2664.386 -136.619 -4.877
2026-03-31 1369 3014.273 349.887 13.132
2026-04-01 1316 3134.915 120.642 4.002
2026-04-02 1329 3118.82 -16.095 -0.513
2026-04-03 1329 3113.078 -5.742 -0.184
2026-04-04 1329 3113.078 0 0
2026-04-05 1329 3113.078 0 0
2026-04-06 1335 3103.603 -9.475 -0.304
2026-04-07 1329 3115.742 12.139 0.391
2026-04-08 1323 3156.188 40.446 1.298
2026-04-09 1275 3287.303 131.115 4.154
2026-04-10 1287 3246.694 -40.609 -1.235
2026-04-11 1291 3245.248 -1.446 -0.045
2026-04-12 1291 3245.248 0 0
2026-04-13 1261 3354.854 109.606 3.377
2026-04-14 1207 3558.462 203.608 6.069
2026-04-15 1234 3454.501 -103.961 -2.922
2026-04-16 1228 3503.822 49.321 1.428
2026-04-17 1161 3734.864 231.042 6.594
2026-04-18 1161 3743.525 8.661 0.232
2026-04-19 1161 3743.525 0 0
2026-04-20 1165 3713.596 -29.929 -0.799
2026-04-21 1281 3349.866 -363.73 -9.795
2026-04-22 1244 3448.918 99.052 2.957
2026-04-23 1318 3225.172 -223.746 -6.487
2026-04-24 1318 3213.01 -12.162 -0.377
2026-04-25 1315 3211.749 -1.261 -0.039
2026-04-26 1315 3211.749 0 0
2026-04-27 1323 3203.665 -8.084 -0.252
2026-04-28 1401 3007.914 -195.751 -6.11
2026-04-29 1465 2869.243 -138.671 -4.61
2026-04-30 1410 2981.359 112.116 3.908
2026-05-01 1369 3109.992 128.633 4.315
2026-05-02 1373 3115.512 5.52 0.177
2026-05-04 1414 2983.288 -132.224 -4.244
2026-05-05 1446 2921.816 -61.472 -2.061
2026-05-06 1299 3291.987 370.171 12.669
2026-05-07 1323 3266.714 -25.273 -0.768
2026-05-08 1299 3337.097 70.383 2.155
2026-05-09 1302 3328.002 -9.095 -0.273
2026-05-10 1302 3328.002 0 0
<<<<<<< HEAD
2026-05-11 1191 3618.929 290.927 8.742
2026-05-12 1146 3761.17 142.241 3.93
2026-05-13 1170 3683.946 -77.224 -2.053
2026-05-14 1251 3449.757 -234.189 -6.357
2026-05-15 1357 3162.227 -287.53 -8.335
2026-05-16 1354 3157.675 -4.552 -0.144
2026-05-17 1354 3157.675 0 0
2026-05-18 1380 3086.498 -71.177 -2.254
2026-05-19 1473 2869.324 -217.174 -7.036
2026-05-20 1433 2938.345 69.021 2.405
2026-05-21 1432 2942.963 4.618 0.157
2026-05-22 1487 2845.36 -97.603 -3.316
2026-05-23 1492 2833.855 -11.505 -0.404
2026-05-24 1492 2833.855 0 0
2026-05-26 1445 2923.169 89.314 3.152
2026-05-27 1507 2804.858 -118.311 -4.047
2026-05-28 1450 2907.639 102.781 3.664
2026-05-29 1423 2977.676 70.037 2.409
2026-05-31 1421 2984.048 6.372 0.214
2026-06-01 1442 2935.966 -48.082 -1.611
2026-06-02 1396 3047.098 111.132 3.785
2026-06-03 1487 2828.689 -218.409 -7.168
2026-06-04 1532 2756.458 -72.231 -2.554
2026-06-05 1760 2355.982 -400.476 -14.529
2026-06-06 1759 2353.013 -2.969 -0.126
2026-06-07 1759 2353.013 0 0
2026-06-08 1744 2362.758 9.745 0.414
2026-06-09 1845 2241.451 -121.307 -5.134
2026-06-10 1967 2103.837 -137.614 -6.14
2026-06-11 1779 2306.571 202.734 9.636
2026-06-12 1729 2395.106 88.535 3.838
2026-06-13 1729 2401.716 6.61 0.276
2026-06-15 1607 2606.854 205.138 8.541
2026-06-16 1593 2628.535 21.681 0.832
2026-06-17 1667 2512.751 -115.784 -4.405
2026-06-18 1691 2474.46 -38.291 -1.524
2026-06-19 1719 2424.728 -49.732 -2.01
2026-06-20 1719 2424.728 0 0
2026-06-21 1719 2424.728 0 0
2026-06-23 1893 2182.523 -242.205 -9.989
2026-06-24 2037 2026.808 -155.715 -7.135
2026-06-25 1988 2075.572 48.764 2.406
2026-06-26 1827 2252.89 177.318 8.543
2026-06-27 1828 2253.27 0.38 0.017
2026-06-28 1828 2253.27 0 0
2026-06-29 1834 2254.909 1.639 0.073
2026-06-30 1852 2235.751 -19.158 -0.85
2026-07-01 1866 2230.636 -5.115 -0.229
2026-07-02 1754 2359.309 128.673 5.768
2026-07-03 1685 2482.791 123.482 5.234
2026-07-04 1685 2482.791 0 0
2026-07-05 1685 2482.791 0 0
2026-07-06 1738 2395.802 -86.989 -3.504
2026-07-07 1883 2208.922 -186.88 -7.8
2026-07-08 1944 2115.253 -93.669 -4.24
2026-07-09 1873 2208.835 93.582 4.424
2026-07-10 1909 2168.203 -40.632 -1.84
2026-07-11 1909 2171.048 2.845 0.131
2026-07-12 1909 2171.048 0 0
2026-07-13 2014 2034.835 -136.213 -6.274
2026-07-14 1966 2099.887 65.052 3.197
2026-07-15 2012 2046.833 -53.054 -2.527
2026-07-16 2228 1853.279 -193.554 -9.456
2026-07-17 2152 1910.765 57.486 3.102
2026-07-18 2148 1913.176 2.411 0.126
2026-07-19 2147 1913.176 0 0
2026-07-20 2167 1886.398 -26.778 -1.4
2026-07-21 1947 2105.64 219.242 11.622
2026-07-22 1856 2216.637 110.997 5.271
2026-07-23 1985 2074.676 -141.961 -6.404
2026-07-24 1975 2079.807 5.131 0.247
2026-07-25 1974 2080.448 0.641 0.031
2026-07-26 1974 2080.448 0 0
2026-07-27 1943 2122.148 41.7 2.004
2026-07-28 1981 2069.535 -52.613 -2.479
2026-07-29 2047 2002.799 -66.736 -3.225
2026-07-30 1926 2135.616 132.817 6.632
2026-07-31 2006 2056.149 -79.467 -3.721
2026-08-01 2009 2054.725 -1.424 -0.069
2026-08-02 2009 2054.725 0 0
2026-08-03 1966 2112.65 57.925 2.819
2026-08-04 1789 2316.712 204.062 9.659
2026-08-05 1655 2551.386 234.674 10.13
2026-08-06 1646 2554.023 2.637 0.103
2026-08-07 1519 2782.928 228.905 8.963
2026-08-08 1518 2795.621 12.693 0.456
2026-08-09 1518 2795.621 0 0
2026-08-10 1481 2884.88 89.259 3.193
2026-08-11 1485 2863.897 -20.983 -0.727
2026-08-12 1488 2860.17 -3.727 -0.13
2026-08-13 1502 2827.761 -32.409 -1.133
=======
2026-05-11 1310 3328.002 0 0
2026-05-12 1190 3618.929 0 0
2026-05-13 1145 3761.17 0 0
2026-05-14 1167 3683.946 0 0
2026-05-15 1252 3449.757 0 0
2026-05-16 1357 3162.227 0 0
2026-05-17 1354 3157.675 0 0
2026-05-18 1351 3157.675 0 0
2026-05-19 1381 3086.498 0 0
2026-05-20 1471 2869.324 0 0
2026-05-21 1434 2938.345 0 0
2026-05-22 1460 2895.803 0 0
2026-05-23 1487 2845.36 0 0
2026-05-24 1492 2833.855 0 0
2026-05-25 1494 2833.855 0 0
2026-05-26 1458 2901.496 0 0
2026-05-27 1443 2923.169 0 0
2026-05-28 1502 2804.858 0 0
2026-05-29 1454 2907.639 0 0
2026-05-30 1423 2977.676 0 0
2026-05-31 1421 2984.048 0 0
2026-06-01 1423 2984.048 0 0
2026-06-02 1445 2935.966 0 0
2026-06-03 1396 3047.098 0 0
2026-06-04 1482 2828.689 0 0
2026-06-05 1532 2756.458 0 0
2026-06-06 1760 2355.982 0 0
2026-06-07 1759 2353.013 0 0
2026-06-09 1746 2362.758 0 0
2026-06-10 1836 2241.451 0 0
2026-06-11 1961 2103.837 0 0
2026-06-12 1782 2306.571 0 0
2026-06-13 1729 2395.106 0 0
2026-06-14 1729 2401.716 0 0
2026-06-16 1612 2606.854 0 0
2026-06-17 1595 2628.535 0 0
2026-06-18 1665 2512.751 0 0
2026-06-19 1689 2474.46 0 0
2026-06-20 1719 2424.728 0 0
2026-06-21 1719 2424.728 0 0
2026-06-22 1719 2424.728 0 0
2026-06-23 1745 2380.116 0 0
2026-06-24 1890 2182.523 0 0
2026-06-25 2038 2026.808 0 0
2026-06-26 1978 2075.572 0 0
2026-06-27 1827 2252.89 0 0
2026-06-28 1828 2253.27 0 0
2026-06-29 1830 2253.27 0 0
2026-06-30 1836 2254.909 0 0
2026-07-01 1859 2235.751 0 0
2026-07-02 1867 2230.636 0 0
2026-07-03 1753 2359.309 0 0
2026-07-04 1685 2482.791 0 0
2026-07-05 1685 2482.791 0 0
2026-07-06 1686 2482.791 0 0
2026-07-07 1739 2395.802 0 0
2026-07-08 1876 2208.922 0 0
2026-07-09 1941 2115.253 0 0
2026-07-10 1881 2208.835 0 0
2026-07-11 1909 2168.203 0 0
2026-07-12 1909 2171.048 0 0
2026-07-13 1903 2171.048 0 0
2026-07-14 2011 2034.835 0 0
2026-07-15 1969 2099.887 0 0
2026-07-16 2011 2046.833 0 0
2026-07-17 2220 1853.279 0 0
2026-07-18 2152 1910.765 0 0
2026-07-19 2148 1913.176 0 0
2026-07-20 2142 1913.176 0 0
2026-07-21 2171 1886.398 0 0
2026-07-22 1953 2105.64 0 0
2026-07-23 1859 2216.637 0 0
2026-07-24 1979 2074.676 0 0
2026-07-25 1975 2079.807 0 0
2026-07-26 1974 2080.448 0 0
2026-07-27 1975 2080.448 0 0
2026-07-28 1934 2122.148 0 0
2026-07-29 1984 2069.535 0 0
2026-07-30 2051 2002.799 0 0
2026-07-31 1937 2135.616 0 0
2026-08-01 2006 2056.149 0 0
2026-08-02 2009 2054.725 0 0
2026-08-03 2009 2054.725 0 0
2026-08-04 1970 2112.65 0 0
2026-08-05 1789 2316.712 0 0
2026-08-06 1654 2551.386 0 0
2026-08-07 1646 2554.023 0 0
2026-08-08 1519 2782.928 0 0
2026-08-09 1518 2795.621 0 0
2026-08-10 1521 2795.621 0 0
2026-08-11 1478 2884.88 0 0
2026-08-12 1488 2863.897 0 0
2026-08-13 1487 2861.222 0 0
2026-08-14 1504 2827.761 0 0
>>>>>>> 2b550085baac25c543016ca743053a87bf115d5d
2026-08-15 1474 2880.352 0 0
2026-08-16 1473 2890.694 0 0
2026-08-17 1472 2890.694 0 0
2026-08-18 1491 2861.104 0 0
2026-08-19 1557 2698.17 0 0
2026-08-20 1393 3070.671 0 0
2026-08-21 1420 3014.684 0 0
2026-08-22 1394 3078.324 0 0
2026-08-23 1394 3079.574 0 0
2026-08-24 1394 3079.574 0 0
2026-08-25 1383 3092.325 0 0
2026-08-26 1361 3155.719 0 0
2026-08-27 1376 3120.809 0 0
