2026-03-10 3094 1181.232 0 0
2026-03-11 3114 1170.615 -10.617 -0.899
2026-03-12 3127 1162.84 -7.775 -0.664
2026-03-13 3170 1129.779 -33.061 -2.843
2026-03-14 3182 1118.83 -10.949 -0.969
2026-03-15 3181 1118.83 0 0
2026-03-16 3195 1108.43 -10.4 -0.93
2026-03-17 3192 1111.253 2.823 0.255
2026-03-18 3149 1140.76 29.507 2.655
2026-03-19 3174 1119.838 -20.922 -1.834
2026-03-20 3174 1107.434 -12.404 -1.108
2026-03-21 3177 1106.914 -0.52 -0.047
2026-03-22 3177 1106.914 0 0
2026-03-23 3155 1115.476 8.562 0.774
2026-03-24 3145 1119.532 4.056 0.364
2026-03-25 3114 1142.924 23.392 2.089
2026-03-27 3153 1117.154 -25.77 -2.255
2026-03-28 3173 1102.374 -14.78 -1.323
2026-03-29 3172 1102.374 0 0
2026-03-30 3144 1113.676 11.302 1.025
2026-03-31 3170 1099.421 -14.255 -1.28
2026-04-01 3163 1111.989 12.568 1.143
2026-04-02 3151 1118.457 6.468 0.582
2026-04-03 3156 1111.492 -6.965 -0.623
2026-04-04 3156 1111.492 0 0
2026-04-05 3156 1111.492 0 0
2026-04-06 3157 1111.492 0 0
2026-04-07 3151 1115.486 3.994 0.359
2026-04-08 3120 1148.587 33.101 2.967
2026-04-09 3104 1165.012 16.425 1.43
2026-04-10 3103 1166.885 1.873 0.161
2026-04-11 3096 1176.951 10.066 0.863
2026-04-12 3096 1176.951 0 0
2026-04-13 3083 1178.877 1.926 0.164
2026-04-14 3077 1193.04 14.163 1.201
2026-04-15 3093 1194.173 1.133 0.095
2026-04-16 3084 1201.746 7.573 0.634
2026-04-17 3083 1205.287 3.541 0.295
2026-04-18 3066 1214.873 9.586 0.795
2026-04-19 3066 1214.873 0 0
2026-04-20 3087 1204.126 -10.747 -0.885
2026-04-21 3103 1190.035 -14.091 -1.17
2026-04-22 3130 1175.276 -14.759 -1.24
2026-04-23 3123 1171.872 -3.404 -0.29
2026-04-24 3137 1158.743 -13.129 -1.12
2026-04-25 3141 1154.07 -4.673 -0.403
2026-04-26 3141 1154.07 0 0
2026-04-27 3159 1144.44 -9.63 -0.834
2026-04-28 3153 1149.306 4.866 0.425
2026-04-29 3179 1129.851 -19.455 -1.693
2026-04-30 3171 1130.919 1.068 0.095
2026-05-01 3170 1135.332 4.413 0.39
2026-05-02 3156 1144.76 9.428 0.83
2026-05-04 3153 1145.731 0.971 0.085
2026-05-05 3160 1145.301 -0.43 -0.038
2026-05-06 3148 1154.922 9.621 0.84
2026-05-07 3161 1159.269 4.347 0.376
2026-05-08 3195 1146.589 -12.68 -1.094
2026-05-09 3197 1144.574 -2.015 -0.176
2026-05-10 3197 1144.574 0 0
<<<<<<< HEAD
2026-05-11 3134 1176.462 31.888 2.786
2026-05-12 3127 1169.266 -7.196 -0.612
2026-05-13 3117 1172.438 3.172 0.271
2026-05-14 3122 1169.747 -2.691 -0.23
2026-05-15 3109 1173.89 4.143 0.354
2026-05-16 3130 1163.17 -10.72 -0.913
2026-05-17 3130 1163.17 0 0
2026-05-18 3159 1140.502 -22.668 -1.949
2026-05-19 3141 1152.71 12.208 1.07
2026-05-20 3115 1167.853 15.143 1.314
2026-05-21 3105 1177.766 9.913 0.849
2026-05-22 3091 1185.392 7.626 0.647
2026-05-23 3106 1182.38 -3.012 -0.254
2026-05-24 3107 1182.38 0 0
2026-05-26 3108 1184.282 1.902 0.161
2026-05-27 3090 1187.999 3.717 0.314
2026-05-28 3111 1181.495 -6.504 -0.547
2026-05-29 3112 1176.473 -5.022 -0.425
2026-05-31 3107 1181.035 4.562 0.388
2026-06-01 3146 1156.922 -24.113 -2.042
2026-06-02 3130 1159.746 2.824 0.244
2026-06-03 3135 1158.027 -1.719 -0.148
2026-06-04 3134 1152.725 -5.302 -0.458
2026-06-05 3089 1166.211 13.486 1.17
2026-06-06 3107 1157.221 -8.99 -0.771
2026-06-07 3107 1157.221 0 0
2026-06-08 3101 1154.388 -2.833 -0.245
2026-06-09 3120 1148.441 -5.947 -0.515
2026-06-10 3017 1201.758 53.317 4.643
2026-06-11 3010 1206.118 4.36 0.363
2026-06-12 3010 1211.364 5.246 0.435
2026-06-13 2980 1229.041 17.677 1.459
2026-06-15 2986 1231.878 2.837 0.231
2026-06-16 2975 1248.061 16.183 1.314
2026-06-17 3021 1220.675 -27.386 -2.194
2026-06-18 3012 1225.123 4.448 0.364
2026-06-19 3041 1207.262 -17.861 -1.458
2026-06-20 3041 1207.262 0 0
2026-06-21 3041 1207.262 0 0
2026-06-23 3061 1187.388 -19.874 -1.646
2026-06-24 3119 1155.309 -32.079 -2.702
2026-06-25 3113 1151.446 -3.863 -0.334
2026-06-26 3118 1145.569 -5.877 -0.51
2026-06-27 3122 1144.002 -1.567 -0.137
2026-06-28 3122 1144.002 0 0
2026-06-29 3117 1153.158 9.156 0.8
2026-06-30 3068 1181.578 28.42 2.465
2026-07-01 3083 1177.34 -4.238 -0.359
2026-07-02 3054 1198.687 21.347 1.813
2026-07-03 3062 1203.092 4.405 0.367
2026-07-04 3062 1203.092 0 0
2026-07-05 3062 1203.092 0 0
2026-07-06 3073 1192.025 -11.067 -0.92
2026-07-07 3108 1173.966 -18.059 -1.515
2026-07-08 3123 1156.487 -17.479 -1.489
2026-07-09 3110 1160.629 4.142 0.358
2026-07-10 3105 1167.94 7.311 0.63
2026-07-11 3108 1169.198 1.258 0.108
2026-07-12 3108 1169.198 0 0
2026-07-13 3087 1171.965 2.767 0.237
2026-07-14 3087 1174.713 2.748 0.234
2026-07-15 3049 1199.066 24.353 2.073
2026-07-16 3050 1199.269 0.203 0.017
2026-07-17 3058 1187.179 -12.09 -1.008
2026-07-18 3056 1186.589 -0.59 -0.05
2026-07-19 3055 1186.589 0 0
2026-07-20 3071 1175.512 -11.077 -0.934
2026-07-21 3089 1170.258 -5.254 -0.447
2026-07-22 3051 1188.184 17.926 1.532
2026-07-23 3070 1177.465 -10.719 -0.902
2026-07-24 3038 1193.677 16.212 1.377
2026-07-25 3024 1200.354 6.677 0.559
2026-07-26 3024 1200.354 0 0
2026-07-27 3049 1193.933 -6.421 -0.535
2026-07-28 3041 1192.99 -0.943 -0.079
2026-07-29 3062 1183.786 -9.204 -0.772
2026-07-30 3041 1191.784 7.998 0.676
2026-07-31 3017 1214.563 22.779 1.911
2026-08-01 3010 1217.733 3.17 0.261
2026-08-02 3010 1217.733 0 0
2026-08-03 3016 1219.6 1.867 0.153
2026-08-04 3015 1221.389 1.789 0.147
2026-08-05 3004 1233.68 12.291 1.006
2026-08-06 2994 1245.746 12.066 0.978
2026-08-07 3003 1242.878 -2.868 -0.23
2026-08-08 3003 1244.544 1.666 0.134
2026-08-09 3003 1244.544 0 0
2026-08-10 3032 1230.449 -14.095 -1.133
2026-08-11 3041 1220.113 -10.336 -0.84
2026-08-12 3072 1209.172 -10.941 -0.897
2026-08-13 3080 1198.142 -11.03 -0.912
=======
2026-05-11 3198 1144.574 0 0
2026-05-12 3127 1176.462 0 0
2026-05-13 3125 1169.266 0 0
2026-05-14 3114 1172.438 0 0
2026-05-15 3131 1169.747 0 0
2026-05-16 3109 1173.89 0 0
2026-05-17 3130 1163.17 0 0
2026-05-18 3126 1163.17 0 0
2026-05-19 3166 1140.502 0 0
2026-05-20 3139 1152.71 0 0
2026-05-21 3123 1167.853 0 0
2026-05-22 3126 1168.233 0 0
2026-05-23 3091 1185.392 0 0
2026-05-24 3106 1182.38 0 0
2026-05-25 3108 1182.38 0 0
2026-05-26 3064 1202.348 0 0
2026-05-27 3106 1184.282 0 0
2026-05-28 3083 1188.955 0 0
2026-05-29 3107 1181.495 0 0
2026-05-30 3112 1176.473 0 0
2026-05-31 3107 1181.035 0 0
2026-06-01 3115 1181.035 0 0
2026-06-02 3145 1156.922 0 0
2026-06-03 3134 1159.746 0 0
2026-06-04 3122 1158.027 0 0
2026-06-05 3134 1152.725 0 0
2026-06-06 3089 1166.211 0 0
2026-06-07 3107 1157.221 0 0
2026-06-09 3101 1154.388 0 0
2026-06-10 3110 1148.441 0 0
2026-06-11 3018 1201.758 0 0
2026-06-12 3020 1206.118 0 0
2026-06-13 3010 1211.364 0 0
2026-06-14 2980 1229.041 0 0
2026-06-16 2988 1231.878 0 0
2026-06-17 2975 1248.061 0 0
2026-06-18 3021 1220.675 0 0
2026-06-19 3011 1225.123 0 0
2026-06-20 3041 1207.262 0 0
2026-06-21 3041 1207.262 0 0
2026-06-22 3042 1207.262 0 0
2026-06-23 3052 1200.729 0 0
2026-06-24 3059 1187.388 0 0
2026-06-25 3115 1155.309 0 0
2026-06-26 3106 1151.446 0 0
2026-06-27 3118 1145.569 0 0
2026-06-28 3122 1144.002 0 0
2026-06-29 3125 1144.002 0 0
2026-06-30 3121 1153.158 0 0
2026-07-01 3074 1181.578 0 0
2026-07-02 3089 1177.34 0 0
2026-07-03 3061 1198.687 0 0
2026-07-04 3062 1203.092 0 0
2026-07-05 3062 1203.092 0 0
2026-07-06 3062 1203.092 0 0
2026-07-07 3065 1192.025 0 0
2026-07-08 3100 1173.966 0 0
2026-07-09 3113 1156.487 0 0
2026-07-10 3118 1160.629 0 0
2026-07-11 3105 1167.94 0 0
2026-07-12 3108 1169.198 0 0
2026-07-13 3098 1169.198 0 0
2026-07-14 3084 1171.965 0 0
2026-07-15 3094 1174.713 0 0
2026-07-16 3056 1199.066 0 0
2026-07-17 3044 1199.269 0 0
2026-07-18 3058 1187.179 0 0
2026-07-19 3056 1186.589 0 0
2026-07-20 3056 1186.589 0 0
2026-07-21 3075 1175.512 0 0
2026-07-22 3088 1170.258 0 0
2026-07-23 3057 1188.184 0 0
2026-07-24 3065 1177.465 0 0
2026-07-25 3038 1193.677 0 0
2026-07-26 3024 1200.354 0 0
2026-07-27 3030 1200.354 0 0
2026-07-28 3040 1193.933 0 0
2026-07-29 3045 1192.99 0 0
2026-07-30 3060 1183.786 0 0
2026-07-31 3048 1191.784 0 0
2026-08-01 3017 1214.563 0 0
2026-08-02 3010 1217.733 0 0
2026-08-03 3013 1217.733 0 0
2026-08-04 3018 1219.6 0 0
2026-08-05 3019 1221.389 0 0
2026-08-06 3007 1233.68 0 0
2026-08-07 2993 1245.746 0 0
2026-08-08 3003 1242.878 0 0
2026-08-09 3003 1244.544 0 0
2026-08-10 3002 1244.544 0 0
2026-08-11 3027 1230.449 0 0
2026-08-12 3045 1220.113 0 0
2026-08-13 3071 1209.172 0 0
2026-08-14 3085 1198.142 0 0
>>>>>>> 2b550085baac25c543016ca743053a87bf115d5d
2026-08-15 3092 1194.19 0 0
2026-08-16 3084 1199.693 0 0
2026-08-17 3084 1199.693 0 0
2026-08-18 3101 1191.261 0 0
2026-08-19 3104 1188.876 0 0
2026-08-20 3060 1209.73 0 0
2026-08-21 3025 1228.206 0 0
2026-08-22 3018 1236.987 0 0
2026-08-24 3018 1239.221 0 0
2026-08-25 3027 1231.697 0 0
2026-08-26 3041 1227.742 0 0
2026-08-27 3001 1252.907 0 0
2026-08-28 2971 1276.972 0 0
2026-08-29 2995 1261.558 0 0
