2026-03-10 2485 1602.133 0 0
2026-03-11 2486 1609.597 7.464 0.466
2026-03-12 2482 1598.427 -11.17 -0.694
2026-03-13 2476 1592.349 -6.078 -0.38
2026-03-14 2481 1581.598 -10.751 -0.675
2026-03-15 2481 1581.598 0 0
2026-03-16 2481 1581.598 0 0
2026-03-17 2475 1587.229 5.631 0.356
2026-03-18 2480 1587.229 0 0
2026-03-19 2462 1591.066 3.837 0.242
2026-03-20 2451 1591.249 0.183 0.012
2026-03-21 2441 1595.474 4.225 0.266
2026-03-22 2441 1595.474 0 0
2026-03-23 2431 1595.474 0 0
2026-03-24 2426 1601.205 5.731 0.359
2026-03-25 2442 1600.093 -1.112 -0.069
2026-03-26 2439 1600.093 0 0
2026-03-27 2440 1600.093 0 0
2026-03-28 2437 1592.166 -7.927 -0.495
2026-03-29 2437 1592.166 0 0
2026-03-30 2440 1592.166 0 0
2026-03-31 2447 1584.499 -7.667 -0.482
2026-04-01 2451 1592.349 7.85 0.495
2026-04-02 2441 1606.416 14.067 0.883
2026-04-03 2445 1596.396 -10.02 -0.624
2026-04-04 2445 1596.396 0 0
2026-04-05 2445 1596.396 0 0
2026-04-06 2446 1596.396 0 0
2026-04-07 2442 1595.106 -1.29 -0.081
2026-04-08 2477 1595.106 0 0
2026-04-09 2469 1616.185 21.079 1.321
2026-04-10 2473 1614.863 -1.322 -0.082
2026-04-11 2466 1620.924 6.061 0.375
2026-04-12 2465 1620.924 0 0
2026-04-13 2462 1620.924 0 0
2026-04-14 2474 1618.456 -2.468 -0.152
2026-04-15 2478 1632.026 13.57 0.838
2026-04-16 2487 1630.486 -1.54 -0.094
2026-04-17 2505 1626.839 -3.647 -0.224
2026-04-18 2500 1632.605 5.766 0.354
2026-04-19 2500 1632.605 0 0
2026-04-20 2498 1632.605 0 0
2026-04-21 2499 1626.839 -5.766 -0.353
2026-04-22 2498 1624.163 -2.676 -0.164
2026-04-23 2490 1619.405 -4.758 -0.293
2026-04-24 2488 1618.456 -0.949 -0.059
2026-04-25 2487 1617.699 -0.757 -0.047
2026-04-26 2486 1617.699 0 0
2026-04-27 2492 1617.699 0 0
2026-04-28 2478 1621.875 4.176 0.258
2026-04-29 2482 1617.131 -4.744 -0.293
2026-04-30 2485 1616.942 -0.189 -0.012
2026-05-01 2486 1621.114 4.172 0.258
2026-05-02 2483 1626.265 5.151 0.318
2026-05-04 2485 1626.265 0 0
2026-05-05 2492 1618.078 -8.187 -0.503
2026-05-06 2493 1618.078 0 0
2026-05-07 2502 1624.735 6.657 0.411
2026-05-08 2501 1627.606 2.871 0.177
2026-05-09 2501 1627.222 -0.384 -0.024
2026-05-10 2501 1627.222 0 0
2026-05-11 2500 1627.222 0 0
2026-05-12 2494 1627.989 0.767 0.047
2026-05-13 2496 1621.875 -6.114 -0.376
2026-05-14 2493 1618.078 -3.797 -0.234
2026-05-15 2494 1614.109 -3.969 -0.245
2026-05-16 2494 1607.351 -6.758 -0.419
2026-05-17 2494 1607.351 0 0
2026-05-18 2493 1607.351 0 0
2026-05-19 2492 1608.847 1.496 0.093
2026-05-20 2497 1602.69 -6.157 -0.383
2026-05-21 2497 1605.856 3.166 0.198
2026-05-22 2499 1605.856 0 0
2026-05-23 2503 1602.876 -2.98 -0.186
2026-05-24 2503 1602.876 0 0
2026-05-26 2515 1602.876 0 0
2026-05-27 2505 1606.416 3.54 0.221
2026-05-28 2500 1606.79 0.374 0.023
2026-05-29 2491 1609.597 2.807 0.175
2026-05-31 2491 1612.79 3.193 0.198
2026-06-01 2501 1612.79 0 0
2026-06-02 2500 1605.483 -7.307 -0.453
2026-06-03 2491 1609.222 3.739 0.233
2026-06-04 2498 1604.738 -4.484 -0.279
2026-06-05 2480 1607.351 2.613 0.163
2026-06-06 2487 1597.503 -9.848 -0.613
2026-06-07 2487 1597.503 0 0
2026-06-08 2474 1597.503 0 0
2026-06-09 2482 1595.106 -2.397 -0.15
2026-06-10 2479 1597.873 2.767 0.173
2026-06-11 2481 1596.58 -1.293 -0.081
2026-06-12 2498 1591.799 -4.781 -0.299
2026-06-13 2499 1599.537 7.738 0.486
2026-06-15 2514 1599.537 0 0
2026-06-16 2510 1604.179 4.642 0.29
2026-06-17 2512 1604.179 0 0
2026-06-18 2514 1601.576 -2.603 -0.162
2026-06-19 2519 1587.411 -14.165 -0.884
2026-06-20 2519 1587.411 0 0
2026-06-21 2519 1587.411 0 0
2026-06-23 2504 1581.779 -5.632 -0.355
2026-06-24 2523 1573.136 -8.643 -0.546
2026-06-25 2523 1567.249 -5.887 -0.374
2026-06-26 2517 1572.241 4.992 0.319
2026-06-27 2515 1574.749 2.508 0.16
2026-06-28 2515 1574.749 0 0
2026-06-29 2530 1574.749 0 0
2026-06-30 2531 1578.527 3.778 0.24
2026-07-01 2529 1579.97 1.443 0.091
2026-07-02 2546 1574.57 -5.4 -0.342
2026-07-03 2535 1581.417 6.847 0.435
2026-07-04 2535 1581.417 0 0
2026-07-05 2535 1581.417 0 0
2026-07-06 2540 1581.417 0 0
2026-07-07 2538 1577.986 -3.431 -0.217
2026-07-08 2524 1580.151 2.165 0.137
2026-07-09 2534 1576.366 -3.785 -0.24
2026-07-10 2531 1579.97 3.604 0.229
2026-07-11 2533 1578.707 -1.263 -0.08
2026-07-12 2533 1578.707 0 0
2026-07-13 2527 1578.707 0 0
2026-07-14 2535 1576.186 -2.521 -0.16
2026-07-15 2529 1581.598 5.412 0.343
2026-07-16 2523 1580.512 -1.086 -0.069
2026-07-17 2507 1581.417 0.905 0.057
2026-07-18 2504 1581.055 -0.362 -0.023
2026-07-19 2503 1581.055 0 0
2026-07-20 2496 1581.055 0 0
2026-07-21 2520 1576.366 -4.689 -0.297
2026-07-22 2512 1576.186 -0.18 -0.011
2026-07-23 2502 1576.906 0.72 0.046
2026-07-24 2505 1571.526 -5.38 -0.341
2026-07-25 2506 1572.599 1.073 0.068
2026-07-26 2506 1572.599 0 0
2026-07-27 2515 1572.599 0 0
2026-07-28 2523 1571.526 -1.073 -0.068
2026-07-29 2513 1573.494 1.968 0.125
2026-07-30 2514 1572.957 -0.537 -0.034
2026-07-31 2506 1589.785 16.828 1.07
2026-08-01 2508 1590.151 0.366 0.023
2026-08-02 2508 1590.151 0 0
2026-08-03 2512 1590.151 0 0
2026-08-04 2529 1591.249 1.098 0.069
2026-08-05 2538 1592.533 1.284 0.081
2026-08-06 2532 1596.58 4.047 0.254
2026-08-07 2543 1594.186 -2.394 -0.15
2026-08-08 2541 1596.765 2.579 0.162
2026-08-09 2541 1596.765 0 0
2026-08-10 2544 1596.765 0 0
2026-08-11 2537 1596.765 0 0
2026-08-12 2539 1595.106 -1.659 -0.104
2026-08-13 2533 1595.106 0 0
2026-08-15 2539 1600.463 5.357 0.336
2026-08-16 2539 1600.463 0 0
2026-08-17 2538 1600.463 0 0
2026-08-18 2536 1601.39 0.927 0.058
2026-08-19 2522 1600.649 -0.741 -0.046
2026-08-20 2520 1611.85 11.201 0.7
2026-08-21 2525 1614.675 2.825 0.175
2026-08-23 2527 1613.167 -1.508 -0.093
2026-08-24 2520 1613.167 0 0
2026-08-25 2527 1612.226 -0.941 -0.058
2026-08-26 2525 1612.79 0.564 0.035
2026-08-27 2537 1609.41 -3.38 -0.21
2026-08-28 2539 1609.41 0 0
2026-08-29 2539 1606.043 -3.367 -0.209
2026-08-30 2539 1606.043 0 0
2026-08-31 2546 1606.043 0 0
2026-09-01 2540 1606.043 0 0
2026-09-02 2536 1605.297 0 0
2026-09-03 2538 1602.505 0 0
2026-09-04 2545 1602.133 0 0
