2026-03-10 3206 1111.112 0 0
2026-03-11 3254 1080.094 -31.018 -2.792
2026-03-12 3240 1085.745 5.651 0.523
2026-03-13 3199 1112.165 26.42 2.433
2026-03-14 3194 1110.272 -1.893 -0.17
2026-03-15 3193 1110.272 0 0
2026-03-16 3187 1117.18 6.908 0.622
2026-03-17 3149 1137.992 20.812 1.863
2026-03-18 3150 1140.296 2.304 0.202
2026-03-19 3197 1101.572 -38.724 -3.396
2026-03-20 3192 1099.024 -2.548 -0.231
2026-03-21 3190 1099.339 0.315 0.029
2026-03-22 3190 1099.339 0 0
2026-03-23 3081 1150.442 51.103 4.649
2026-03-24 3164 1107.889 -42.553 -3.699
2026-03-25 3170 1109.776 1.887 0.17
2026-03-26 3200 1091.419 -18.357 -1.654
2026-03-27 3197 1092.566 1.147 0.105
2026-03-28 3195 1089.804 -2.762 -0.253
2026-03-29 3194 1089.804 0 0
2026-03-30 3162 1101.248 11.444 1.05
2026-03-31 3161 1100.993 -0.255 -0.023
2026-04-01 3159 1115.616 14.623 1.328
2026-04-02 3160 1111.043 -4.573 -0.41
2026-04-03 3171 1102.847 -8.196 -0.738
2026-04-04 3171 1102.847 0 0
2026-04-05 3171 1102.847 0 0
2026-04-06 3124 1129.724 26.877 2.437
2026-04-07 3185 1095.227 -34.497 -3.054
2026-04-08 3181 1116.337 21.11 1.927
2026-04-09 3188 1115.112 -1.225 -0.11
2026-04-10 3056 1198.169 83.057 7.448
2026-04-11 3063 1195.634 -2.535 -0.212
2026-04-12 3063 1195.634 0 0
2026-04-13 3096 1173.994 -21.64 -1.81
2026-04-14 3019 1221.738 47.744 4.067
2026-04-15 3044 1217.124 -4.614 -0.378
2026-04-16 3064 1211.795 -5.329 -0.438
2026-04-17 2977 1259.113 47.318 3.905
2026-04-18 2986 1256.758 -2.355 -0.187
2026-04-19 2986 1256.758 0 0
2026-04-20 2998 1251.085 -5.673 -0.451
2026-04-21 3041 1227.731 -23.354 -1.867
2026-04-22 3005 1242.111 14.38 1.171
2026-04-23 2993 1241.044 -1.067 -0.086
2026-04-24 2989 1237.737 -3.307 -0.266
2026-04-25 2995 1234.9 -2.837 -0.229
2026-04-26 2995 1234.9 0 0
2026-04-27 3004 1232.64 -2.26 -0.183
2026-04-28 3054 1203.317 -29.323 -2.379
2026-04-29 3029 1216.014 12.697 1.055
2026-04-30 3033 1212.209 -3.805 -0.313
2026-05-01 3045 1209.13 -3.079 -0.254
2026-05-02 3045 1209.285 0.155 0.013
2026-05-04 3070 1196.897 -12.388 -1.024
2026-05-05 2995 1245.801 48.904 4.086
2026-05-06 2962 1275.067 29.266 2.349
2026-05-07 2956 1284.714 9.647 0.757
2026-05-08 2962 1282.766 -1.948 -0.152
2026-05-09 2970 1279.477 -3.289 -0.256
2026-05-10 2970 1279.477 0 0
2026-05-11 3064 1211.061 -68.416 -5.347
2026-05-12 3135 1164.797 -46.264 -3.82
2026-05-13 3114 1174.268 9.471 0.813
2026-05-14 3090 1192.865 18.597 1.584
2026-05-15 3119 1170.055 -22.81 -1.912
2026-05-16 3118 1167.175 -2.88 -0.246
2026-05-17 3118 1167.175 0 0
2026-05-18 3185 1128.075 -39.1 -3.35
2026-05-19 3191 1127.211 -0.864 -0.077
2026-05-20 3173 1134.031 6.82 0.605
2026-05-21 3175 1133.471 -0.56 -0.049
2026-05-22 3174 1135.145 1.674 0.148
2026-05-23 3179 1131.666 -3.479 -0.306
2026-05-24 3179 1131.666 0 0
2026-05-26 3160 1148.908 17.242 1.524
2026-05-27 3162 1144.716 -4.192 -0.365
2026-05-28 3163 1144.811 0.095 0.008
2026-05-29 3165 1144.878 0.067 0.006
2026-05-31 3168 1145.046 0.168 0.015
2026-06-01 3194 1122.872 -22.174 -1.937
2026-06-02 3186 1130.327 7.455 0.664
2026-06-03 3237 1093.243 -37.084 -3.281
2026-06-04 3252 1081.969 -11.274 -1.031
2026-06-05 3276 1064.019 -17.95 -1.659
2026-06-06 3277 1061.306 -2.713 -0.255
2026-06-07 3277 1061.306 0 0
2026-06-08 3235 1078.971 17.665 1.664
2026-06-09 3210 1091.816 12.845 1.19
2026-06-10 3246 1065.476 -26.34 -2.412
2026-06-11 3265 1054.037 -11.439 -1.074
2026-06-12 3271 1055.838 1.801 0.171
2026-06-13 3279 1053.334 -2.504 -0.237
2026-06-15 3241 1087.427 34.093 3.237
2026-06-16 3283 1065.618 -21.809 -2.006
2026-06-17 3295 1048.701 -16.917 -1.588
2026-06-18 3275 1066.419 17.718 1.69
2026-06-19 3272 1064.617 -1.802 -0.169
2026-06-20 3272 1064.617 0 0
2026-06-21 3272 1064.617 0 0
2026-06-23 3324 1017.647 -46.97 -4.412
2026-06-24 3335 1008.013 -9.634 -0.947
2026-06-25 3321 1011.955 3.942 0.391
2026-06-26 3306 1024.153 12.198 1.205
2026-06-27 3313 1021.744 -2.409 -0.235
2026-06-28 3313 1021.744 0 0
2026-06-29 3305 1027.745 6.001 0.587
2026-06-30 3324 1017.564 -10.181 -0.991
2026-07-01 3281 1050.509 32.945 3.238
2026-07-02 3309 1033.914 -16.595 -1.58
2026-07-03 3297 1051.262 17.348 1.678
2026-07-04 3297 1051.262 0 0
2026-07-05 3297 1051.262 0 0
2026-07-06 3330 1022.387 -28.875 -2.747
2026-07-07 3332 1019.603 -2.784 -0.272
2026-07-08 3343 1003.465 -16.138 -1.583
2026-07-09  991.145 -12.32 -1.228
2026-07-11 3361 1007.955 16.81 1.696
2026-07-12 3361 1007.955 0 0
2026-07-13 3356 1002.54 -5.415 -0.537
2026-07-14 3357 1001.078 -1.462 -0.146
2026-07-15 3368 1000.327 -0.751 -0.075
2026-07-16 3327 1027.053 26.726 2.672
2026-07-17 3335 1010.774 -16.279 -1.585
2026-07-18 3338 1008.416 -2.358 -0.233
2026-07-19 3337 1008.416 0 0
2026-07-20  997.629 -10.787 -1.07
2026-07-22 3333 1011.442 13.813 1.385
2026-07-23  999.266 -12.176 -1.204
