2022-01-28 2426 1129.481 0 0
2022-01-29 2424 1129.286 -0.195 -0.017
2022-01-30 2427 1129.286 0 0
2022-01-31 2433 1129.286 0 0
2022-02-01 2434 1129.286 0 0
2022-02-02 2441 1129.286 0 0
2022-02-03 2435 1129.286 0 0
2022-02-04 2436 1129.286 0 0
2022-02-05 2435 1129.286 0 0
2022-02-06 2435 1129.286 0 0
2022-02-07 2459 1115.078 -14.208 -1.258
2022-02-08 2448 1127.883 12.805 1.148
2022-02-09 2443 1142.174 14.291 1.267
2022-02-10 2429 1143.152 0.978 0.086
2022-02-11 2408 1163.832 20.68 1.809
2022-02-12 2394 1163.795 -0.037 -0.003
2022-02-13 2454 1116.153 -47.642 -4.094
2022-02-14 2475 1097.356 -18.797 -1.684
2022-02-15 2516 1064.62 -32.736 -2.983
2022-02-16 2529 1054.243 -10.377 -0.975
2022-02-17 2502 1081.532 27.289 2.588
2022-02-18 2490 1083.903 2.371 0.219
2022-02-19 2483 1085.702 1.799 0.166
2022-02-20 2483 1085.702 0 0
2022-02-21 2532 1044.913 -40.789 -3.757
2022-02-22  998.125 -46.788 -4.478
2022-02-24  967.241 -30.884 -3.094
2022-03-01  978.012 10.771 1.114
<<<<<<< HEAD
2026-05-13 3289 1081.013 103.001 10.532
2026-05-14 3335 1040.28 -40.733 -3.768
2026-05-15  990.022 -50.258 -4.831
2026-05-20 3293 1068.923 78.901 7.97
2026-05-21 3299 1068.561 -0.362 -0.034
2026-05-22 3001 1240.849 172.288 16.123
2026-05-23 2998 1242.931 2.082 0.168
2026-05-24 2998 1242.931 0 0
2026-05-26 2956 1277.837 34.906 2.808
2026-05-27 2973 1259.102 -18.735 -1.466
2026-05-28 2801 1373.755 114.653 9.106
2026-05-29 2886 1312.212 -61.543 -4.48
2026-05-31 2884 1314.441 2.229 0.17
2026-06-01 2843 1337.428 22.987 1.749
2026-06-02 2601 1530.221 192.793 14.415
2026-06-03 2516 1587.579 57.358 3.748
2026-06-04 2418 1683.963 96.384 6.071
2026-06-05 2371 1716.134 32.171 1.91
2026-06-06 2369 1717.528 1.394 0.081
2026-06-07 2369 1717.528 0 0
2026-06-08 2597 1505.393 -212.135 -12.351
2026-06-09 2336 1748.153 242.76 16.126
2026-06-10 2471 1604.177 -143.976 -8.236
2026-06-11 2444 1637.979 33.802 2.107
2026-06-12 2659 1468.092 -169.887 -10.372
2026-06-13 2661 1471.588 3.496 0.238
2026-06-15 2442 1667.184 195.596 13.291
2026-06-16 2327 1784.19 117.006 7.018
2026-06-17 1996 2094.943 310.753 17.417
2026-06-18 1737 2404.865 309.922 14.794
2026-06-19 1731 2403.051 -1.814 -0.075
2026-06-20 1731 2403.051 0 0
2026-06-21 1731 2403.051 0 0
2026-06-23 1706 2433.017 29.966 1.247
2026-06-24 1688 2455.533 22.516 0.925
2026-06-25 1577 2635.418 179.885 7.326
2026-06-26 1515 2760.461 125.043 4.745
2026-06-27 1515 2759.974 -0.487 -0.018
2026-06-28 1514 2759.974 0 0
2026-06-29 1472 2836.423 76.449 2.77
2026-06-30 1507 2773.315 -63.108 -2.225
2026-07-01 1570 2654.542 -118.773 -4.283
2026-07-02 1679 2482.887 -171.655 -6.466
2026-07-03 1723 2427.854 -55.033 -2.216
2026-07-04 1723 2427.854 0 0
2026-07-05 1723 2427.854 0 0
2026-07-06 1767 2354.325 -73.529 -3.029
2026-07-07 1772 2336.882 -17.443 -0.741
2026-07-08 1981 2082.887 -253.995 -10.869
2026-07-09 1928 2146.185 63.298 3.039
2026-07-10 2112 1960.892 -185.293 -8.634
2026-07-11 2108 1965.26 4.368 0.223
2026-07-12 2108 1965.26 0 0
2026-07-13 2409 1682.827 -282.433 -14.371
2026-07-14 2232 1849.957 167.13 9.932
2026-07-15 2300 1791.645 -58.312 -3.152
2026-07-16 2444 1664.795 -126.85 -7.08
2026-07-17 2644 1478.305 -186.49 -11.202
2026-07-18 2644 1476.298 -2.007 -0.136
2026-07-19 2643 1476.298 0 0
2026-07-20 2881 1288.715 -187.583 -12.706
2026-07-21 2531 1570.61 281.895 21.874
2026-07-22 2506 1579.817 9.207 0.586
2026-07-23 2483 1595.434 15.617 0.989
2026-07-24 2606 1494.25 -101.184 -6.342
2026-07-25 2606 1493.456 -0.794 -0.053
2026-07-26 2606 1493.456 0 0
2026-07-27 2447 1639.945 146.489 9.809
2026-07-28 2645 1472.785 -167.16 -10.193
2026-07-29 2554 1548.531 75.746 5.143
2026-07-30 2472 1609.426 60.895 3.932
2026-07-31 2467 1632.984 23.558 1.464
2026-08-01 2465 1635.162 2.178 0.133
2026-08-02 2465 1635.162 0 0
2026-08-03 2620 1515.934 -119.228 -7.292
2026-08-04 2541 1581.266 65.332 4.31
2026-08-05 2337 1780.778 199.512 12.617
2026-08-06 2262 1845.234 64.456 3.62
2026-08-07 2227 1882.85 37.616 2.039
2026-08-08 2227 1883.296 0.446 0.024
2026-08-09 2227 1883.296 0 0
2026-08-10 2062 2030.328 147.032 7.807
2026-08-11 2176 1939.522 -90.806 -4.472
2026-08-12 2141 1972.003 32.481 1.675
2026-08-13 2238 1878.224 -93.779 -4.756
=======
2026-05-14 3316 1049.457 0 0
2026-05-15 3371 1014.014 0 0
2026-05-16 3397 990.022 0 0
2026-05-21 3268 1088.723 0 0
2026-05-22 3090 1186.207 0 0
2026-05-23 3001 1240.849 0 0
2026-05-24 2998 1242.931 0 0
2026-05-25 2885 1319.166 0 0
2026-05-26 2969 1269.459 0 0
2026-05-27 2956 1276.999 0 0
2026-05-28 2802 1372.601 0 0
2026-05-29 2872 1321.994 0 0
2026-05-30 2886 1312.212 0 0
2026-05-31 2884 1314.441 0 0
2026-06-01 2818 1366.582 0 0
2026-06-02 2663 1483.759 0 0
2026-06-03 2534 1580.985 0 0
2026-06-04 2421 1678.21 0 0
2026-06-05 2378 1721.223 0 0
2026-06-06 2371 1716.134 0 0
2026-06-07 2369 1717.528 0 0
2026-06-09 2548 1555.835 0 0
2026-06-10 2447 1627.06 0 0
2026-06-11 2467 1608.941 0 0
2026-06-12 2648 1480.087 0 0
2026-06-13 2659 1468.092 0 0
2026-06-14 2661 1471.588 0 0
2026-06-16 2309 1794.026 0 0
2026-06-17 2252 1853.548 0 0
2026-06-18 1736 2401.282 0 0
2026-06-19 1734 2404.865 0 0
2026-06-20 1731 2403.051 0 0
2026-06-21 1731 2403.051 0 0
2026-06-22 1590 2628.373 0 0
2026-06-23 1679 2474.884 0 0
2026-06-24 1700 2440.857 0 0
2026-06-25 1611 2568.762 0 0
2026-06-26 1538 2706.804 0 0
2026-06-27 1515 2760.461 0 0
2026-06-28 1515 2759.974 0 0
2026-06-29 1450 2879.391 0 0
2026-06-30 1513 2767.786 0 0
2026-07-01 1551 2695.386 0 0
2026-07-02 1600 2606.446 0 0
2026-07-03 1660 2533.439 0 0
2026-07-04 1723 2427.854 0 0
2026-07-05 1723 2427.854 0 0
2026-07-06 1739 2404.649 0 0
2026-07-07 1775 2339.787 0 0
2026-07-08 1892 2185.205 0 0
2026-07-09 2076 1974.275 0 0
2026-07-10 2003 2068.608 0 0
2026-07-11 2112 1960.892 0 0
2026-07-12 2108 1965.26 0 0
2026-07-13 2314 1773.519 0 0
2026-07-14 2304 1775.199 0 0
2026-07-15 2191 1890.246 0 0
2026-07-16 2356 1748.533 0 0
2026-07-17 2549 1556.909 0 0
2026-07-18 2644 1478.305 0 0
2026-07-19 2644 1476.298 0 0
2026-07-20 2743 1398.745 0 0
2026-07-21 2755 1386.706 0 0
2026-07-22 2453 1640.714 0 0
2026-07-23 2467 1624.122 0 0
2026-07-24 2592 1505.242 0 0
2026-07-25 2606 1494.25 0 0
2026-07-26 2606 1493.456 0 0
2026-07-27 2500 1576.364 0 0
2026-07-28 2555 1538.271 0 0
2026-07-29 2581 1521.289 0 0
2026-07-30 2494 1586.383 0 0
2026-07-31 2387 1706.178 0 0
2026-08-01 2467 1632.984 0 0
2026-08-02 2465 1635.162 0 0
2026-08-03 2551 1560.926 0 0
2026-08-04 2664 1486.97 0 0
2026-08-05 2442 1685.767 0 0
2026-08-06 2273 1839.782 0 0
2026-08-07 2221 1879.811 0 0
2026-08-08 2227 1882.85 0 0
2026-08-09 2227 1883.296 0 0
2026-08-10 2223 1895.104 0 0
2026-08-11 2054 2036.794 0 0
2026-08-12 2213 1906.63 0 0
2026-08-13 2188 1931.218 0 0
2026-08-14 2202 1915.918 0 0
>>>>>>> 2b550085baac25c543016ca743053a87bf115d5d
2026-08-15 2236 1886.663 0 0
2026-08-16 2242 1887.531 0 0
2026-08-17 2241 1887.531 0 0
2026-08-18 2159 1959.576 0 0
