2026-03-10 3347 1014.375 0 0
2026-03-11 3344 1019.101 4.726 0.466
2026-03-12 3345 1012.029 -7.072 -0.694
2026-03-13 3348 1008.181 -3.848 -0.38
2026-03-14 3360 1001.373 -6.808 -0.675
2026-03-15 3360 1001.373 0 0
2026-03-16 3353 1001.373 0 0
2026-03-17 3345 1004.939 3.566 0.356
2026-03-18 3347 1004.939 0 0
2026-03-19 3335 1007.368 2.429 0.242
2026-03-20 3320 1007.484 0.116 0.012
2026-03-21 3319 1010.159 2.675 0.266
2026-03-22 3319 1010.159 0 0
2026-03-23 3297 1010.159 0 0
2026-03-24 3305 1013.788 3.629 0.359
2026-03-25 3315 1013.083 -0.705 -0.07
2026-03-27 3310 1013.083 0 0
2026-03-28 3325 1008.065 -5.018 -0.495
2026-03-29 3323 1008.065 0 0
2026-03-30 3316 1008.065 0 0
2026-03-31 3322 1003.21 -4.855 -0.482
2026-04-01 3322 1008.181 4.971 0.496
2026-04-02 3315 1017.087 8.906 0.883
2026-04-03 3321 1010.743 -6.344 -0.624
2026-04-04 3321 1010.743 0 0
2026-04-05 3321 1010.743 0 0
2026-04-06 3322 1010.743 0 0
2026-04-07 3318 1009.926 -0.817 -0.081
2026-04-08 3330 1009.926 0 0
2026-04-09 3334 1023.272 13.346 1.321
2026-04-10 3340 1022.435 -0.837 -0.082
2026-04-11 3341 1026.273 3.838 0.375
2026-04-12 3341 1026.273 0 0
2026-04-13 3333 1026.273 0 0
2026-04-14 3342 1024.71 -1.563 -0.152
2026-04-15 3343 1033.302 8.592 0.838
2026-04-16 3348 1032.327 -0.975 -0.094
2026-04-17 3356 1030.018 -2.309 -0.224
2026-04-18 3350 1033.668 3.65 0.354
2026-04-19 3350 1033.668 0 0
2026-04-20 3346 1033.668 0 0
2026-04-21 3354 1030.018 -3.65 -0.353
2026-04-22 3355 1028.323 -1.695 -0.165
2026-04-23 3352 1025.311 -3.012 -0.293
2026-04-24 3348 1024.71 -0.601 -0.059
2026-04-25 3351 1024.23 -0.48 -0.047
2026-04-26 3351 1024.23 0 0
2026-04-27 3352 1024.23 0 0
2026-04-28 3342 1026.875 2.645 0.258
2026-04-29 3340 1023.871 -3.004 -0.293
2026-04-30 3340 1023.751 -0.12 -0.012
2026-05-01 3340 1026.393 2.642 0.258
2026-05-02 3334 1029.654 3.261 0.318
2026-05-04 3333 1029.654 0 0
2026-05-05 3341 1024.47 -5.184 -0.503
2026-05-06 3349 1024.47 0 0
2026-05-07 3358 1028.686 4.216 0.412
2026-05-08 3361 1030.503 1.817 0.177
2026-05-09 3359 1030.26 -0.243 -0.024
2026-05-10 3359 1030.26 0 0
<<<<<<< HEAD
2026-05-11 3352 1030.26 0 0
2026-05-12 3351 1030.746 0.486 0.047
2026-05-13 3361 1026.875 -3.871 -0.376
2026-05-14 3364 1024.47 -2.405 -0.234
2026-05-15 3354 1021.957 -2.513 -0.245
2026-05-16 3355 1017.679 -4.278 -0.419
2026-05-17 3355 1017.679 0 0
2026-05-18 3352 1017.679 0 0
2026-05-19 3350 1018.626 0.947 0.093
2026-05-20 3356 1014.728 -3.898 -0.383
2026-05-21 3360 1016.733 2.005 0.198
2026-05-22 3361 1016.733 0 0
2026-05-23 3370 1014.846 -1.887 -0.186
2026-05-24 3370 1014.846 0 0
2026-05-26 3373 1014.846 0 0
2026-05-27 3367 1017.087 2.241 0.221
2026-05-28 3362 1017.324 0.237 0.023
2026-05-29 3358 1019.101 1.777 0.175
2026-05-31 3362 1021.123 2.022 0.198
2026-06-01 3356 1021.123 0 0
2026-06-02 3359 1016.496 -4.627 -0.453
2026-06-03 3346 1018.864 2.368 0.233
2026-06-04 3346 1016.024 -2.84 -0.279
2026-06-05 3334 1017.679 1.655 0.163
2026-06-06 3346 1011.444 -6.235 -0.613
2026-06-07 3346 1011.444 0 0
2026-06-08 3331 1011.444 0 0
2026-06-09 3329 1009.926 -1.518 -0.15
2026-06-10 3328 1011.678 1.752 0.173
2026-06-11 3327 1010.86 -0.818 -0.081
2026-06-12 3343 1007.832 -3.028 -0.3
2026-06-13 3344 1012.731 4.899 0.486
2026-06-15 3344 1012.731 0 0
2026-06-16 3347 1015.67 2.939 0.29
2026-06-17 3339 1015.67 0 0
2026-06-18 3339 1014.022 -1.648 -0.162
2026-06-19 3357 1005.054 -8.968 -0.884
2026-06-20 3357 1005.054 0 0
2026-06-21 3357 1005.054 0 0
2026-06-23 3345 1001.488 -3.566 -0.355
2026-07-01 3354 1000.343 -1.145 -0.114
2026-07-03 3369 1001.259 0.916 0.092
2026-07-04 3369 1001.259 0 0
2026-07-05 3369 1001.259 0 0
2026-07-06 3364 1001.259 0 0
2026-07-08 3350 1000.457 -0.802 -0.08
2026-07-10 3363 1000.343 -0.114 -0.011
2026-07-15 3366 1001.373 1.03 0.103
2026-07-16 3365 1000.686 -0.687 -0.069
2026-07-17 3353 1001.259 0.573 0.057
2026-07-18 3355 1001.03 -0.229 -0.023
2026-07-19 3354 1001.03 0 0
2026-07-20 3346 1001.03 0 0
2026-07-31 3342 1006.557 5.527 0.552
2026-08-01 3351 1006.789 0.232 0.023
2026-08-02 3351 1006.789 0 0
2026-08-03 3356 1006.789 0 0
2026-08-04 3365 1007.484 0.695 0.069
2026-08-05 3368 1008.297 0.813 0.081
2026-08-06 3366 1010.86 2.563 0.254
2026-08-07 3364 1009.344 -1.516 -0.15
2026-08-08 3371 1010.976 1.632 0.162
2026-08-09 3371 1010.976 0 0
2026-08-10 3365 1010.976 0 0
2026-08-11 3365 1010.976 0 0
2026-08-12 3372 1009.926 -1.05 -0.104
2026-08-13 3366 1009.926 0 0
=======
2026-05-11 3357 1030.26 0 0
2026-05-12 3351 1030.26 0 0
2026-05-13 3350 1030.746 0 0
2026-05-14 3355 1026.875 0 0
2026-05-15 3358 1024.47 0 0
2026-05-16 3354 1021.957 0 0
2026-05-17 3355 1017.679 0 0
2026-05-18 3350 1017.679 0 0
2026-05-19 3350 1017.679 0 0
2026-05-20 3348 1018.626 0 0
2026-05-21 3360 1014.728 0 0
2026-05-22 3360 1016.733 0 0
2026-05-23 3361 1016.733 0 0
2026-05-24 3370 1014.846 0 0
2026-05-25 3370 1014.846 0 0
2026-05-26 3370 1014.846 0 0
2026-05-27 3369 1014.846 0 0
2026-05-28 3363 1017.087 0 0
2026-05-29 3364 1017.324 0 0
2026-05-30 3358 1019.101 0 0
2026-05-31 3362 1021.123 0 0
2026-06-01 3366 1021.123 0 0
2026-06-02 3350 1021.123 0 0
2026-06-03 3354 1016.496 0 0
2026-06-04 3343 1018.864 0 0
2026-06-05 3347 1016.024 0 0
2026-06-06 3334 1017.679 0 0
2026-06-07 3346 1011.444 0 0
2026-06-09 3331 1011.444 0 0
2026-06-10 3324 1009.926 0 0
2026-06-11 3321 1011.678 0 0
2026-06-12 3332 1010.86 0 0
2026-06-13 3343 1007.832 0 0
2026-06-14 3344 1012.731 0 0
2026-06-16 3341 1012.731 0 0
2026-06-17 3343 1015.67 0 0
2026-06-18 3339 1015.67 0 0
2026-06-19 3339 1014.022 0 0
2026-06-20 3357 1005.054 0 0
2026-06-21 3357 1005.054 0 0
2026-06-22 3348 1005.054 0 0
2026-06-23 3350 1005.054 0 0
2026-06-24 3343 1001.488 0 0
2026-07-02 3353 1000.343 0 0
2026-07-04 3369 1001.259 0 0
2026-07-05 3369 1001.259 0 0
2026-07-06 3368 1001.259 0 0
2026-07-07 3359 1001.259 0 0
2026-07-09 3344 1000.457 0 0
2026-07-11 3363 1000.343 0 0
2026-07-16 3364 1001.373 0 0
2026-07-17 3357 1000.686 0 0
2026-07-18 3353 1001.259 0 0
2026-07-19 3355 1001.03 0 0
2026-07-20 3352 1001.03 0 0
2026-07-21 3342 1001.03 0 0
2026-08-01 3342 1006.557 0 0
2026-08-02 3351 1006.789 0 0
2026-08-03 3354 1006.789 0 0
2026-08-04 3358 1006.789 0 0
2026-08-05 3365 1007.484 0 0
2026-08-06 3368 1008.297 0 0
2026-08-07 3361 1010.86 0 0
2026-08-08 3364 1009.344 0 0
2026-08-09 3371 1010.976 0 0
2026-08-10 3368 1010.976 0 0
2026-08-11 3366 1010.976 0 0
2026-08-12 3364 1010.976 0 0
2026-08-13 3372 1009.926 0 0
2026-08-14 3365 1009.926 0 0
>>>>>>> 2b550085baac25c543016ca743053a87bf115d5d
2026-08-15 3366 1010.159 0 0
2026-08-16 3365 1013.318 0 0
2026-08-17 3365 1013.318 0 0
2026-08-18 3367 1013.318 0 0
2026-08-19 3361 1013.905 0 0
2026-08-20 3358 1013.435 0 0
2026-08-21 3358 1020.527 0 0
2026-08-22 3361 1022.316 0 0
2026-08-24 3366 1021.361 0 0
2026-08-25 3363 1021.361 0 0
2026-08-26 3366 1020.765 0 0
2026-08-27 3369 1021.123 0 0
2026-08-28 3370 1018.982 0 0
2026-08-29 3372 1018.982 0 0
2026-08-30 3375 1016.851 0 0
2026-08-31 3371 1016.851 0 0
