2026-08-17 3357 1021.985 0 0
2026-08-18 3308 1053.301 31.316 3.064
2026-08-19 3274 1070.408 17.107 1.624
2026-08-20 3251 1093.772 23.364 2.183
2026-08-21 3229 1104.839 11.067 1.012
2026-08-23 3233 1104.846 0.007 0.001
2026-08-24 3237 1102.213 -2.633 -0.238
2026-08-25 3254 1095.763 -6.45 -0.585
2026-08-26 3283 1085.452 -10.311 -0.941
2026-08-27 3297 1074.968 -10.484 -0.966
2026-08-28 3306 1066.407 -8.561 -0.796
2026-08-29 3303 1068.181 1.774 0.166
2026-08-30 3303 1068.181 0 0
2026-08-31 3239 1110.212 42.031 3.935
