<<<<<<< HEAD
2026-06-16 3367 1000 0 0
2026-06-17 3364 1000 0 0
2026-06-18 3363 1000 0 0
2026-06-19 3365 1000 0 0
2026-06-20 3365 1000 0 0
2026-06-21 3365 1000 0 0
2026-06-23 3349 1000 0 0
2026-06-24 3345 1000 0 0
2026-06-25 3344 1000 0 0
2026-06-26 3342 1000 0 0
2026-06-27 3349 1000 0 0
2026-06-28 3349 1000 0 0
2026-06-29 3344 1000 0 0
2026-06-30 3351 1000 0 0
2026-07-01 3355 1000 0 0
2026-07-02 3359 1000 0 0
2026-07-03 3371 1000 0 0
2026-07-04 3371 1000 0 0
2026-07-05 3371 1000 0 0
2026-07-06 3367 1000 0 0
2026-07-07 3363 1000 0 0
2026-07-08 3353 1000 0 0
2026-07-09 3352 1000 0 0
2026-07-10 3365 1000 0 0
2026-07-11 3379 1000 0 0
2026-07-12 3379 1000 0 0
2026-07-13 3361 1000 0 0
2026-07-14 3362 1000 0 0
2026-07-15 3370 1000 0 0
2026-07-16 3368 1000 0 0
2026-07-17 3356 1000 0 0
2026-07-18 3357 1000 0 0
2026-07-19 3356 1000 0 0
2026-07-20 3349 1000 0 0
2026-07-21 3353 1000 0 0
2026-07-22 3350 1000 0 0
2026-07-23 3351 1000 0 0
2026-07-24 3345 1000 0 0
2026-07-25 3347 1000 0 0
2026-07-26 3347 1000 0 0
2026-07-27 3346 1000 0 0
2026-07-28 3350 1000 0 0
2026-07-29 3355 1000 0 0
2026-07-30 3347 1000 0 0
2026-07-31 3349 1000 0 0
2026-08-01 3365 1000 0 0
2026-08-02 3365 1000 0 0
2026-08-03 3363 1000 0 0
2026-08-04 3375 1000 0 0
2026-08-05 3378 1000 0 0
2026-08-06 3383 1000 0 0
2026-08-07 3379 1000 0 0
2026-08-08 3385 1000 0 0
2026-08-09 3385 1000 0 0
2026-08-10 3380 1000 0 0
2026-08-11 3375 1000 0 0
2026-08-12 3384 1000 0 0
2026-08-13 3379 1000 0 0
=======
2026-06-17 3364 1000.0 0 0
2026-06-18 3364 1000.0 0 0
2026-06-19 3363 1000.0 0 0
2026-06-20 3365 1000.0 0 0
2026-06-21 3365 1000.0 0 0
2026-06-22 3356 1000.0 0 0
2026-06-23 3353 1000.0 0 0
2026-06-24 3347 1000.0 0 0
2026-06-25 3342 1000.0 0 0
2026-06-26 3338 1000.0 0 0
2026-06-27 3342 1000.0 0 0
2026-06-28 3349 1000.0 0 0
2026-06-29 3343 1000.0 0 0
2026-06-30 3346 1000.0 0 0
2026-07-01 3352 1000.0 0 0
2026-07-02 3354 1000.0 0 0
2026-07-03 3360 1000.0 0 0
2026-07-04 3371 1000.0 0 0
2026-07-05 3371 1000.0 0 0
2026-07-06 3370 1000.0 0 0
2026-07-07 3362 1000.0 0 0
2026-07-08 3362 1000.0 0 0
2026-07-09 3348 1000.0 0 0
2026-07-10 3351 1000.0 0 0
2026-07-11 3365 1000.0 0 0
2026-07-12 3379 1000.0 0 0
2026-07-13 3371 1000.0 0 0
2026-07-14 3356 1000.0 0 0
2026-07-15 3364 1000.0 0 0
2026-07-16 3368 1000.0 0 0
2026-07-17 3360 1000.0 0 0
2026-07-18 3356 1000.0 0 0
2026-07-19 3357 1000.0 0 0
2026-07-20 3354 1000.0 0 0
2026-07-21 3345 1000.0 0 0
2026-07-22 3351 1000.0 0 0
2026-07-23 3351 1000.0 0 0
2026-07-24 3343 1000.0 0 0
2026-07-25 3345 1000.0 0 0
2026-07-26 3347 1000.0 0 0
2026-07-27 3346 1000.0 0 0
2026-07-28 3342 1000.0 0 0
2026-07-29 3348 1000.0 0 0
2026-07-30 3350 1000.0 0 0
2026-07-31 3354 1000.0 0 0
2026-08-01 3349 1000.0 0 0
2026-08-02 3365 1000.0 0 0
2026-08-03 3364 1000.0 0 0
2026-08-04 3364 1000.0 0 0
2026-08-05 3374 1000.0 0 0
2026-08-06 3377 1000.0 0 0
2026-08-07 3381 1000.0 0 0
2026-08-08 3379 1000.0 0 0
2026-08-09 3385 1000.0 0 0
2026-08-10 3383 1000.0 0 0
2026-08-11 3380 1000.0 0 0
2026-08-12 3376 1000.0 0 0
2026-08-13 3384 1000.0 0 0
2026-08-14 3380 1000.0 0 0
>>>>>>> 2b550085baac25c543016ca743053a87bf115d5d
2026-08-15 3378 1000.0 0 0
2026-08-16 3387 1000.0 0 0
2026-08-17 3387 1000.0 0 0
2026-08-18 3379 1000.0 0 0
2026-08-19 3383 1000.0 0 0
2026-08-20 3375 1000.0 0 0
2026-08-21 3384 1000.0 0 0
