2025-12-22 3074 1049.333 0 0
2025-12-23  972.851 -76.482 -7.289
2025-12-25 3124 1018.424 45.573 4.684
2025-12-26 3116 1023.001 4.577 0.449
2025-12-27 3119 1022.204 -0.797 -0.078
2025-12-28 3119 1022.204 0 0
2025-12-29  993.496 -28.708 -2.808
2026-05-05  947.202 -46.294 -4.66
2026-05-06  959.205 12.003 1.267
2026-08-21  996.341 37.136 3.872
2026-08-26 3382 1011.15 14.809 1.486
2026-08-27 3387 1008.758 -2.392 -0.237
2026-08-28 3381 1012.416 3.658 0.363
2026-08-29 3380 1014.101 1.685 0.166
2026-08-30 3380 1014.101 0 0
2026-08-31  999.503 -14.598 -1.44
