2026-02-26 2800 1284.95 0 0
2026-02-27 2800 1289.952 5.002 0.389
2026-02-28 2802 1289.952 0 0
2026-03-01 2803 1289.952 0 0
2026-03-02 2649 1401.484 111.532 8.646
2026-03-03 2776 1290.128 -111.356 -7.946
2026-03-04 2817 1238.154 -51.974 -4.029
2026-03-05 2764 1285.217 47.063 3.801
2026-03-06 2791 1262.554 -22.663 -1.763
2026-03-07 2790 1263.53 0.976 0.077
2026-03-08 2790 1263.53 0 0
2026-03-09 2949 1150.64 -112.89 -8.934
2026-03-10 2984 1241.282 90.642 7.878
2026-03-11 2813 1356.318 115.036 9.268
2026-03-12 2800 1362.347 6.029 0.445
2026-03-13 2765 1383.534 21.187 1.555
2026-03-14 2758 1379.187 -4.347 -0.314
2026-03-15 2758 1379.187 0 0
2026-03-16 2846 1314.169 -65.018 -4.714
2026-03-17 2822 1327.169 13 0.989
2026-03-18 2716 1404.772 77.603 5.847
2026-03-19 2646 1439.212 34.44 2.452
2026-03-20 2655 1424.324 -14.888 -1.034
2026-03-21 2659 1422.167 -2.157 -0.151
2026-03-22 2659 1422.167 0 0
2026-03-23 2728 1368.644 -53.523 -3.763
2026-03-24 2781 1328.614 -40.03 -2.925
2026-03-25 2620 1453.723 125.109 9.417
2026-03-27 2620 1445.192 -8.531 -0.587
2026-03-28 2608 1453.101 7.909 0.547
2026-03-29 2609 1453.101 0 0
2026-03-30 2600 1461.313 8.212 0.565
2026-03-31 2789 1322.631 -138.682 -9.49
2026-04-01 2630 1444.572 121.941 9.22
2026-04-02 2714 1383.659 -60.913 -4.217
2026-04-03 2716 1381.778 -1.881 -0.136
2026-04-04 2716 1381.778 0 0
2026-04-05 2716 1381.778 0 0
2026-04-06 2720 1381.778 0 0
2026-04-07 2673 1412.369 30.591 2.214
2026-04-08 2558 1541.309 128.94 9.129
2026-04-09 2429 1648.101 106.792 6.929
2026-04-10 2484 1603.606 -44.495 -2.7
2026-04-11 2482 1604.162 0.556 0.035
2026-04-12 2482 1604.162 0 0
2026-04-13 2399 1682.561 78.399 4.887
2026-04-14 2447 1643.599 -38.962 -2.316
2026-04-15 2293 1800.245 156.646 9.531
2026-04-16 2279 1828.038 27.793 1.544
2026-04-17 2099 2004.81 176.772 9.67
2026-04-18 2106 2001.382 -3.428 -0.171
2026-04-19 2106 2001.382 0 0
2026-04-20 2284 1830.867 -170.515 -8.52
2026-04-21 2291 1816.039 -14.828 -0.81
2026-04-22 2287 1820.933 4.894 0.269
2026-04-23 2360 1743.692 -77.241 -4.242
2026-04-24 2385 1723.962 -19.73 -1.132
2026-04-25 2371 1727.878 3.916 0.227
2026-04-26 2371 1727.878 0 0
2026-04-27 2368 1733.026 5.148 0.298
2026-04-28 2232 1853.433 120.407 6.948
2026-04-29 2250 1838.553 -14.88 -0.803
2026-04-30 2191 1889.133 50.58 2.751
2026-05-01 2203 1882.425 -6.708 -0.355
2026-05-02 2207 1882.425 0 0
2026-05-04 2124 1976.74 94.315 5.01
2026-05-05 2018 2072.17 95.43 4.828
2026-05-06 2027 2072.17 0 0
2026-05-07 2040 2065.378 -6.792 -0.328
2026-05-08 2127 1991.371 -74.007 -3.583
2026-05-09 2121 1991.244 -0.127 -0.006
2026-05-10 2121 1991.244 0 0
2026-05-11 2018 2098.601 107.357 5.391
2026-05-12 1950 2165.634 67.033 3.194
2026-05-13 1977 2126.155 -39.479 -1.823
2026-05-14 2087 2006.416 -119.739 -5.632
2026-05-15 2105 1990.294 -16.122 -0.804
2026-05-16 2099 1989.032 -1.262 -0.063
2026-05-17 2098 1989.032 0 0
2026-05-18 2159 1943.727 -45.305 -2.278
2026-05-19 2262 1832.454 -111.273 -5.725
2026-05-20 2269 1834.873 2.419 0.132
2026-05-21 2270 1834.381 -0.492 -0.027
2026-05-22 2083 2005.479 171.098 9.327
2026-05-23 2071 2016.686 11.207 0.559
2026-05-24 2071 2016.686 0 0
2026-05-26 1905 2206.321 189.635 9.403
2026-05-27 1817 2313.91 107.589 4.876
2026-05-28 1847 2271.223 -42.687 -1.845
2026-05-29 1887 2227.305 -43.918 -1.934
2026-05-31 1884 2233.562 6.257 0.281
2026-06-01 1837 2283.597 50.035 2.24
2026-06-02 1941 2146.994 -136.603 -5.982
2026-06-03 1861 2244.241 97.247 4.529
2026-06-04 1801 2313.356 69.115 3.08
2026-06-05 1832 2265.011 -48.345 -2.09
2026-06-06 1829 2261.022 -3.989 -0.176
2026-06-07 1829 2261.022 0 0
2026-06-08 1907 2162.271 -98.751 -4.368
2026-06-09 1963 2107.299 -54.972 -2.542
2026-06-10 2103 1957.237 -150.062 -7.121
2026-06-11 2120 1936.85 -20.387 -1.042
2026-06-12 2035 2027.761 90.911 4.694
2026-06-13 2033 2030.743 2.982 0.147
2026-06-15 2076 2004.422 -26.321 -1.296
2026-06-16 2023 2058.663 54.241 2.706
2026-06-17 2098 1984.282 -74.381 -3.613
2026-06-18 2018 2061.14 76.858 3.873
2026-06-19 2014 2062.447 1.307 0.063
2026-06-20 2015 2062.447 0 0
2026-06-21 2015 2062.447 0 0
2026-06-23 2016 2044.569 -17.878 -0.867
2026-06-24 2099 1968.304 -76.265 -3.73
2026-06-25 2073 1995.325 27.021 1.373
2026-06-26 2218 1855.323 -140.002 -7.017
2026-06-27 2219 1851.632 -3.691 -0.199
2026-06-28 2218 1851.632 0 0
2026-06-29 2189 1876.385 24.753 1.337
2026-06-30 2113 1957.184 80.799 4.306
2026-07-01 2019 2046.167 88.983 4.546
2026-07-02 2077 1996.471 -49.696 -2.429
2026-07-03 2033 2040.207 43.736 2.191
2026-07-04 2033 2040.207 0 0
2026-07-05 2033 2040.207 0 0
2026-07-06 2115 1979.274 -60.933 -2.987
2026-07-07 2312 1790.891 -188.383 -9.518
2026-07-08 2404 1697.001 -93.89 -5.243
2026-07-09 2441 1663.352 -33.649 -1.983
2026-07-10 2451 1658.316 -5.036 -0.303
2026-07-11 2452 1658.316 0 0
2026-07-12 2452 1658.316 0 0
2026-07-13 2430 1667.998 9.682 0.584
2026-07-14 2482 1631.984 -36.014 -2.159
2026-07-15 2410 1697.913 65.929 4.04
2026-07-16 2320 1765.942 68.029 4.007
2026-07-17 2443 1641.699 -124.243 -7.036
2026-07-18 2445 1637.21 -4.489 -0.273
2026-07-19 2444 1637.21 0 0
2026-07-20 2460 1625.674 -11.536 -0.705
2026-07-21 2305 1774.835 149.161 9.175
2026-07-22 2211 1854.101 79.266 4.466
2026-07-23 2180 1880.507 26.406 1.424
2026-07-24 2232 1825.251 -55.256 -2.938
2026-07-25 2235 1817.882 -7.369 -0.404
2026-07-26 2235 1817.882 0 0
2026-07-27 2236 1831.749 13.867 0.763
2026-07-28 2376 1706.484 -125.265 -6.839
2026-07-29 2469 1609.483 -97.001 -5.684
2026-07-30 2419 1670.557 61.074 3.795
2026-07-31 2255 1819.539 148.982 8.918
2026-08-01 2253 1828.181 8.642 0.475
2026-08-02 2254 1828.181 0 0
2026-08-03 2396 1716.182 -111.999 -6.126
2026-08-04 2440 1682.117 -34.065 -1.985
2026-08-05 2477 1650.53 -31.587 -1.878
2026-08-06 2386 1734.91 84.38 5.112
2026-08-07 2349 1779.116 44.206 2.548
2026-08-08 2352 1773.696 -5.42 -0.305
2026-08-09 2351 1773.696 0 0
2026-08-10 2349 1776.099 2.403 0.135
2026-08-11 2302 1814.074 37.975 2.138
2026-08-12 2207 1911.258 97.184 5.357
2026-08-13 2095 2000.836 89.578 4.687
2026-08-15 2087 2013.848 13.012 0.65
2026-08-16 2086 2013.848 0 0
2026-08-17 2045 2065.238 51.39 2.552
2026-08-18 2067 2034.308 -30.93 -1.498
2026-08-19 2252 1867.76 -166.548 -8.187
2026-08-20 2240 1882.113 14.353 0.768
2026-08-21 2277 1851.765 -30.348 -1.612
2026-08-23 2266 1858.68 6.915 0.373
2026-08-24 2294 1830.978 -27.702 -1.49
2026-08-25 2393 1742.95 -88.028 -4.808
2026-08-26 2375 1756.797 13.847 0.794
2026-08-27 2374 1767.307 10.51 0.598
2026-08-28 2347 1792.837 25.53 1.445
2026-08-29 2346 1796.95 4.113 0.229
2026-08-30 2346 1796.95 0 0
2026-08-31 2400 1755.155 -41.795 -2.326
2026-09-01 2324 1813.397 0 0
2026-09-02 2357 1774.348 0 0
