2026-05-07 1831 2309.151 0 0
2026-05-08 3189 1149.547 -1159.604 -50.218
2026-05-09 3187 1149.496 -0.051 -0.004
2026-05-10 3187 1149.496 0 0
2026-05-11 3204 1138.016 -11.48 -0.999
2026-05-12 3232 1109.633 -28.383 -2.494
2026-05-13 3167 1146.653 37.02 3.336
2026-05-14 3259 1095.762 -50.891 -4.438
2026-05-15 3297 1068.65 -27.112 -2.474
2026-05-16 3299 1065.745 -2.905 -0.272
2026-05-17 3299 1065.745 0 0
2026-05-18 3252 1091.465 25.72 2.413
2026-05-19 3190 1127.545 36.08 3.306
2026-05-20 3238 1102.591 -24.954 -2.213
2026-05-21 3241 1102.218 -0.373 -0.034
2026-05-22 3339 1035.225 -66.993 -6.078
2026-05-23 3341 1036.962 1.737 0.168
2026-05-24 3341 1036.962 0 0
2026-05-26 3369 1017.28 -19.682 -1.898
2026-05-27  982.022 -35.258 -3.466
2026-06-19 3360 1003.881 21.859 2.226
2026-06-20 3360 1003.881 0 0
2026-06-21 3360 1003.881 0 0
2026-06-26  928.41 -75.471 -7.518
2026-06-30 3229 1078.959 150.549 16.216
2026-07-01 3238 1078.331 -0.628 -0.058
2026-07-02 3225 1087.847 9.516 0.882
2026-07-03 3219 1093.731 5.884 0.541
2026-07-04 3219 1093.731 0 0
2026-07-05 3219 1093.731 0 0
2026-07-06 3272 1064.37 -29.361 -2.684
2026-07-07 3289 1050.085 -14.285 -1.342
2026-07-08 3147 1136.66 86.575 8.245
2026-07-09 3090 1173.25 36.59 3.219
2026-07-10 3140 1151.131 -22.119 -1.885
2026-07-11 3140 1153.695 2.564 0.223
2026-07-12 3140 1153.695 0 0
2026-07-13 3181 1114.369 -39.326 -3.409
2026-07-14 3164 1128.7 14.331 1.286
2026-07-15 3237 1084.573 -44.127 -3.91
2026-07-16 3267 1068.281 -16.292 -1.502
2026-07-17  925.026 -143.255 -13.41
