2026-03-10 2716 1415.453 0 0
2026-03-11 2716 1423.411 7.958 0.562
2026-03-12 2719 1419.97 -3.441 -0.242
2026-03-13 2706 1417.716 -2.254 -0.159
2026-03-14 2705 1413.596 -4.12 -0.291
2026-03-15 2706 1413.596 0 0
2026-03-16 2703 1413.596 0 0
2026-03-17 2700 1414.016 0.42 0.03
2026-03-18 2698 1414.016 0 0
2026-03-19 2689 1410.811 -3.205 -0.227
2026-03-20 2676 1410.811 0 0
2026-03-21 2703 1394.498 -16.313 -1.156
2026-03-22 2703 1394.498 0 0
2026-03-23 2678 1394.498 0 0
2026-03-24 2696 1390.695 -3.803 -0.273
2026-03-25 2710 1392.324 1.629 0.117
2026-03-27 2699 1392.324 0 0
2026-03-28 2719 1378.611 -13.713 -0.985
2026-03-29 2719 1378.611 0 0
2026-03-30 2709 1378.611 0 0
2026-03-31 2702 1377.921 -0.69 -0.05
2026-04-01 2724 1377.921 0 0
2026-04-02 2728 1377.921 0 0
2026-04-03 2686 1403.689 25.768 1.87
2026-04-04 2686 1403.689 0 0
2026-04-05 2686 1403.689 0 0
2026-04-06 2689 1403.689 0 0
2026-04-07 2690 1404.424 0.735 0.052
2026-04-08 2718 1404.424 0 0
2026-04-09 2713 1411.707 7.283 0.519
2026-04-10 2721 1410.43 -1.277 -0.09
2026-04-11 2729 1409.442 -0.988 -0.07
2026-04-12 2729 1409.442 0 0
2026-04-13 2735 1409.442 0 0
2026-04-14 2751 1399.518 -9.924 -0.704
2026-04-15 2764 1399.518 0 0
2026-04-16 2771 1399.538 0.02 0.001
2026-04-17 2775 1402.277 2.739 0.196
2026-04-18 2767 1406.502 4.225 0.301
2026-04-19 2767 1406.502 0 0
2026-04-20 2766 1406.502 0 0
2026-04-21 2769 1403.614 -2.888 -0.205
2026-04-22 2782 1397.852 -5.762 -0.411
2026-04-23 2777 1393.289 -4.563 -0.326
2026-04-24 2775 1388.773 -4.516 -0.324
2026-04-25 2778 1386.711 -2.062 -0.148
2026-04-26 2778 1386.711 0 0
2026-04-27 2785 1386.711 0 0
2026-04-28 2781 1387.906 1.195 0.086
2026-04-29 2791 1382.293 -5.613 -0.404
2026-04-30 2796 1377.847 -4.446 -0.322
2026-05-01 2801 1376.977 -0.87 -0.063
2026-05-02 2804 1376.977 0 0
2026-05-04 2805 1376.977 0 0
2026-05-05 2813 1374.46 -2.517 -0.183
2026-05-06 2817 1374.46 0 0
2026-05-07 2826 1381.324 6.864 0.499
2026-05-08 2821 1386.656 5.332 0.386
2026-05-09 2825 1383.261 -3.395 -0.245
2026-05-10 2825 1383.261 0 0
<<<<<<< HEAD
2026-05-11 2826 1383.261 0 0
2026-05-12 2830 1371.216 -12.045 -0.871
2026-05-13 2835 1366.539 -4.677 -0.341
2026-05-14 2832 1365.611 -0.928 -0.068
2026-05-15 2824 1364.719 -0.892 -0.065
2026-05-16 2823 1361.928 -2.791 -0.205
2026-05-17 2823 1361.928 0 0
2026-05-18 2820 1361.928 0 0
2026-05-19 2823 1356.362 -5.566 -0.409
2026-05-20 2831 1353.956 -2.406 -0.177
2026-05-21 2840 1349.761 -4.195 -0.31
2026-05-22 2838 1349.761 0 0
2026-05-23 2815 1365.395 15.634 1.158
2026-05-24 2815 1365.395 0 0
2026-05-26 2820 1365.395 0 0
2026-05-27 2816 1365.859 0.464 0.034
2026-05-28 2808 1365.771 -0.088 -0.006
2026-05-29 2810 1365.771 0 0
2026-05-31 2806 1375.726 9.955 0.729
2026-06-01 2804 1375.726 0 0
2026-06-02 2801 1375.744 0.018 0.001
2026-06-03 2796 1371.863 -3.881 -0.282
2026-06-04 2803 1365.45 -6.413 -0.467
2026-06-05 2794 1364.362 -1.088 -0.08
2026-06-06 2779 1376.649 12.287 0.901
2026-06-07 2779 1376.649 0 0
2026-06-08 2758 1376.649 0 0
2026-06-09 2778 1365.521 -11.128 -0.808
2026-06-10 2768 1370.586 5.065 0.371
2026-06-11 2769 1371.791 1.205 0.088
2026-06-12 2781 1364.843 -6.948 -0.506
2026-06-13 2778 1374.135 9.292 0.681
2026-06-15 2798 1374.135 0 0
2026-06-16 2798 1379.811 5.676 0.413
2026-06-17 2784 1382.145 2.334 0.169
2026-06-18 2789 1382.549 0.404 0.029
2026-06-19 2776 1385.461 2.912 0.211
2026-06-20 2776 1385.461 0 0
2026-06-21 2776 1385.461 0 0
2026-06-23 2775 1380.34 -5.121 -0.37
2026-06-24 2772 1379.438 -0.902 -0.065
2026-06-25 2770 1380.732 1.294 0.094
2026-06-26 2768 1384.561 3.829 0.277
2026-06-27 2769 1384.561 0 0
2026-06-28 2769 1384.561 0 0
2026-06-29 2773 1384.561 0 0
2026-06-30 2780 1382.493 -2.068 -0.149
2026-07-01 2787 1380.687 -1.806 -0.131
2026-07-02 2793 1372.404 -8.283 -0.6
2026-07-03 2811 1370.066 -2.338 -0.17
2026-07-04 2811 1370.066 0 0
2026-07-05 2811 1370.066 0 0
2026-07-06 2806 1370.066 0 0
2026-07-07 2797 1369.994 -0.072 -0.005
2026-07-08 2779 1376.197 6.203 0.453
2026-07-09 2794 1367.611 -8.586 -0.624
2026-07-10 2802 1370.138 2.527 0.185
2026-07-11 2803 1371.017 0.879 0.064
2026-07-12 2803 1371.017 0 0
2026-07-13 2791 1371.017 0 0
2026-07-14 2802 1366.798 -4.219 -0.308
2026-07-15 2813 1358.53 -8.268 -0.605
2026-07-16 2810 1357.665 -0.865 -0.064
2026-07-17 2792 1356.38 -1.285 -0.095
2026-07-18 2788 1357.384 1.004 0.074
2026-07-19 2787 1357.384 0 0
2026-07-20 2782 1357.384 0 0
2026-07-21 2799 1355.017 -2.367 -0.174
2026-07-22 2792 1358.054 3.037 0.224
2026-07-23 2796 1353.307 -4.747 -0.35
2026-07-24 2788 1353.325 0.018 0.001
2026-07-25 2787 1353.395 0.07 0.005
2026-07-26 2787 1353.395 0 0
2026-07-27 2795 1353.395 0 0
2026-07-28 2787 1362.761 9.366 0.692
2026-07-29 2795 1363.42 0.659 0.048
2026-07-30 2782 1366.377 2.957 0.217
2026-07-31 2800 1365.968 -0.409 -0.03
2026-08-01 2796 1369.743 3.775 0.276
2026-08-02 2795 1369.743 0 0
2026-08-03 2800 1369.743 0 0
2026-08-04 2809 1370.829 1.086 0.079
2026-08-05 2821 1370.155 -0.674 -0.049
2026-08-06 2815 1373.865 3.71 0.271
2026-08-07 2817 1372.476 -1.389 -0.101
2026-08-08 2817 1372.692 0.216 0.016
2026-08-09 2817 1372.692 0 0
2026-08-10 2826 1372.692 0 0
2026-08-11 2830 1372.692 0 0
2026-08-12 2834 1369.331 -3.361 -0.245
2026-08-13 2826 1370.911 1.58 0.115
=======
2026-05-11 2830 1383.261 0 0
2026-05-12 2824 1383.261 0 0
2026-05-13 2834 1371.216 0 0
2026-05-14 2827 1366.539 0 0
2026-05-15 2835 1365.611 0 0
2026-05-16 2824 1364.719 0 0
2026-05-17 2823 1361.928 0 0
2026-05-18 2820 1361.928 0 0
2026-05-19 2818 1361.928 0 0
2026-05-20 2821 1356.362 0 0
2026-05-21 2833 1353.956 0 0
2026-05-22 2829 1349.761 0 0
2026-05-23 2838 1349.761 0 0
2026-05-24 2815 1365.395 0 0
2026-05-25 2813 1365.395 0 0
2026-05-26 2811 1365.395 0 0
2026-05-27 2815 1365.395 0 0
2026-05-28 2810 1365.859 0 0
2026-05-29 2808 1365.771 0 0
2026-05-30 2810 1365.771 0 0
2026-05-31 2806 1375.726 0 0
2026-06-01 2808 1375.726 0 0
2026-06-02 2807 1375.726 0 0
2026-06-03 2803 1375.744 0 0
2026-06-04 2792 1371.863 0 0
2026-06-05 2800 1365.45 0 0
2026-06-06 2794 1364.362 0 0
2026-06-07 2779 1376.649 0 0
2026-06-09 2761 1376.649 0 0
2026-06-10 2774 1365.521 0 0
2026-06-11 2762 1370.586 0 0
2026-06-12 2777 1371.791 0 0
2026-06-13 2781 1364.843 0 0
2026-06-14 2778 1374.135 0 0
2026-06-16 2799 1374.135 0 0
2026-06-17 2791 1379.811 0 0
2026-06-18 2787 1382.145 0 0
2026-06-19 2789 1382.549 0 0
2026-06-20 2776 1385.461 0 0
2026-06-21 2776 1385.461 0 0
2026-06-22 2767 1385.461 0 0
2026-06-23 2769 1385.461 0 0
2026-06-24 2776 1380.34 0 0
2026-06-25 2773 1379.438 0 0
2026-06-26 2765 1380.732 0 0
2026-06-27 2768 1384.561 0 0
2026-06-28 2769 1384.561 0 0
2026-06-29 2769 1384.561 0 0
2026-06-30 2772 1384.561 0 0
2026-07-01 2780 1382.493 0 0
2026-07-02 2789 1380.687 0 0
2026-07-03 2797 1372.404 0 0
2026-07-04 2811 1370.066 0 0
2026-07-05 2811 1370.066 0 0
2026-07-06 2808 1370.066 0 0
2026-07-07 2801 1370.066 0 0
2026-07-08 2791 1369.994 0 0
2026-07-09 2775 1376.197 0 0
2026-07-10 2803 1367.611 0 0
2026-07-11 2802 1370.138 0 0
2026-07-12 2803 1371.017 0 0
2026-07-13 2794 1371.017 0 0
2026-07-14 2795 1371.017 0 0
2026-07-15 2804 1366.798 0 0
2026-07-16 2812 1358.53 0 0
2026-07-17 2802 1357.665 0 0
2026-07-18 2792 1356.38 0 0
2026-07-19 2788 1357.384 0 0
2026-07-20 2792 1357.384 0 0
2026-07-21 2783 1357.384 0 0
2026-07-22 2804 1355.017 0 0
2026-07-23 2794 1358.054 0 0
2026-07-24 2791 1353.307 0 0
2026-07-25 2788 1353.325 0 0
2026-07-26 2787 1353.395 0 0
2026-07-27 2789 1353.395 0 0
2026-07-28 2792 1353.395 0 0
2026-07-29 2790 1362.761 0 0
2026-07-30 2784 1363.42 0 0
2026-07-31 2791 1366.377 0 0
2026-08-01 2800 1365.968 0 0
2026-08-02 2796 1369.743 0 0
2026-08-03 2788 1369.743 0 0
2026-08-04 2801 1369.743 0 0
2026-08-05 2819 1370.829 0 0
2026-08-06 2821 1370.155 0 0
2026-08-07 2814 1373.865 0 0
2026-08-08 2817 1372.476 0 0
2026-08-09 2817 1372.692 0 0
2026-08-10 2821 1372.692 0 0
2026-08-11 2826 1372.692 0 0
2026-08-12 2831 1372.692 0 0
2026-08-13 2832 1369.331 0 0
2026-08-14 2828 1370.911 0 0
>>>>>>> 2b550085baac25c543016ca743053a87bf115d5d
