2026-03-10 1276 3321.848 0 0
2026-03-11 1269 3340.758 18.91 0.569
2026-03-12 1308 3216.822 -123.936 -3.71
2026-03-13 1292 3248.376 31.554 0.981
2026-03-14 1293 3236.436 -11.94 -0.368
2026-03-15 1293 3236.436 0 0
2026-03-16 1343 3107.596 -128.84 -3.981
2026-03-17 1327 3141.377 33.781 1.087
2026-03-18 1311 3188.39 47.013 1.497
2026-03-19 1326 3143.686 -44.704 -1.402
2026-03-20 1347 3076.808 -66.878 -2.127
2026-03-21 1336 3093.447 16.639 0.541
2026-03-22 1336 3093.447 0 0
2026-03-23 1282 3218.048 124.601 4.028
2026-03-24 1336 3103.519 -114.529 -3.559
2026-03-25 1248 3346.395 242.876 7.826
2026-03-27 1378 2998.273 -348.122 -10.403
2026-03-28 1378 2987.082 -11.191 -0.373
2026-03-29 1377 2987.082 0 0
2026-03-30 1422 2870.453 -116.629 -3.904
2026-03-31 1395 2924.811 54.358 1.894
2026-04-01 1401 2932.006 7.195 0.246
2026-04-02 1393 2951.556 19.55 0.667
2026-04-03 1403 2925.196 -26.36 -0.893
2026-04-04 1403 2925.196 0 0
2026-04-05 1403 2925.196 0 0
2026-04-06 1384 2981.551 56.355 1.927
2026-04-07 1382 2962.271 -19.28 -0.647
2026-04-08 1400 2962.271 0 0
2026-04-09 1305 3199.16 236.889 7.997
2026-04-10 1239 3403.253 204.093 6.38
2026-04-11 1232 3439.726 36.473 1.072
2026-04-12 1232 3439.726 0 0
2026-04-13 1295 3241.033 -198.693 -5.776
2026-04-14 1263 3355.645 114.612 3.536
2026-04-15 1288 3289.56 -66.085 -1.969
2026-04-16 1284 3329.877 40.317 1.226
2026-04-17 1288 3331.933 2.056 0.062
2026-04-18 1275 3372.41 40.477 1.215
2026-04-19 1275 3372.41 0 0
2026-04-20 1300 3299.679 -72.731 -2.157
2026-04-21 1307 3268.616 -31.063 -0.941
2026-04-22 1317 3252.477 -16.139 -0.494
2026-04-23 1289 3303.917 51.44 1.582
2026-04-24 1305 3238.041 -65.876 -1.994
2026-04-25 1305 3238.25 0.209 0.006
2026-04-26 1305 3238.25 0 0
2026-04-27 1309 3227.764 -10.486 -0.324
2026-04-28 1313 3227.759 -0.005 0
2026-04-29 1276 3339.064 111.305 3.448
2026-04-30 1287 3287.197 -51.867 -1.553
2026-05-01 1264 3374.154 86.957 2.645
2026-05-02 1265 3382.774 8.62 0.255
2026-05-04 1225 3510.388 127.614 3.772
2026-05-05 1172 3691.542 181.154 5.161
2026-05-06 1165 3713.486 21.944 0.594
2026-05-07 1143 3780.319 66.833 1.8
2026-05-08 1118 3887.378 107.059 2.832
2026-05-09 1115 3888.677 1.299 0.033
2026-05-10 1115 3888.677 0 0
<<<<<<< HEAD
2026-05-11 1104 3921.736 33.059 0.85
2026-05-12 1100 3924.734 2.998 0.076
2026-05-13 1137 3795.042 -129.692 -3.304
2026-05-14 1105 3904.488 109.446 2.884
2026-05-15 1130 3795.276 -109.212 -2.797
2026-05-16 1134 3773.746 -21.53 -0.567
2026-05-17 1134 3773.746 0 0
2026-05-18 1157 3707.375 -66.371 -1.759
2026-05-19 1175 3641.253 -66.122 -1.784
2026-05-20 1179 3638.045 -3.208 -0.088
2026-05-21 1169 3671.378 33.333 0.916
2026-05-22 1171 3671.378 0 0
2026-05-23 1167 3686.122 14.744 0.402
2026-05-24 1167 3686.122 0 0
2026-05-26 1137 3806.64 120.518 3.27
2026-05-27 1103 3893.526 86.886 2.282
2026-05-28 1130 3793.918 -99.608 -2.558
2026-05-29 1147 3747.336 -46.582 -1.228
2026-05-31 1142 3771.531 24.195 0.646
2026-06-01 1204 3567.001 -204.53 -5.423
2026-06-02 1201 3567.777 0.776 0.022
2026-06-03 1241 3446.969 -120.808 -3.386
2026-06-04 1231 3471.391 24.422 0.709
2026-06-05 1228 3469.966 -1.425 -0.041
2026-06-06 1242 3427.427 -42.539 -1.226
2026-06-07 1242 3427.427 0 0
2026-06-08 1209 3495.566 68.139 1.988
2026-06-09 1246 3393.804 -101.762 -2.911
2026-06-10 1294 3273.516 -120.288 -3.544
2026-06-11 1274 3330.585 57.069 1.743
2026-06-12 1244 3426.899 96.314 2.892
2026-06-13 1228 3474.666 47.767 1.394
2026-06-15 1309 3254.281 -220.385 -6.343
2026-06-16 1358 3169.511 -84.77 -2.605
2026-06-17 1354 3166.549 -2.962 -0.093
2026-06-18 1354 3146.557 -19.992 -0.631
2026-06-19 1404 3018.52 -128.037 -4.069
2026-06-20 1404 3018.52 0 0
2026-06-21 1404 3018.52 0 0
2026-06-23 1417 2972.174 -46.346 -1.535
2026-06-24 1372 3080.003 107.829 3.628
2026-06-25 1340 3135.454 55.451 1.8
2026-06-26 1367 3081.194 -54.26 -1.731
2026-06-27 1376 3061.857 -19.337 -0.628
2026-06-28 1376 3061.857 0 0
2026-06-29 1367 3089.241 27.384 0.894
2026-06-30 1398 3046.82 -42.421 -1.373
2026-07-01 1332 3178.264 131.444 4.314
2026-07-02 1330 3178.366 0.102 0.003
2026-07-03 1339 3178.282 -0.084 -0.003
2026-07-04 1339 3178.282 0 0
2026-07-05 1339 3178.282 0 0
2026-07-06 1314 3235.801 57.519 1.81
2026-07-07 1350 3123.236 -112.565 -3.479
2026-07-08 1385 3023.699 -99.537 -3.187
2026-07-09 1404 2988.56 -35.139 -1.162
2026-07-10 1385 3047.647 59.087 1.977
2026-07-11 1384 3052.217 4.57 0.15
2026-07-12 1384 3052.217 0 0
2026-07-13 1368 3065.218 13.001 0.426
2026-07-14 1382 3052.458 -12.76 -0.416
2026-07-15 1335 3171.921 119.463 3.914
2026-07-16 1351 3128.611 -43.31 -1.365
2026-07-17 1347 3131.217 2.606 0.083
2026-07-18 1350 3116.94 -14.277 -0.456
2026-07-19 1350 3116.94 0 0
2026-07-20 1335 3145.292 28.352 0.91
2026-07-21 1336 3151.313 6.021 0.191
2026-07-22 1289 3278.667 127.354 4.041
2026-07-23 1289 3269.578 -9.089 -0.277
2026-07-24 1299 3226.289 -43.289 -1.324
2026-07-25 1290 3253.513 27.224 0.844
2026-07-26 1290 3253.513 0 0
2026-07-27 1321 3183.494 -70.019 -2.152
2026-07-28 1330 3149.239 -34.255 -1.076
2026-07-29 1359 3076.448 -72.791 -2.311
2026-07-30 1344 3115.311 38.863 1.263
2026-07-31 1325 3178.511 63.2 2.029
2026-08-01 1325 3181.308 2.797 0.088
2026-08-02 1325 3181.308 0 0
2026-08-03 1302 3259.917 78.609 2.471
2026-08-04 1317 3222.859 -37.058 -1.137
2026-08-05 1304 3287.455 64.596 2.004
2026-08-06 1318 3247.655 -39.8 -1.211
2026-08-07 1323 3229.654 -18.001 -0.554
2026-08-08 1323 3238.569 8.915 0.276
2026-08-09 1323 3238.569 0 0
2026-08-10 1364 3138.096 -100.473 -3.102
2026-08-11 1379 3088.512 -49.584 -1.58
2026-08-12 1378 3097.717 9.205 0.298
2026-08-13 1357 3138.853 41.136 1.328
=======
2026-05-11 1117 3888.677 0 0
2026-05-12 1104 3921.736 0 0
2026-05-13 1102 3924.734 0 0
2026-05-14 1133 3795.042 0 0
2026-05-15 1104 3904.488 0 0
2026-05-16 1130 3795.276 0 0
2026-05-17 1134 3773.746 0 0
2026-05-18 1136 3773.746 0 0
2026-05-19 1158 3707.375 0 0
2026-05-20 1172 3641.253 0 0
2026-05-21 1177 3638.045 0 0
2026-05-22 1170 3671.378 0 0
2026-05-23 1171 3671.378 0 0
2026-05-24 1167 3686.122 0 0
2026-05-25 1165 3686.122 0 0
2026-05-26 1096 3945.439 0 0
2026-05-27 1133 3806.64 0 0
2026-05-28 1103 3893.526 0 0
2026-05-29 1132 3793.918 0 0
2026-05-30 1147 3747.336 0 0
2026-05-31 1142 3771.531 0 0
2026-06-01 1144 3771.531 0 0
2026-06-02 1203 3567.001 0 0
2026-06-03 1201 3567.777 0 0
2026-06-04 1239 3446.969 0 0
2026-06-05 1231 3471.391 0 0
2026-06-06 1228 3469.966 0 0
2026-06-07 1242 3427.427 0 0
2026-06-09 1212 3495.566 0 0
2026-06-10 1251 3393.804 0 0
2026-06-11 1288 3273.516 0 0
2026-06-12 1279 3330.585 0 0
2026-06-13 1244 3426.899 0 0
2026-06-14 1228 3474.666 0 0
2026-06-16 1314 3254.281 0 0
2026-06-17 1356 3169.511 0 0
2026-06-18 1350 3166.549 0 0
2026-06-19 1353 3146.557 0 0
2026-06-20 1404 3018.52 0 0
2026-06-21 1404 3018.52 0 0
2026-06-22 1402 3018.52 0 0
2026-06-23 1413 3001.211 0 0
2026-06-24 1417 2972.174 0 0
2026-06-25 1372 3080.003 0 0
2026-06-26 1334 3135.454 0 0
2026-06-27 1367 3081.194 0 0
2026-06-28 1376 3061.857 0 0
2026-06-29 1376 3061.857 0 0
2026-06-30 1370 3089.241 0 0
2026-07-01 1394 3046.82 0 0
2026-07-02 1330 3178.264 0 0
2026-07-03 1334 3178.366 0 0
2026-07-04 1339 3178.282 0 0
2026-07-05 1339 3178.282 0 0
2026-07-06 1338 3178.282 0 0
2026-07-07 1312 3235.801 0 0
2026-07-08 1349 3123.236 0 0
2026-07-09 1382 3023.699 0 0
2026-07-10 1406 2988.56 0 0
2026-07-11 1385 3047.647 0 0
2026-07-12 1384 3052.217 0 0
2026-07-13 1384 3052.217 0 0
2026-07-14 1368 3065.218 0 0
2026-07-15 1383 3052.458 0 0
2026-07-16 1334 3171.921 0 0
2026-07-17 1349 3128.611 0 0
2026-07-18 1347 3131.217 0 0
2026-07-19 1350 3116.94 0 0
2026-07-20 1352 3116.94 0 0
2026-07-21 1333 3145.292 0 0
2026-07-22 1335 3151.313 0 0
2026-07-23 1288 3278.667 0 0
2026-07-24 1285 3269.578 0 0
2026-07-25 1299 3226.289 0 0
2026-07-26 1290 3253.513 0 0
2026-07-27 1294 3253.513 0 0
2026-07-28 1319 3183.494 0 0
2026-07-29 1330 3149.239 0 0
2026-07-30 1361 3076.448 0 0
2026-07-31 1347 3115.311 0 0
2026-08-01 1325 3178.511 0 0
2026-08-02 1325 3181.308 0 0
2026-08-03 1323 3181.308 0 0
2026-08-04 1307 3259.917 0 0
2026-08-05 1320 3222.859 0 0
2026-08-06 1301 3287.455 0 0
2026-08-07 1318 3247.655 0 0
2026-08-08 1323 3229.654 0 0
2026-08-09 1323 3238.569 0 0
2026-08-10 1327 3238.569 0 0
2026-08-11 1364 3138.096 0 0
2026-08-12 1376 3088.512 0 0
2026-08-13 1377 3097.717 0 0
2026-08-14 1359 3138.853 0 0
>>>>>>> 2b550085baac25c543016ca743053a87bf115d5d
2026-08-15 1353 3177.255 0 0
2026-08-16 1352 3185.947 0 0
2026-08-17 1351 3185.947 0 0
2026-08-18 1358 3150.843 0 0
2026-08-19 1345 3192.637 0 0
2026-08-20 1301 3314.809 0 0
2026-08-21 1328 3239.131 0 0
2026-08-22 1312 3284.121 0 0
2026-08-23 1311 3293.443 0 0
2026-08-24 1311 3293.443 0 0
2026-08-25 1312 3282.961 0 0
2026-08-26 1296 3353.52 0 0
2026-08-27 1270 3437.395 0 0
