2026-03-10 3039 1216.091 0 0
2026-03-11 3041 1221.756 5.665 0.466
2026-03-12 3039 1213.278 -8.478 -0.694
2026-03-13 3035 1208.665 -4.613 -0.38
2026-03-14 3042 1200.504 -8.161 -0.675
2026-03-15 3042 1200.504 0 0
2026-03-16 3045 1200.504 0 0
2026-03-17 3032 1204.778 4.274 0.356
2026-03-18 3045 1204.778 0 0
2026-03-19 3011 1207.691 2.913 0.242
2026-03-20 3001 1207.83 0.139 0.012
2026-03-21 2993 1211.037 3.207 0.266
2026-03-22 2993 1211.037 0 0
2026-03-23 2972 1211.037 0 0
2026-03-24 2972 1215.386 4.349 0.359
2026-03-25 2982 1214.542 -0.844 -0.069
2026-03-27 2977 1214.542 0 0
2026-03-28 2982 1208.525 -6.017 -0.495
2026-03-29 2982 1208.525 0 0
2026-03-30 2981 1208.525 0 0
2026-03-31 3003 1202.706 -5.819 -0.481
2026-04-01 3001 1208.665 5.959 0.495
2026-04-02 2993 1219.342 10.677 0.883
2026-04-03 2992 1211.736 -7.606 -0.624
2026-04-04 2992 1211.736 0 0
2026-04-05 2992 1211.736 0 0
2026-04-06 2993 1211.736 0 0
2026-04-07 2992 1210.757 -0.979 -0.081
2026-04-08 3020 1210.757 0 0
2026-04-09 2986 1226.757 16 1.321
2026-04-10 2989 1225.754 -1.003 -0.082
2026-04-11 2983 1230.354 4.6 0.375
2026-04-12 2983 1230.354 0 0
2026-04-13 2991 1230.354 0 0
2026-04-14 3003 1228.481 -1.873 -0.152
2026-04-15 3003 1238.781 10.3 0.838
2026-04-16 3016 1237.612 -1.169 -0.094
2026-04-17 3026 1234.844 -2.768 -0.224
2026-04-18 3025 1239.22 4.376 0.354
2026-04-19 3025 1239.22 0 0
2026-04-20 3025 1239.22 0 0
2026-04-21 3030 1234.844 -4.376 -0.353
2026-04-22 3028 1232.812 -2.032 -0.165
2026-04-23 3020 1229.201 -3.611 -0.293
2026-04-24 3016 1228.481 -0.72 -0.059
2026-04-25 3014 1227.906 -0.575 -0.047
2026-04-26 3014 1227.906 0 0
2026-04-27 3009 1227.906 0 0
2026-04-28 3003 1231.076 3.17 0.258
2026-04-29 3007 1227.475 -3.601 -0.293
2026-04-30 3006 1227.331 -0.144 -0.012
2026-05-01 3005 1230.499 3.168 0.258
2026-05-02 3004 1234.408 3.909 0.318
2026-05-04 3007 1234.408 0 0
2026-05-05 3017 1228.193 -6.215 -0.503
2026-05-06 3021 1228.193 0 0
2026-05-07 3031 1233.247 5.054 0.411
2026-05-08 3032 1235.426 2.179 0.177
2026-05-09 3030 1235.135 -0.291 -0.024
2026-05-10 3030 1235.135 0 0
2026-05-11 3032 1235.135 0 0
<<<<<<< HEAD
2026-05-12 3020 1235.717 0.582 0.047
2026-05-13 3027 1231.076 -4.641 -0.376
2026-05-14 3030 1228.193 -2.883 -0.234
2026-05-15 3031 1225.181 -3.012 -0.245
2026-05-16 3031 1220.051 -5.13 -0.419
2026-05-17 3031 1220.051 0 0
2026-05-18 3028 1220.051 0 0
2026-05-19 3028 1221.187 1.136 0.093
2026-05-20 3038 1216.514 -4.673 -0.383
2026-05-21 3038 1218.917 2.403 0.198
2026-05-22 3035 1218.917 0 0
2026-05-23 3039 1216.655 -2.262 -0.186
2026-05-24 3039 1216.655 0 0
2026-05-26 3044 1216.655 0 0
2026-05-27 3031 1219.342 2.687 0.221
2026-05-28 3034 1219.626 0.284 0.023
2026-05-29 3033 1221.756 2.13 0.175
2026-05-31 3025 1224.18 2.424 0.198
2026-06-01 3024 1224.18 0 0
2026-06-02 3032 1218.634 -5.546 -0.453
2026-06-03 3020 1221.472 2.838 0.233
2026-06-04 3019 1218.068 -3.404 -0.279
2026-06-05 3004 1220.051 1.983 0.163
2026-06-06 3011 1212.577 -7.474 -0.613
2026-06-07 3011 1212.577 0 0
2026-06-08 3002 1212.577 0 0
2026-06-09 3006 1210.757 -1.82 -0.15
2026-06-10 3000 1212.857 2.1 0.173
2026-06-11 3002 1211.876 -0.981 -0.081
2026-06-12 3018 1208.247 -3.629 -0.299
2026-06-13 3011 1214.12 5.873 0.486
2026-06-15 3027 1214.12 0 0
2026-06-16 3022 1217.644 3.524 0.29
2026-06-17 3024 1217.644 0 0
2026-06-18 3033 1215.668 -1.976 -0.162
2026-06-19 3045 1204.916 -10.752 -0.884
2026-06-20 3045 1204.916 0 0
2026-06-21 3045 1204.916 0 0
2026-06-23 3037 1200.641 -4.275 -0.355
2026-06-24 3046 1194.081 -6.56 -0.546
2026-06-25 3045 1189.612 -4.469 -0.374
2026-06-26 3035 1193.402 3.79 0.319
2026-06-27 3032 1195.305 1.903 0.159
2026-06-28 3032 1195.305 0 0
2026-06-29 3046 1195.305 0 0
2026-06-30 3043 1198.172 2.867 0.24
2026-07-01 3049 1199.268 1.096 0.091
2026-07-02 3058 1195.169 -4.099 -0.342
2026-07-03 3067 1200.366 5.197 0.435
2026-07-04 3067 1200.366 0 0
2026-07-05 3067 1200.366 0 0
2026-07-06 3063 1200.366 0 0
2026-07-07 3053 1197.762 -2.604 -0.217
2026-07-08 3041 1199.405 1.643 0.137
2026-07-09 3056 1196.532 -2.873 -0.24
2026-07-10 3052 1199.268 2.736 0.229
2026-07-11 3066 1198.309 -0.959 -0.08
2026-07-12 3066 1198.309 0 0
2026-07-13 3045 1198.309 0 0
2026-07-14 3050 1196.396 -1.913 -0.16
2026-07-15 3048 1200.504 4.108 0.343
2026-07-16 3049 1199.68 -0.824 -0.069
2026-07-17 3035 1200.366 0.686 0.057
2026-07-18 3033 1200.092 -0.274 -0.023
2026-07-19 3032 1200.092 0 0
2026-07-20 3028 1200.092 0 0
2026-07-21 3042 1196.532 -3.56 -0.297
2026-07-22 3036 1196.396 -0.136 -0.011
2026-07-23 3042 1196.942 0.546 0.046
2026-07-24 3040 1192.859 -4.083 -0.341
2026-07-25 3036 1193.673 0.814 0.068
2026-07-26 3036 1193.673 0 0
2026-07-27 3050 1193.673 0 0
2026-07-28 3042 1192.859 -0.814 -0.068
2026-07-29 3042 1194.353 1.494 0.125
2026-07-30 3035 1193.945 -0.408 -0.034
2026-07-31 3039 1206.718 12.773 1.07
2026-08-01 3031 1206.996 0.278 0.023
2026-08-02 3031 1206.996 0 0
2026-08-03 3039 1206.996 0 0
2026-08-04 3045 1207.83 0.834 0.069
2026-08-05 3052 1208.804 0.974 0.081
2026-08-06 3050 1211.876 3.072 0.254
2026-08-07 3062 1210.059 -1.817 -0.15
2026-08-08 3060 1212.016 1.957 0.162
2026-08-09 3060 1212.016 0 0
2026-08-10 3064 1212.016 0 0
2026-08-11 3065 1212.016 0 0
2026-08-12 3067 1210.757 -1.259 -0.104
2026-08-13 3063 1210.757 0 0
=======
2026-05-12 3028 1235.135 0 0
2026-05-13 3020 1235.717 0 0
2026-05-14 3022 1231.076 0 0
2026-05-15 3031 1228.193 0 0
2026-05-16 3031 1225.181 0 0
2026-05-17 3031 1220.051 0 0
2026-05-18 3024 1220.051 0 0
2026-05-19 3032 1220.051 0 0
2026-05-20 3023 1221.187 0 0
2026-05-21 3037 1216.514 0 0
2026-05-22 3033 1218.917 0 0
2026-05-23 3035 1218.917 0 0
2026-05-24 3039 1216.655 0 0
2026-05-25 3042 1216.655 0 0
2026-05-26 3045 1216.655 0 0
2026-05-27 3033 1216.655 0 0
2026-05-28 3031 1219.342 0 0
2026-05-29 3037 1219.626 0 0
2026-05-30 3033 1221.756 0 0
2026-05-31 3025 1224.18 0 0
2026-06-01 3030 1224.18 0 0
2026-06-02 3023 1224.18 0 0
2026-06-03 3034 1218.634 0 0
2026-06-04 3013 1221.472 0 0
2026-06-05 3013 1218.068 0 0
2026-06-06 3004 1220.051 0 0
2026-06-07 3011 1212.577 0 0
2026-06-09 3004 1212.577 0 0
2026-06-10 3005 1210.757 0 0
2026-06-11 2999 1212.857 0 0
2026-06-12 3010 1211.876 0 0
2026-06-13 3018 1208.247 0 0
2026-06-14 3011 1214.12 0 0
2026-06-16 3022 1214.12 0 0
2026-06-17 3023 1217.644 0 0
2026-06-18 3024 1217.644 0 0
2026-06-19 3032 1215.668 0 0
2026-06-20 3045 1204.916 0 0
2026-06-21 3045 1204.916 0 0
2026-06-22 3046 1204.916 0 0
2026-06-23 3043 1204.916 0 0
2026-06-24 3036 1200.641 0 0
2026-06-25 3045 1194.081 0 0
2026-06-26 3037 1189.612 0 0
2026-06-27 3035 1193.402 0 0
2026-06-28 3032 1195.305 0 0
2026-06-29 3038 1195.305 0 0
2026-06-30 3045 1195.305 0 0
2026-07-01 3049 1198.172 0 0
2026-07-02 3056 1199.268 0 0
2026-07-03 3067 1195.169 0 0
2026-07-04 3067 1200.366 0 0
2026-07-05 3067 1200.366 0 0
2026-07-06 3065 1200.366 0 0
2026-07-07 3052 1200.366 0 0
2026-07-08 3050 1197.762 0 0
2026-07-09 3032 1199.405 0 0
2026-07-10 3062 1196.532 0 0
2026-07-11 3052 1199.268 0 0
2026-07-12 3066 1198.309 0 0
2026-07-13 3049 1198.309 0 0
2026-07-14 3045 1198.309 0 0
2026-07-15 3055 1196.396 0 0
2026-07-16 3055 1200.504 0 0
2026-07-17 3043 1199.68 0 0
2026-07-18 3035 1200.366 0 0
2026-07-19 3033 1200.092 0 0
2026-07-20 3033 1200.092 0 0
2026-07-21 3024 1200.092 0 0
2026-07-22 3043 1196.532 0 0
2026-07-23 3041 1196.396 0 0
2026-07-24 3038 1196.942 0 0
2026-07-25 3040 1192.859 0 0
2026-07-26 3036 1193.673 0 0
2026-07-27 3039 1193.673 0 0
2026-07-28 3041 1193.673 0 0
2026-07-29 3046 1192.859 0 0
2026-07-30 3040 1194.353 0 0
2026-07-31 3046 1193.945 0 0
2026-08-01 3039 1206.718 0 0
2026-08-02 3031 1206.996 0 0
2026-08-03 3037 1206.996 0 0
2026-08-04 3040 1206.996 0 0
2026-08-05 3050 1207.83 0 0
2026-08-06 3056 1208.804 0 0
2026-08-07 3054 1211.876 0 0
2026-08-08 3062 1210.059 0 0
2026-08-09 3060 1212.016 0 0
2026-08-10 3061 1212.016 0 0
2026-08-11 3061 1212.016 0 0
2026-08-12 3069 1212.016 0 0
2026-08-13 3065 1210.757 0 0
2026-08-14 3064 1210.757 0 0
>>>>>>> 2b550085baac25c543016ca743053a87bf115d5d
2026-08-15 3063 1211.037 0 0
2026-08-16 3057 1214.823 0 0
