2025-11-21 2823 1182.783 0 0
2025-11-22 2822 1182.783 0 0
2025-11-23 2825 1182.783 0 0
2025-11-24 2753 1226.79 44.007 3.721
2025-11-25 2807 1204.824 -21.966 -1.791
2025-11-26 2712 1274.644 69.82 5.795
2025-11-27 2713 1274.644 0 0
2025-11-28 2686 1299.421 24.777 1.944
2025-11-29 2686 1299.421 0 0
2025-11-30 2686 1299.421 0 0
2025-12-01 2620 1355.78 56.359 4.337
2025-12-02 2852 1191.215 -164.565 -12.138
2025-12-03 2740 1261.922 70.707 5.936
2025-12-04 2742 1261.996 0.074 0.006
2025-12-05 2654 1326.491 64.495 5.111
2025-12-06 2657 1326.491 0 0
2025-12-07 2657 1326.491 0 0
2025-12-08 2525 1433.81 107.319 8.09
2025-12-09 2591 1369.759 -64.051 -4.467
2025-12-10 2619 1349.309 -20.45 -1.493
2025-12-11 2548 1418.722 69.413 5.144
2025-12-12 2796 1234.926 -183.796 -12.955
2025-12-13 2790 1234.926 0 0
2025-12-14 2790 1234.926 0 0
2025-12-15 2853 1196.54 -38.386 -3.108
2025-12-16 2831 1206.007 9.467 0.791
2025-12-17 2891 1171.245 -34.762 -2.882
2025-12-18 2831 1212.96 41.715 3.562
2025-12-19 2634 1349.937 136.977 11.293
2025-12-20 2636 1349.937 0 0
2025-12-21 2636 1349.937 0 0
2025-12-22 2580 1410.734 60.797 4.504
2025-12-23 2614 1382.703 -28.031 -1.987
2025-12-24 2607 1391.134 8.431 0.61
2025-12-25 2609 1391.134 0 0
2025-12-26 2628 1371.091 -20.043 -1.441
2025-12-27 2629 1371.091 0 0
2025-12-28 2629 1371.091 0 0
2025-12-29 2611 1392.133 21.042 1.535
2025-12-30 2608 1397.569 5.436 0.39
2025-12-31 2638 1364.434 -33.135 -2.371
2026-01-01 2638 1364.434 0 0
2026-01-02 2520 1462.064 97.63 7.155
2026-01-03 2521 1462.064 0 0
2026-01-05 2649 1369.981 -92.083 -6.298
2026-01-06 2703 1324.864 -45.117 -3.293
2026-01-07 2666 1360.07 35.206 2.657
2026-01-08 2739 1293.208 -66.862 -4.916
2026-01-09 2690 1336.698 43.49 3.363
2026-01-10 2689 1336.698 0 0
2026-01-11 2689 1336.698 0 0
2026-01-12 2621 1410.364 73.666 5.511
2026-01-13 2553 1469.46 59.096 4.19
2026-01-14 2621 1407.184 -62.276 -4.238
2026-01-15 2602 1424.269 17.085 1.214
2026-01-16 2541 1480.111 55.842 3.921
2026-01-17 2541 1480.111 0 0
2026-01-18 2540 1480.111 0 0
2026-01-19 2540 1480.111 0 0
2026-01-20 2514 1493.054 12.943 0.874
2026-01-21 2580 1435.77 -57.284 -3.837
2026-01-22 2585 1438.322 2.552 0.178
2026-01-23 2646 1388.841 -49.481 -3.44
2026-01-24 2648 1388.841 0 0
2026-01-25 2648 1388.841 0 0
2026-01-26 2704 1341.432 -47.409 -3.414
2026-01-27 2645 1398.235 56.803 4.235
2026-01-28 2683 1375.824 -22.411 -1.603
2026-01-29 2735 1320.796 -55.028 -4
2026-01-30 2832 1248.018 -72.778 -5.51
2026-01-31 2831 1248.018 0 0
2026-02-01 2828 1248.018 0 0
2026-02-02 2791 1261.479 13.461 1.079
2026-02-03 2730 1306.448 44.969 3.565
2026-02-04 2901 1204.01 -102.438 -7.841
2026-02-05 2910 1190.327 -13.683 -1.136
2026-02-06 2634 1390.247 199.92 16.795
2026-02-07 2640 1390.247 0 0
2026-02-08 2640 1390.247 0 0
2026-02-09 2506 1522.047 131.8 9.48
2026-02-10 2552 1486.472 -35.575 -2.337
2026-02-11 2925 1196.91 -289.562 -19.48
2026-02-12 3092 1070.213 -126.697 -10.585
2026-02-13 3064 1090.478 20.265 1.894
2026-02-14 3065 1090.478 0 0
2026-02-15 3064 1090.478 0 0
2026-02-16 3068 1090.478 0 0
2026-02-17 3119 1048.838 -41.64 -3.819
2026-02-18 3061 1092.401 43.563 4.153
2026-02-19 3032 1114.886 22.485 2.058
2026-02-20 3064 1093.141 -21.745 -1.95
2026-02-21 3065 1093.141 0 0
2026-02-22 3064 1093.141 0 0
2026-02-23 3072 1082.49 -10.651 -0.974
2026-02-24 3077 1083.674 1.184 0.109
2026-02-25 3080 1081.825 -1.849 -0.171
2026-02-26 3116 1056.086 -25.739 -2.379
2026-02-27 3167 1012.892 -43.194 -4.09
2026-02-28 3168 1012.892 0 0
2026-03-01 3162 1012.892 0 0
2026-03-02 3137 1025.613 12.721 1.256
2026-03-03  946.104 -79.509 -7.752
2026-03-06 3124 1015.629 69.525 7.349
2026-03-07 3122 1015.629 0 0
2026-03-08 3122 1015.629 0 0
2026-03-09 3082 1038.631 23.002 2.265
2026-03-10  995.511 -43.12 -4.152
2026-03-12 3335 1020.806 25.295 2.541
2026-03-13 3332 1023.838 3.032 0.297
2026-03-14 3327 1023.838 0 0
2026-03-15 3327 1023.838 0 0
2026-03-16 3246 1076.869 53.031 5.18
2026-03-17 3245 1077.535 0.666 0.062
2026-03-18 3257 1068.438 -9.097 -0.844
2026-03-19 3247 1067.106 -1.332 -0.125
2026-03-20  992.257 -74.849 -7.014
2026-03-24 3270 1034.563 42.306 4.264
2026-03-25 3304 1023.986 -10.577 -1.022
2026-03-27  965.852 -58.134 -5.677
2026-04-03 3341 1000.392 34.54 3.576
2026-04-04 3341 1000.392 0 0
2026-04-05 3341 1000.392 0 0
2026-04-06 3331 1006.679 6.287 0.628
2026-04-07 3312 1014.075 7.396 0.735
2026-04-08 3273 1061.929 47.854 4.719
2026-04-09 3228 1091.514 29.585 2.786
2026-04-10 2968 1236.406 144.892 13.274
2026-04-11 2973 1236.406 0 0
2026-04-12 2973 1236.406 0 0
2026-04-13 2789 1367.651 131.245 10.615
2026-04-14 2756 1395.794 28.143 2.058
2026-04-15 2751 1406.814 11.02 0.79
2026-04-16 2775 1397.347 -9.467 -0.673
2026-04-17 2743 1421.311 23.964 1.715
2026-04-18 2743 1421.311 0 0
2026-04-19 2743 1421.311 0 0
2026-04-20 2729 1434.254 12.943 0.911
2026-04-21 2576 1553.851 119.597 8.339
2026-04-22 2558 1569.309 15.458 0.995
2026-04-23 2507 1595.048 25.739 1.64
2026-04-24 2405 1708.21 113.162 7.095
2026-04-25 2401 1708.21 0 0
2026-04-26 2401 1708.21 0 0
2026-04-27 2515 1588.391 -119.819 -7.014
2026-04-28 2646 1489.8 -98.591 -6.207
2026-04-29 2505 1589.945 100.145 6.722
2026-04-30 2531 1574.339 -15.606 -0.982
2026-05-01 2477 1633.064 58.725 3.73
2026-05-02 2477 1633.064 0 0
2026-05-04 2487 1622.488 -10.576 -0.648
2026-05-05 2389 1729.289 106.801 6.583
2026-05-06 2407 1716.124 -13.165 -0.761
2026-05-07 2552 1581.069 -135.055 -7.87
2026-05-08 2516 1611.689 30.62 1.937
2026-05-09 2515 1611.689 0 0
2026-05-10 2515 1611.689 0 0
2026-05-11 2467 1667.605 55.916 3.469
2026-05-12 2477 1645.934 -21.671 -1.3
2026-05-13 2312 1791.417 145.483 8.839
2026-05-14 2275 1825.07 33.653 1.879
2026-05-15 2246 1854.951 29.881 1.637
2026-05-16 2242 1854.951 0 0
2026-05-17 2242 1854.951 0 0
2026-05-18 2372 1728.476 -126.475 -6.818
2026-05-19 2152 1940.599 212.123 12.272
2026-05-20 1850 2260.263 319.664 16.472
2026-05-21 1851 2260.263 0 0
2026-05-22 1747 2403.75 143.487 6.348
2026-05-23 1752 2403.75 0 0
2026-05-24 1752 2403.75 0 0
2026-05-26 1688 2491.321 87.571 3.643
2026-05-27 1658 2540.21 48.889 1.962
2026-05-28 1550 2716.536 176.326 6.941
2026-05-29 1571 2669.792 -46.744 -1.721
2026-05-31 1575 2669.792 0 0
2026-06-01 1683 2501.454 -168.338 -6.305
2026-06-02 1528 2765.277 263.823 10.547
2026-06-03 1492 2822.819 57.542 2.081
2026-06-04 1514 2782.214 -40.605 -1.438
2026-06-05 1674 2479.043 -303.171 -10.897
2026-06-06 1670 2479.043 0 0
2026-06-07 1670 2479.043 0 0
2026-06-08 1541 2695.53 216.487 8.733
2026-06-09 1552 2661.286 -34.244 -1.27
2026-06-10 1595 2581.111 -80.175 -3.013
2026-06-11 1458 2851.886 270.775 10.491
2026-06-12 1465 2849.52 -2.366 -0.083
2026-06-13 1466 2849.52 0 0
2026-06-15 1404 3012.606 163.086 5.723
2026-06-16 1501 2809.284 -203.322 -6.749
2026-06-17 1443 2905.213 95.929 3.415
2026-06-18 1325 3218.739 313.526 10.792
2026-06-19 1321 3218.739 0 0
2026-06-20 1321 3218.739 0 0
2026-06-21 1321 3218.739 0 0
2026-06-23 1377 3070.444 -148.295 -4.607
2026-06-24 1366 3091.894 21.45 0.699
2026-06-25 1370 3077.693 -14.201 -0.459
2026-06-26 1390 3031.392 -46.301 -1.504
2026-06-27 1391 3031.392 0 0
2026-06-28 1391 3031.392 0 0
2026-06-29 1218 3506.377 474.985 15.669
2026-06-30 1168 3706.519 200.142 5.708
2026-07-01 1291 3320.732 -385.787 -10.408
2026-07-02 1344 3139.969 -180.763 -5.443
2026-07-03 1353 3139.969 0 0
2026-07-04 1353 3139.969 0 0
2026-07-05 1353 3139.969 0 0
2026-07-06 1290 3334.637 194.668 6.2
2026-07-07 1417 2965.936 -368.701 -11.057
2026-07-08 1379 3041.895 75.959 2.561
2026-07-09 1306 3221.549 179.654 5.906
2026-07-10 1324 3188.414 -33.135 -1.029
2026-07-11 1324 3188.414 0 0
2026-07-12 1324 3188.414 0 0
2026-07-13 1478 2811.799 -376.615 -11.812
2026-07-14 1483 2809.802 -1.997 -0.071
2026-07-15 1535 2727.26 -82.542 -2.938
2026-07-16 1657 2498.865 -228.395 -8.375
2026-07-17 1724 2379.638 -119.227 -4.771
2026-07-18 1725 2379.638 0 0
2026-07-19 1724 2379.638 0 0
2026-07-20 1696 2420.095 40.457 1.7
2026-07-21 1656 2499.235 79.14 3.27
2026-07-22 1598 2581.37 82.135 3.286
2026-07-23 1616 2552.34 -29.03 -1.125
2026-07-24 1775 2290.588 -261.752 -10.255
2026-07-25 1775 2290.588 0 0
2026-07-26 1775 2290.588 0 0
2026-07-27 1852 2223.578 -67.01 -2.925
2026-07-28 1989 2058.717 -164.861 -7.414
2026-07-29 2072 1981.13 -77.587 -3.769
2026-07-30 1747 2350.571 369.441 18.648
2026-07-31 1715 2435.923 85.352 3.631
2026-08-01 1715 2435.923 0 0
2026-08-02 1715 2435.923 0 0
2026-08-03 1662 2508.554 72.631 2.982
2026-08-04 1501 2808.988 300.434 11.976
2026-08-05 1687 2489.176 -319.812 -11.385
2026-08-06 1626 2585.845 96.669 3.884
2026-08-07 1622 2605.592 19.747 0.764
2026-08-08 1623 2605.592 0 0
2026-08-09 1623 2605.592 0 0
2026-08-10 1696 2480.301 -125.291 -4.809
2026-08-11 1719 2441.544 -38.757 -1.563
2026-08-12 1688 2491.913 50.369 2.063
2026-08-13 1667 2521.35 29.437 1.181
2026-08-15 1679 2512.696 -8.654 -0.343
2026-08-16 1678 2512.696 0 0
2026-08-17 1688 2502.046 -10.65 -0.424
2026-08-18 1769 2378.307 -123.739 -4.946
2026-08-19 1848 2271.653 -106.654 -4.484
2026-08-20 1842 2282.748 11.095 0.488
2026-08-21 1879 2241.699 -41.049 -1.798
2026-08-23 1880 2241.699 0 0
2026-08-24 1921 2186.671 -55.028 -2.455
2026-08-25 1894 2224.54 37.869 1.732
2026-08-26 1849 2281.121 56.581 2.543
2026-08-27 1771 2383.114 101.993 4.471
2026-08-28 1856 2274.982 -108.132 -4.537
2026-08-29 1855 2274.982 0 0
2026-08-30 1855 2274.982 0 0
2026-08-31 1799 2330.527 55.545 2.442
2026-09-01 1798 2330.527 0 0
