2025-10-21 2554 1410.06 0 0
2025-10-22 2601 1367.94 -42.12 -2.987
2025-10-23 2574 1389.537 21.597 1.579
2025-10-24 2454 1499.43 109.893 7.909
2025-10-25 2453 1499.43 0 0
2025-10-26 2453 1499.43 0 0
2025-10-27 2404 1541.312 41.882 2.793
2025-10-28 2426 1526.277 -15.035 -0.975
2025-10-29 2347 1587.488 61.211 4.01
2025-10-30 2480 1481.652 -105.836 -6.667
2025-10-31 2431 1513.272 31.62 2.134
2025-11-01 2430 1513.272 0 0
2025-11-02 2430 1513.272 0 0
2025-11-03 2530 1425.094 -88.178 -5.827
2025-11-04 2677 1298.973 -126.121 -8.85
2025-11-05 2692 1283.104 -15.869 -1.222
2025-11-06 2822 1193.733 -89.371 -6.965
2025-11-07 2879 1158.892 -34.841 -2.919
2025-11-08 2882 1158.892 0 0
2025-11-09 2882 1158.892 0 0
2025-11-10 2854 1177.983 19.091 1.647
2025-11-11  972.514 -205.469 -17.442
2026-01-16 3015 1125.721 153.207 15.754
2026-01-17 3015 1125.721 0 0
2026-01-18 3014 1125.721 0 0
2026-01-19 3016 1125.721 0 0
2026-01-20 3100 1054.01 -71.711 -6.37
2026-01-21 3120 1040.049 -13.961 -1.325
2026-01-22 3169 1013.083 -26.966 -2.593
2026-01-23 3155 1027.282 14.199 1.402
2026-01-24 3156 1027.282 0 0
2026-01-25 3156 1027.282 0 0
2026-01-26 3069 1090.879 63.597 6.191
2026-01-27 2885 1216.762 125.883 11.54
2026-01-28 2940 1182.875 -33.887 -2.785
2026-01-29 3046 1105.436 -77.439 -6.547
2026-01-30 3144 1029.788 -75.648 -6.843
2026-01-31 3144 1029.788 0 0
2026-02-01 3144 1029.788 0 0
2026-02-02  979.077 -50.711 -4.924
2026-02-10 3130 1052.697 73.62 7.519
2026-02-11 3125 1053.174 0.477 0.045
2026-02-12 3115 1059.737 6.563 0.623
2026-02-13 3102 1063.794 4.057 0.383
2026-02-14 3097 1063.794 0 0
2026-02-15 3095 1063.794 0 0
2026-02-16 3098 1063.794 0 0
2026-02-17 3181 1003.657 -60.137 -5.653
2026-02-18 3112 1056.754 53.097 5.29
2026-02-19 3080 1076.919 20.165 1.908
2026-02-20  982.776 -94.143 -8.742
2026-02-24 3050 1102.692 119.916 12.202
2026-02-25 3069 1087.3 -15.392 -1.396
2026-02-26 3080 1082.766 -4.534 -0.417
2026-02-27  867.155 -215.611 -19.913
2026-04-10 3161 1134.908 267.753 30.877
2026-04-11 3164 1134.908 0 0
2026-04-12 3164 1134.908 0 0
2026-04-13 2983 1233.586 98.678 8.695
2026-04-14 2864 1316.275 82.689 6.703
2026-04-15 2851 1334.053 17.778 1.351
2026-04-16 2846 1344.434 10.381 0.778
2026-04-17 2896 1312.098 -32.336 -2.405
2026-04-18 2899 1312.098 0 0
2026-04-19 2899 1312.098 0 0
2026-04-20 2895 1319.019 6.921 0.527
2026-04-21 2943 1291.933 -27.086 -2.053
2026-04-22 2807 1379.991 88.058 6.816
2026-04-23 2882 1318.9 -61.091 -4.427
2026-04-24 3009 1232.035 -86.865 -6.586
2026-04-25 3008 1232.035 0 0
2026-04-26 3008 1232.035 0 0
2026-04-27 2969 1254.944 22.909 1.859
2026-04-28 3095 1177.028 -77.916 -6.209
2026-04-29 2937 1280.359 103.331 8.779
2026-04-30 2976 1249.455 -30.904 -2.414
2026-05-01 2854 1337.871 88.416 7.076
2026-05-02 2854 1337.871 0 0
2026-05-04 2747 1414.475 76.604 5.726
2026-05-05 2720 1443.827 29.352 2.075
2026-05-06 2566 1564.221 120.394 8.339
2026-05-07 2724 1455.163 -109.058 -6.972
2026-05-08 2972 1279.882 -175.281 -12.045
2026-05-09 2969 1279.882 0 0
2026-05-10 2969 1279.882 0 0
<<<<<<< HEAD
2026-05-11 2962 1286.445 6.563 0.513
2026-05-12 3077 1203.517 -82.928 -6.446
2026-05-13 3000 1245.995 42.478 3.529
2026-05-14 2966 1280.658 34.663 2.782
2026-05-15 3079 1198.148 -82.51 -6.443
2026-05-16 3077 1198.148 0 0
2026-05-17 3077 1198.148 0 0
2026-05-18 3138 1156.028 -42.12 -3.515
2026-05-19 3218 1108.777 -47.251 -4.087
2026-05-20 3186 1126.317 17.54 1.582
2026-05-21 3191 1126.317 0 0
2026-05-22 3111 1176.551 50.234 4.46
2026-05-23 3113 1176.551 0 0
2026-05-24 3113 1176.551 0 0
2026-05-26 3113 1181.324 4.773 0.406
2026-05-27 3139 1161.994 -19.33 -1.636
2026-05-28 3076 1192.898 30.904 2.66
2026-05-29 3021 1224.756 31.858 2.671
2026-05-31 3024 1224.756 0 0
2026-06-01 2752 1407.196 182.44 14.896
2026-06-02 2829 1340.974 -66.222 -4.706
2026-06-03 2983 1241.461 -99.513 -7.421
2026-06-04 3036 1206.858 -34.603 -2.787
2026-06-05 3180 1115.698 -91.16 -7.553
2026-06-06 3182 1115.698 0 0
2026-06-07 3182 1115.698 0 0
2026-06-08 3125 1139.323 23.625 2.118
2026-06-09 3207 1092.55 -46.773 -4.105
2026-06-10 3262 1058.663 -33.887 -3.102
2026-06-11 3258 1060.214 1.551 0.147
2026-06-12 3172 1117.607 57.393 5.413
2026-06-13 3180 1117.607 0 0
2026-06-15 3068 1191.108 73.501 6.577
2026-06-16 2876 1314.246 123.138 10.338
2026-06-17 2907 1292.53 -21.716 -1.652
2026-06-18 2851 1325.224 32.694 2.529
2026-06-19 2849 1325.224 0 0
2026-06-20 2849 1325.224 0 0
2026-06-21 2849 1325.224 0 0
2026-06-23 3071 1179.295 -145.929 -11.012
2026-06-24 3157 1121.545 -57.75 -4.897
2026-06-25 3191 1096.249 -25.296 -2.255
2026-06-26 3232 1070.237 -26.012 -2.373
2026-06-27 3232 1070.237 0 0
2026-06-28 3232 1070.237 0 0
2026-06-29 3258 1057.47 -12.767 -1.193
2026-06-30 3182 1105.556 48.086 4.547
2026-07-01  940.238 -165.318 -14.953
2026-08-05  990.412 50.174 5.336
2026-08-13 3107 1186.097 195.685 19.758
=======
2026-05-11 2973 1279.882 0 0
2026-05-12 2962 1286.445 0 0
2026-05-13 3077 1203.517 0 0
2026-05-14 2993 1245.995 0 0
2026-05-15 2963 1280.658 0 0
2026-05-16 3079 1198.148 0 0
2026-05-17 3077 1198.148 0 0
2026-05-18 3077 1198.148 0 0
2026-05-19 3139 1156.028 0 0
2026-05-20 3212 1108.777 0 0
2026-05-21 3189 1126.317 0 0
2026-05-22 3072 1201.489 0 0
2026-05-23 3111 1176.551 0 0
2026-05-24 3113 1176.551 0 0
2026-05-25 3111 1176.551 0 0
2026-05-26 3114 1176.551 0 0
2026-05-27 3108 1181.324 0 0
2026-05-28 3137 1161.994 0 0
2026-05-29 3081 1192.898 0 0
2026-05-30 3021 1224.756 0 0
2026-05-31 3024 1224.756 0 0
2026-06-01 3029 1224.756 0 0
2026-06-02 2749 1407.196 0 0
2026-06-03 2829 1340.974 0 0
2026-06-04 2981 1241.461 0 0
2026-06-05 3028 1206.858 0 0
2026-06-06 3180 1115.698 0 0
2026-06-07 3182 1115.698 0 0
2026-06-09 3128 1139.323 0 0
2026-06-10 3199 1092.55 0 0
2026-06-11 3256 1058.663 0 0
2026-06-12 3262 1060.214 0 0
2026-06-13 3172 1117.607 0 0
2026-06-14 3180 1117.607 0 0
2026-06-16 3063 1191.108 0 0
2026-06-17 2878 1314.246 0 0
2026-06-18 2906 1292.53 0 0
2026-06-19 2851 1325.224 0 0
2026-06-20 2849 1325.224 0 0
2026-06-21 2849 1325.224 0 0
2026-06-22 2849 1325.224 0 0
2026-06-23 2983 1245.757 0 0
2026-06-24 3073 1179.295 0 0
2026-06-25 3157 1121.545 0 0
2026-06-26 3181 1096.249 0 0
2026-06-27 3232 1070.237 0 0
2026-06-28 3232 1070.237 0 0
2026-06-29 3236 1070.237 0 0
2026-06-30 3257 1057.47 0 0
2026-07-01 3188 1105.556 0 0
2026-07-02 3371 940.238 0 0
2026-08-06 3391 990.412 0 0
2026-08-14 3110 1186.097 0 0
>>>>>>> 2b550085baac25c543016ca743053a87bf115d5d
