2026-03-10 1726 2423.54 0 0
2026-03-11 1760 2368.965 -54.575 -2.252
2026-03-12 1805 2303.483 -65.482 -2.764
2026-03-13 1839 2252.249 -51.234 -2.224
2026-03-14 1832 2252.113 -0.136 -0.006
2026-03-15 1832 2252.113 0 0
2026-03-16 1873 2202.958 -49.155 -2.183
2026-03-17 1933 2143.022 -59.936 -2.721
2026-03-18 1945 2125.678 -17.344 -0.809
2026-03-19 2345 1713.941 -411.737 -19.37
2026-03-20 2304 1733.243 19.302 1.126
2026-03-21 2310 1733.467 0.224 0.013
2026-03-22 2310 1733.467 0 0
2026-03-23 2406 1623.666 -109.801 -6.334
2026-03-24 2255 1774.691 151.025 9.301
2026-03-25 2203 1834.09 59.399 3.347
2026-03-27 2208 1826.862 -7.228 -0.394
2026-03-28 2203 1825.882 -0.98 -0.054
2026-03-29 2203 1825.882 0 0
2026-03-30 2018 1999.26 173.378 9.496
2026-03-31 2036 1979.522 -19.738 -0.987
2026-04-01 1954 2088.249 108.727 5.493
2026-04-02 2044 1992.483 -95.766 -4.586
2026-04-03 2043 1992.339 -0.144 -0.007
2026-04-04 2043 1992.339 0 0
2026-04-05 2043 1992.339 0 0
2026-04-06 2045 1992.339 0 0
2026-04-07 2044 1992.439 0.1 0.005
2026-04-08 1917 2157.053 164.614 8.262
2026-04-09 1964 2102.622 -54.431 -2.523
2026-04-10 2020 2042.459 -60.163 -2.861
2026-04-11 2021 2043.087 0.628 0.031
2026-04-12 2021 2043.087 0 0
2026-04-13 2014 2054.646 11.559 0.566
2026-04-14 2058 2018.193 -36.453 -1.774
2026-04-15 2139 1959.172 -59.021 -2.924
2026-04-16 2151 1952.87 -6.302 -0.322
2026-04-17 2193 1913.158 -39.712 -2.034
2026-04-18 2197 1912.116 -1.042 -0.054
2026-04-19 2197 1912.116 0 0
2026-04-20 2185 1923.678 11.562 0.605
2026-04-21 2215 1890.211 -33.467 -1.74
2026-04-22 2228 1878.927 -11.284 -0.597
2026-04-23 2322 1771.283 -107.644 -5.729
2026-04-24 2361 1741.017 -30.266 -1.709
2026-04-25 2359 1740.621 -0.396 -0.023
2026-04-26 2359 1740.621 0 0
2026-04-27 2374 1727.621 -13 -0.747
2026-04-28 2430 1679.207 -48.414 -2.802
2026-04-29 2370 1734.42 55.213 3.288
2026-04-30 2468 1637.515 -96.905 -5.587
2026-05-01 2474 1638.168 0.653 0.04
2026-05-02 2474 1637.841 -0.327 -0.02
2026-05-04 2501 1606.067 -31.774 -1.94
2026-05-05 2395 1724.973 118.906 7.404
2026-05-06 2398 1726.417 1.444 0.084
2026-05-07 2309 1801.14 74.723 4.328
2026-05-08 2172 1951.044 149.904 8.323
2026-05-09 2172 1951.556 0.512 0.026
2026-05-10 2172 1951.556 0 0
2026-05-11 2321 1798.335 -153.221 -7.851
2026-05-12 2276 1830.214 31.879 1.773
2026-05-13 2285 1814.341 -15.873 -0.867
2026-05-14 2370 1748.829 -65.512 -3.611
2026-05-15 2451 1660.344 -88.485 -5.06
2026-05-16 2444 1660.749 0.405 0.024
2026-05-17 2444 1660.749 0 0
2026-05-18 2462 1641.961 -18.788 -1.131
2026-05-19 2507 1589.747 -52.214 -3.18
2026-05-20 2516 1586.432 -3.315 -0.209
2026-05-21 2518 1586.42 -0.012 -0.001
2026-05-22 2458 1651.431 65.011 4.098
2026-05-23 2461 1651.035 -0.396 -0.024
2026-05-24 2461 1651.035 0 0
2026-05-26 2335 1770.91 119.875 7.261
2026-05-27 2363 1743.244 -27.666 -1.562
2026-05-28 2452 1658.633 -84.611 -4.854
2026-05-29 2492 1609.264 -49.369 -2.976
2026-05-31 2499 1608.861 -0.403 -0.025
2026-06-01 2449 1659.397 50.536 3.141
2026-06-02 2452 1650.73 -8.667 -0.522
2026-06-03 2512 1591.646 -59.084 -3.579
2026-06-04 2601 1526.556 -65.09 -4.089
2026-06-05 2664 1466.314 -60.242 -3.946
2026-06-06 2662 1466.36 0.046 0.003
2026-06-07 2662 1466.36 0 0
2026-06-08 2784 1358.033 -108.327 -7.387
2026-06-09 2783 1362.008 3.975 0.293
2026-06-10 2816 1328.769 -33.239 -2.44
2026-06-11 2782 1359.071 30.302 2.28
2026-06-12 2691 1434.193 75.122 5.527
2026-06-13 2700 1434.436 0.243 0.017
2026-06-15 2475 1632.285 197.849 13.793
2026-06-16 2585 1545.869 -86.416 -5.294
2026-06-17 2588 1537.413 -8.456 -0.547
2026-06-18 2716 1436.028 -101.385 -6.595
2026-06-19 2704 1435.573 -0.455 -0.032
2026-06-20 2704 1435.573 0 0
2026-06-21 2704 1435.573 0 0
2026-06-23 2987 1232.95 -202.623 -14.114
2026-06-24 3008 1215.501 -17.449 -1.415
2026-06-25 3157 1118.811 -96.69 -7.955
2026-06-26 3131 1137.53 18.719 1.673
2026-06-27 3132 1137.369 -0.161 -0.014
2026-06-28 3132 1137.369 0 0
2026-06-29 3107 1163.345 25.976 2.284
2026-06-30 3117 1155.995 -7.35 -0.632
2026-07-01 3125 1156.163 0.168 0.015
2026-07-02 2998 1228.014 71.851 6.215
2026-07-03 2736 1415.761 187.747 15.289
2026-07-04 2736 1415.761 0 0
2026-07-05 2736 1415.761 0 0
2026-07-06 2757 1404.218 -11.543 -0.815
2026-07-07 2829 1342.16 -62.058 -4.419
2026-07-08 2804 1356.625 14.465 1.078
2026-07-09 2834 1329.652 -26.973 -1.988
2026-07-10 2769 1390.774 61.122 4.597
2026-07-11 2771 1390.314 -0.46 -0.033
2026-07-12 2771 1390.314 0 0
2026-07-13 2744 1403.305 12.991 0.934
2026-07-14 2677 1459.964 56.659 4.038
2026-07-15 2679 1464.315 4.351 0.298
2026-07-16 2668 1475.715 11.4 0.779
2026-07-17 2773 1376.037 -99.678 -6.755
2026-07-18 2773 1375.837 -0.2 -0.015
2026-07-19 2772 1375.837 0 0
2026-07-20 2771 1371.507 -4.33 -0.315
2026-07-21 2626 1492.746 121.239 8.84
2026-07-22 2488 1595.059 102.313 6.854
2026-07-23 2450 1634.231 39.172 2.456
2026-07-24 2476 1600.871 -33.36 -2.041
2026-07-25 2476 1600.693 -0.178 -0.011
2026-07-26 2476 1600.693 0 0
2026-07-27 2686 1443.401 -157.292 -9.826
2026-07-28 2698 1431.855 -11.546 -0.8
2026-07-29 2581 1528.671 96.816 6.762
2026-07-30 2640 1480.796 -47.875 -3.132
2026-07-31 2556 1552.814 72.018 4.863
2026-08-01 2557 1553.286 0.472 0.03
2026-08-02 2557 1553.286 0 0
2026-08-03 2582 1543.184 -10.102 -0.65
2026-08-04 2615 1525.718 -17.466 -1.132
2026-08-05 2419 1700.074 174.356 11.428
2026-08-06 2347 1766.328 66.254 3.897
2026-08-07 2251 1862.772 96.444 5.46
2026-08-08 2252 1862.593 -0.179 -0.01
2026-08-09 2252 1862.593 0 0
2026-08-10 2214 1905.865 43.272 2.323
2026-08-11 2349 1771.724 -134.141 -7.038
2026-08-12 2288 1823.484 51.76 2.921
2026-08-13 2423 1703.634 -119.85 -6.573
2026-08-15 2395 1742.521 38.887 2.283
2026-08-16 2394 1742.521 0 0
2026-08-17 2267 1865.095 122.574 7.034
2026-08-18 2215 1908.925 43.83 2.35
2026-08-19 2217 1894.786 -14.139 -0.741
2026-08-20 2105 2000.93 106.144 5.602
2026-08-21 1974 2130.256 129.326 6.463
2026-08-23 1973 2131.022 0.766 0.036
2026-08-24 1875 2242.161 111.139 5.215
2026-08-25 2000 2098.782 -143.379 -6.395
2026-08-26 1935 2170.39 71.608 3.412
2026-08-27 1944 2164.654 -5.736 -0.264
2026-08-28 1840 2285.723 121.069 5.593
2026-08-29 1838 2285.577 -0.146 -0.006
2026-08-30 1838 2285.577 0 0
2026-08-31 1884 2242.274 -43.303 -1.895
2026-09-01 1786 2341.871 0 0
2026-09-02 1976 2118.301 0 0
2026-09-03 1809 2306.903 0 0
