2026-03-10 2326 1755.563 0 0
2026-03-11 2327 1755.563 0 0
2026-03-12 2307 1755.563 0 0
2026-03-13 2297 1755.563 0 0
2026-03-14 2292 1755.563 0 0
2026-03-15 2292 1755.563 0 0
2026-03-16 2290 1755.563 0 0
2026-03-17 2295 1755.563 0 0
2026-03-18 2302 1755.563 0 0
2026-03-19 2282 1755.563 0 0
2026-03-20 2280 1755.563 0 0
2026-03-21 2279 1755.563 0 0
2026-03-22 2279 1755.563 0 0
2026-03-23 2266 1755.563 0 0
2026-03-24 2273 1755.563 0 0
2026-03-25 2285 1755.563 0 0
2026-03-27 2274 1755.563 0 0
2026-03-28 2273 1755.563 0 0
2026-03-29 2273 1755.563 0 0
2026-03-30 2268 1755.563 0 0
2026-03-31 2272 1755.563 0 0
2026-04-01 2285 1755.563 0 0
2026-04-02 2290 1755.563 0 0
2026-04-03 2286 1755.563 0 0
2026-04-04 2286 1755.563 0 0
2026-04-05 2286 1755.563 0 0
2026-04-06 2286 1755.563 0 0
2026-04-07 2288 1755.563 0 0
2026-04-08 2312 1755.563 0 0
2026-04-09 2323 1755.563 0 0
2026-04-10 2325 1755.563 0 0
2026-04-11 2326 1755.563 0 0
2026-04-12 2326 1755.563 0 0
2026-04-13 2330 1755.563 0 0
2026-04-14 2331 1755.563 0 0
2026-04-15 2349 1755.563 0 0
2026-04-16 2354 1755.563 0 0
2026-04-17 2363 1755.563 0 0
2026-04-18 2364 1755.563 0 0
2026-04-19 2364 1755.563 0 0
2026-04-20 2365 1755.563 0 0
2026-04-21 2363 1755.563 0 0
2026-04-22 2355 1755.563 0 0
2026-04-23 2341 1755.563 0 0
2026-04-24 2341 1755.563 0 0
2026-04-25 2341 1755.563 0 0
2026-04-26 2341 1755.563 0 0
2026-04-27 2345 1755.563 0 0
2026-04-28 2343 1755.563 0 0
2026-04-29 2338 1755.563 0 0
2026-04-30 2341 1755.563 0 0
2026-05-01 2349 1755.563 0 0
2026-05-02 2351 1755.563 0 0
2026-05-04 2356 1755.563 0 0
<<<<<<< HEAD
2026-05-05 2358 1755.563 0 0
2026-05-06 2361 1755.563 0 0
2026-05-07 2363 1755.563 0 0
2026-05-08 2372 1755.563 0 0
2026-05-09 2371 1755.563 0 0
2026-05-10 2372 1755.563 0 0
2026-05-11 2365 1755.563 0 0
2026-05-12 2356 1755.563 0 0
2026-05-13 2350 1755.563 0 0
2026-05-14 2360 1755.563 0 0
2026-05-15 2347 1755.563 0 0
2026-05-16 2340 1755.563 0 0
2026-05-17 2340 1755.563 0 0
2026-05-18 2332 1755.563 0 0
2026-05-19 2340 1755.563 0 0
2026-05-20 2345 1755.563 0 0
2026-05-21 2345 1755.563 0 0
2026-05-22 2350 1755.563 0 0
2026-05-23 2352 1755.563 0 0
2026-05-24 2352 1755.563 0 0
2026-05-26 2353 1755.563 0 0
2026-05-27 2348 1755.563 0 0
2026-05-28 2344 1755.563 0 0
2026-05-29 2348 1755.563 0 0
2026-05-31 2351 1755.563 0 0
2026-06-01 2343 1755.563 0 0
2026-06-02 2340 1755.563 0 0
2026-06-03 2335 1755.563 0 0
2026-06-04 2340 1755.563 0 0
2026-06-05 2327 1755.563 0 0
2026-06-06 2324 1755.563 0 0
2026-06-07 2324 1755.563 0 0
2026-06-08 2316 1755.563 0 0
2026-06-09 2324 1755.563 0 0
2026-06-10 2320 1755.563 0 0
2026-06-11 2321 1755.563 0 0
2026-06-12 2329 1755.563 0 0
2026-06-13 2333 1755.563 0 0
2026-06-15 2348 1755.563 0 0
2026-06-16 2351 1755.563 0 0
2026-06-17 2344 1755.563 0 0
2026-06-18 2342 1755.563 0 0
2026-06-19 2336 1755.563 0 0
2026-06-20 2336 1755.563 0 0
2026-06-21 2336 1755.563 0 0
2026-06-23 2326 1755.563 0 0
2026-06-24 2320 1755.563 0 0
2026-06-25 2319 1755.563 0 0
2026-06-26 2324 1755.563 0 0
2026-06-27 2325 1755.563 0 0
2026-06-28 2325 1755.563 0 0
2026-06-29 2320 1755.563 0 0
2026-06-30 2336 1755.563 0 0
2026-07-01 2343 1755.563 0 0
2026-07-02 2347 1755.563 0 0
2026-07-03 2353 1755.563 0 0
2026-07-04 2353 1755.563 0 0
2026-07-05 2353 1755.563 0 0
2026-07-06 2358 1755.563 0 0
2026-07-07 2349 1755.563 0 0
2026-07-08 2333 1755.563 0 0
2026-07-09 2336 1755.563 0 0
2026-07-10 2336 1755.563 0 0
2026-07-11 2337 1755.563 0 0
2026-07-12 2337 1755.563 0 0
2026-07-13 2329 1755.563 0 0
2026-07-14 2330 1755.563 0 0
2026-07-15 2340 1755.563 0 0
2026-07-16 2337 1755.563 0 0
2026-07-17 2317 1755.563 0 0
2026-07-18 2317 1755.563 0 0
2026-07-19 2315 1755.563 0 0
2026-07-20 2318 1755.563 0 0
2026-07-21 2329 1755.563 0 0
2026-07-22 2323 1755.563 0 0
2026-07-23 2322 1755.563 0 0
2026-07-24 2313 1755.563 0 0
2026-07-25 2314 1755.563 0 0
2026-07-26 2314 1755.563 0 0
2026-07-27 2323 1755.563 0 0
2026-07-28 2323 1755.563 0 0
2026-07-29 2331 1755.563 0 0
2026-07-30 2328 1755.563 0 0
2026-07-31 2343 1755.563 0 0
2026-08-01 2340 1755.563 0 0
2026-08-02 2340 1755.563 0 0
2026-08-03 2341 1755.563 0 0
2026-08-04 2355 1755.563 0 0
2026-08-05 2364 1755.563 0 0
2026-08-06 2362 1755.563 0 0
2026-08-07 2369 1755.563 0 0
2026-08-08 2369 1755.563 0 0
2026-08-09 2369 1755.563 0 0
2026-08-10 2373 1755.563 0 0
2026-08-11 2368 1755.563 0 0
2026-08-12 2365 1755.563 0 0
2026-08-13 2367 1755.563 0 0
=======
2026-05-05 2357 1755.563 0 0
2026-05-06 2354 1755.563 0 0
2026-05-07 2360 1755.563 0 0
2026-05-08 2362 1755.563 0 0
2026-05-09 2372 1755.563 0 0
2026-05-10 2371 1755.563 0 0
2026-05-11 2376 1755.563 0 0
2026-05-12 2364 1755.563 0 0
2026-05-13 2357 1755.563 0 0
2026-05-14 2349 1755.563 0 0
2026-05-15 2358 1755.563 0 0
2026-05-16 2347 1755.563 0 0
2026-05-17 2340 1755.563 0 0
2026-05-18 2332 1755.563 0 0
2026-05-19 2334 1755.563 0 0
2026-05-20 2336 1755.563 0 0
2026-05-21 2346 1755.563 0 0
2026-05-22 2349 1755.563 0 0
2026-05-23 2350 1755.563 0 0
2026-05-24 2352 1755.563 0 0
2026-05-25 2350 1755.563 0 0
2026-05-26 2355 1755.563 0 0
2026-05-27 2346 1755.563 0 0
2026-05-28 2341 1755.563 0 0
2026-05-29 2347 1755.563 0 0
2026-05-30 2348 1755.563 0 0
2026-05-31 2351 1755.563 0 0
2026-06-01 2354 1755.563 0 0
2026-06-02 2344 1755.563 0 0
2026-06-03 2343 1755.563 0 0
2026-06-04 2330 1755.563 0 0
2026-06-05 2339 1755.563 0 0
2026-06-06 2327 1755.563 0 0
2026-06-07 2324 1755.563 0 0
2026-06-09 2319 1755.563 0 0
2026-06-10 2324 1755.563 0 0
2026-06-11 2317 1755.563 0 0
2026-06-12 2329 1755.563 0 0
2026-06-13 2329 1755.563 0 0
2026-06-14 2333 1755.563 0 0
2026-06-16 2344 1755.563 0 0
2026-06-17 2354 1755.563 0 0
2026-06-18 2345 1755.563 0 0
2026-06-19 2340 1755.563 0 0
2026-06-20 2336 1755.563 0 0
2026-06-21 2336 1755.563 0 0
2026-06-22 2331 1755.563 0 0
2026-06-23 2334 1755.563 0 0
2026-06-24 2325 1755.563 0 0
2026-06-25 2324 1755.563 0 0
2026-06-26 2312 1755.563 0 0
2026-06-27 2324 1755.563 0 0
2026-06-28 2325 1755.563 0 0
2026-06-29 2324 1755.563 0 0
2026-06-30 2325 1755.563 0 0
2026-07-01 2344 1755.563 0 0
2026-07-02 2346 1755.563 0 0
2026-07-03 2348 1755.563 0 0
2026-07-04 2353 1755.563 0 0
2026-07-05 2353 1755.563 0 0
2026-07-06 2355 1755.563 0 0
2026-07-07 2355 1755.563 0 0
2026-07-08 2339 1755.563 0 0
2026-07-09 2326 1755.563 0 0
2026-07-10 2340 1755.563 0 0
2026-07-11 2336 1755.563 0 0
2026-07-12 2337 1755.563 0 0
2026-07-13 2331 1755.563 0 0
2026-07-14 2328 1755.563 0 0
2026-07-15 2337 1755.563 0 0
2026-07-16 2341 1755.563 0 0
2026-07-17 2328 1755.563 0 0
2026-07-18 2317 1755.563 0 0
2026-07-19 2317 1755.563 0 0
2026-07-20 2317 1755.563 0 0
2026-07-21 2315 1755.563 0 0
2026-07-22 2329 1755.563 0 0
2026-07-23 2328 1755.563 0 0
2026-07-24 2317 1755.563 0 0
2026-07-25 2313 1755.563 0 0
2026-07-26 2314 1755.563 0 0
2026-07-27 2315 1755.563 0 0
2026-07-28 2319 1755.563 0 0
2026-07-29 2328 1755.563 0 0
2026-07-30 2330 1755.563 0 0
2026-07-31 2338 1755.563 0 0
2026-08-01 2343 1755.563 0 0
2026-08-02 2340 1755.563 0 0
2026-08-03 2336 1755.563 0 0
2026-08-04 2343 1755.563 0 0
2026-08-05 2356 1755.563 0 0
2026-08-06 2363 1755.563 0 0
2026-08-07 2362 1755.563 0 0
2026-08-08 2369 1755.563 0 0
2026-08-09 2369 1755.563 0 0
2026-08-10 2368 1755.563 0 0
2026-08-11 2368 1755.563 0 0
2026-08-12 2367 1755.563 0 0
2026-08-13 2369 1755.563 0 0
2026-08-14 2369 1755.563 0 0
>>>>>>> 2b550085baac25c543016ca743053a87bf115d5d
2026-08-15 2372 1755.563 0 0
2026-08-16 2381 1755.563 0 0
2026-08-17 2379 1755.563 0 0
2026-08-18 2383 1755.563 0 0
2026-08-19 2385 1755.563 0 0
2026-08-20 2369 1755.563 0 0
2026-08-21 2370 1755.563 0 0
