2026-03-10 2143 1946.441 0 0
2026-03-11 2136 1955.509 9.068 0.466
2026-03-12 2138 1941.938 -13.571 -0.694
2026-03-13 2133 1934.555 -7.383 -0.38
2026-03-14 2134 1921.492 -13.063 -0.675
2026-03-15 2134 1921.492 0 0
2026-03-16 2136 1921.492 0 0
2026-03-17 2144 1928.334 6.842 0.356
2026-03-18 2144 1928.334 0 0
2026-03-19 2128 1932.996 4.662 0.242
2026-03-20 2113 1933.218 0.222 0.011
2026-03-21 2107 1938.351 5.133 0.266
2026-03-22 2107 1938.351 0 0
2026-03-23 2096 1938.351 0 0
2026-03-24 2091 1945.313 6.962 0.359
2026-03-25 2103 1943.962 -1.351 -0.069
2026-03-27 2092 1943.962 0 0
2026-03-28 2091 1934.332 -9.63 -0.495
2026-03-29 2091 1934.332 0 0
2026-03-30 2085 1934.332 0 0
2026-03-31 2103 1925.017 -9.315 -0.482
2026-04-01 2106 1934.555 9.538 0.495
2026-04-02 2092 1951.645 17.09 0.883
2026-04-03 2097 1939.471 -12.174 -0.624
2026-04-04 2097 1939.471 0 0
2026-04-05 2097 1939.471 0 0
2026-04-06 2100 1939.471 0 0
2026-04-07 2102 1937.904 -1.567 -0.081
2026-04-08 2123 1937.904 0 0
2026-04-09 2108 1963.513 25.609 1.321
2026-04-10 2112 1961.907 -1.606 -0.082
2026-04-11 2112 1969.27 7.363 0.375
2026-04-12 2112 1969.27 0 0
2026-04-13 2112 1969.27 0 0
2026-04-14 2124 1966.272 -2.998 -0.152
2026-04-15 2120 1982.759 16.487 0.838
2026-04-16 2129 1980.887 -1.872 -0.094
2026-04-17 2138 1976.457 -4.43 -0.224
2026-04-18 2135 1983.461 7.004 0.354
2026-04-19 2135 1983.461 0 0
2026-04-20 2132 1983.461 0 0
2026-04-21 2136 1976.457 -7.004 -0.353
2026-04-22 2139 1973.205 -3.252 -0.165
2026-04-23 2127 1967.424 -5.781 -0.293
2026-04-24 2130 1966.272 -1.152 -0.059
2026-04-25 2129 1965.352 -0.92 -0.047
2026-04-26 2129 1965.352 0 0
2026-04-27 2135 1965.352 0 0
2026-04-28 2129 1970.426 5.074 0.258
2026-04-29 2126 1964.662 -5.764 -0.293
2026-04-30 2129 1964.432 -0.23 -0.012
2026-05-01 2128 1969.501 5.069 0.258
2026-05-02 2121 1975.759 6.258 0.318
2026-05-04 2126 1975.759 0 0
2026-05-05 2141 1965.812 -9.947 -0.503
2026-05-06 2149 1965.812 0 0
2026-05-07 2148 1973.901 8.089 0.411
2026-05-08 2151 1977.388 3.487 0.177
2026-05-09 2149 1976.922 -0.466 -0.024
2026-05-10 2149 1976.922 0 0
<<<<<<< HEAD
2026-05-11 2148 1976.922 0 0
2026-05-12 2134 1977.854 0.932 0.047
2026-05-13 2141 1970.426 -7.428 -0.376
2026-05-14 2147 1965.812 -4.614 -0.234
2026-05-15 2140 1960.99 -4.822 -0.245
2026-05-16 2143 1952.78 -8.21 -0.419
2026-05-17 2143 1952.78 0 0
2026-05-18 2144 1952.78 0 0
2026-05-19 2136 1954.598 1.818 0.093
2026-05-20 2145 1947.118 -7.48 -0.383
2026-05-21 2144 1950.964 3.846 0.198
2026-05-22 2150 1950.964 0 0
2026-05-23 2157 1947.344 -3.62 -0.186
2026-05-24 2157 1947.344 0 0
2026-05-26 2156 1947.344 0 0
2026-05-27 2145 1951.645 4.301 0.221
2026-05-28 2149 1952.099 0.454 0.023
2026-05-29 2144 1955.509 3.41 0.175
2026-05-31 2147 1959.388 3.879 0.198
2026-06-01 2144 1959.388 0 0
2026-06-02 2143 1950.511 -8.877 -0.453
2026-06-03 2135 1955.054 4.543 0.233
2026-06-04 2144 1949.605 -5.449 -0.279
2026-06-05 2121 1952.78 3.175 0.163
2026-06-06 2133 1940.816 -11.964 -0.613
2026-06-07 2133 1940.816 0 0
2026-06-08 2128 1940.816 0 0
2026-06-09 2132 1937.904 -2.912 -0.15
2026-06-10 2124 1941.265 3.361 0.173
2026-06-11 2117 1939.695 -1.57 -0.081
2026-06-12 2141 1933.886 -5.809 -0.299
2026-06-13 2134 1943.287 9.401 0.486
2026-06-15 2150 1943.287 0 0
2026-06-16 2152 1948.926 5.639 0.29
2026-06-17 2145 1948.926 0 0
2026-06-18 2151 1945.764 -3.162 -0.162
2026-06-19 2156 1928.555 -17.209 -0.884
2026-06-20 2156 1928.555 0 0
2026-06-21 2156 1928.555 0 0
2026-06-23 2151 1921.712 -6.843 -0.355
2026-06-24 2157 1911.212 -10.5 -0.546
2026-06-25 2155 1904.06 -7.152 -0.374
2026-06-26 2150 1910.125 6.065 0.319
2026-06-27 2148 1913.172 3.047 0.16
2026-06-28 2148 1913.172 0 0
2026-06-29 2150 1913.172 0 0
2026-06-30 2154 1917.761 4.589 0.24
2026-07-01 2160 1919.515 1.754 0.091
2026-07-02 2168 1912.954 -6.561 -0.342
2026-07-03 2168 1921.272 8.318 0.435
2026-07-04 2168 1921.272 0 0
2026-07-05 2168 1921.272 0 0
2026-07-06 2166 1921.272 0 0
2026-07-07 2163 1917.104 -4.168 -0.217
2026-07-08 2145 1919.735 2.631 0.137
2026-07-09 2151 1915.136 -4.599 -0.24
2026-07-10 2153 1919.515 4.379 0.229
2026-07-11 2160 1917.98 -1.535 -0.08
2026-07-12 2160 1917.98 0 0
2026-07-13 2150 1917.98 0 0
2026-07-14 2150 1914.918 -3.062 -0.16
2026-07-15 2158 1921.492 6.574 0.343
2026-07-16 2159 1920.174 -1.318 -0.069
2026-07-17 2147 1921.272 1.098 0.057
2026-07-18 2145 1920.833 -0.439 -0.023
2026-07-19 2144 1920.833 0 0
2026-07-20 2131 1920.833 0 0
2026-07-21 2153 1915.136 -5.697 -0.297
2026-07-22 2148 1914.918 -0.218 -0.011
2026-07-23 2145 1915.792 0.874 0.046
2026-07-24 2141 1909.256 -6.536 -0.341
2026-07-25 2141 1910.56 1.304 0.068
2026-07-26 2142 1910.56 0 0
2026-07-27 2156 1910.56 0 0
2026-07-28 2159 1909.256 -1.304 -0.068
2026-07-29 2149 1911.648 2.392 0.125
2026-07-30 2156 1910.995 -0.653 -0.034
2026-07-31 2149 1931.439 20.444 1.07
2026-08-01 2148 1931.884 0.445 0.023
2026-08-02 2148 1931.884 0 0
2026-08-03 2151 1931.884 0 0
2026-08-04 2160 1933.218 1.334 0.069
2026-08-05 2172 1934.778 1.56 0.081
2026-08-06 2166 1939.695 4.917 0.254
2026-08-07 2180 1936.786 -2.909 -0.15
2026-08-08 2178 1939.919 3.133 0.162
2026-08-09 2178 1939.919 0 0
2026-08-10 2184 1939.919 0 0
2026-08-11 2175 1939.919 0 0
2026-08-12 2181 1937.904 -2.015 -0.104
2026-08-13 2179 1937.904 0 0
=======
2026-05-11 2153 1976.922 0 0
2026-05-12 2147 1976.922 0 0
2026-05-13 2133 1977.854 0 0
2026-05-14 2134 1970.426 0 0
2026-05-15 2144 1965.812 0 0
2026-05-16 2140 1960.99 0 0
2026-05-17 2143 1952.78 0 0
2026-05-18 2139 1952.78 0 0
2026-05-19 2140 1952.78 0 0
2026-05-20 2132 1954.598 0 0
2026-05-21 2147 1947.118 0 0
2026-05-22 2148 1950.964 0 0
2026-05-23 2150 1950.964 0 0
2026-05-24 2157 1947.344 0 0
2026-05-25 2155 1947.344 0 0
2026-05-26 2156 1947.344 0 0
2026-05-27 2153 1947.344 0 0
2026-05-28 2148 1951.645 0 0
2026-05-29 2144 1952.099 0 0
2026-05-30 2144 1955.509 0 0
2026-05-31 2147 1959.388 0 0
2026-06-01 2143 1959.388 0 0
2026-06-02 2139 1959.388 0 0
2026-06-03 2147 1950.511 0 0
2026-06-04 2135 1955.054 0 0
2026-06-05 2141 1949.605 0 0
2026-06-06 2121 1952.78 0 0
2026-06-07 2133 1940.816 0 0
2026-06-09 2128 1940.816 0 0
2026-06-10 2134 1937.904 0 0
2026-06-11 2114 1941.265 0 0
2026-06-12 2129 1939.695 0 0
2026-06-13 2141 1933.886 0 0
2026-06-14 2134 1943.287 0 0
2026-06-16 2150 1943.287 0 0
2026-06-17 2153 1948.926 0 0
2026-06-18 2143 1948.926 0 0
2026-06-19 2147 1945.764 0 0
2026-06-20 2156 1928.555 0 0
2026-06-21 2156 1928.555 0 0
2026-06-22 2151 1928.555 0 0
2026-06-23 2153 1928.555 0 0
2026-06-24 2156 1921.712 0 0
2026-06-25 2154 1911.212 0 0
2026-06-26 2149 1904.06 0 0
2026-06-27 2150 1910.125 0 0
2026-06-28 2148 1913.172 0 0
2026-06-29 2149 1913.172 0 0
2026-06-30 2155 1913.172 0 0
2026-07-01 2162 1917.761 0 0
2026-07-02 2161 1919.515 0 0
2026-07-03 2169 1912.954 0 0
2026-07-04 2168 1921.272 0 0
2026-07-05 2168 1921.272 0 0
2026-07-06 2169 1921.272 0 0
2026-07-07 2159 1921.272 0 0
2026-07-08 2154 1917.104 0 0
2026-07-09 2134 1919.735 0 0
2026-07-10 2163 1915.136 0 0
2026-07-11 2153 1919.515 0 0
2026-07-12 2160 1917.98 0 0
2026-07-13 2155 1917.98 0 0
2026-07-14 2144 1917.98 0 0
2026-07-15 2162 1914.918 0 0
2026-07-16 2159 1921.492 0 0
2026-07-17 2149 1920.174 0 0
2026-07-18 2147 1921.272 0 0
2026-07-19 2145 1920.833 0 0
2026-07-20 2140 1920.833 0 0
2026-07-21 2131 1920.833 0 0
2026-07-22 2152 1915.136 0 0
2026-07-23 2150 1914.918 0 0
2026-07-24 2139 1915.792 0 0
2026-07-25 2141 1909.256 0 0
2026-07-26 2141 1910.56 0 0
2026-07-27 2147 1910.56 0 0
2026-07-28 2152 1910.56 0 0
2026-07-29 2161 1909.256 0 0
2026-07-30 2150 1911.648 0 0
2026-07-31 2162 1910.995 0 0
2026-08-01 2149 1931.439 0 0
2026-08-02 2148 1931.884 0 0
2026-08-03 2148 1931.884 0 0
2026-08-04 2158 1931.884 0 0
2026-08-05 2165 1933.218 0 0
2026-08-06 2168 1934.778 0 0
2026-08-07 2166 1939.695 0 0
2026-08-08 2180 1936.786 0 0
2026-08-09 2178 1939.919 0 0
2026-08-10 2179 1939.919 0 0
2026-08-11 2183 1939.919 0 0
2026-08-12 2181 1939.919 0 0
2026-08-13 2179 1937.904 0 0
2026-08-14 2181 1937.904 0 0
>>>>>>> 2b550085baac25c543016ca743053a87bf115d5d
