2025-09-17 571 6645.412 0 0
2025-09-18 577 6639.131 -6.281 -0.095
2025-09-19 603 6441.276 -197.855 -2.98
2025-09-20 602 6441.276 0 0
2025-09-21 601 6441.276 0 0
2025-09-22 616 6224.578 -216.698 -3.364
2025-09-23 622 6161.767 -62.811 -1.009
2025-09-24 624 6152.345 -9.422 -0.153
2025-09-25 641 5982.755 -169.59 -2.757
2025-09-26 618 6127.221 144.466 2.415
2025-09-27 618 6127.221 0 0
2025-09-28 619 6127.221 0 0
2025-09-29 599 6325.075 197.854 3.229
2025-09-30 628 6086.393 -238.682 -3.774
2025-10-01 618 6152.345 65.952 1.084
2025-10-02 691 5769.197 -383.148 -6.228
2025-10-03 719 5590.186 -179.011 -3.103
2025-10-04 720 5590.186 0 0
2025-10-05 720 5590.186 0 0
2025-10-06 759 5320.098 -270.088 -4.831
2025-10-07 794 5112.822 -207.276 -3.896
2025-10-08 795 5093.978 -18.844 -0.369
2025-10-09 793 5106.541 12.563 0.247
2025-10-10 784 5147.368 40.827 0.8
2025-10-11 781 5147.368 0 0
2025-10-12 780 5147.368 0 0
2025-10-13 781 5169.352 21.984 0.427
2025-10-14 758 5313.817 144.465 2.795
2025-10-15 769 5254.147 -59.67 -1.123
2025-10-16 781 5197.617 -56.53 -1.076
2025-10-17 770 5232.163 34.546 0.665
2025-10-18 770 5232.163 0 0
2025-10-19 771 5232.163 0 0
2025-10-20 749 5379.769 147.606 2.821
2025-10-21 756 5351.504 -28.265 -0.525
2025-10-22 738 5445.72 94.216 1.761
2025-10-23 731 5530.515 84.795 1.557
2025-10-24 723 5612.17 81.655 1.476
2025-10-25 723 5612.17 0 0
2025-10-26 723 5612.17 0 0
2025-10-27 710 5703.246 91.076 1.623
2025-10-28 737 5499.11 -204.136 -3.579
2025-10-29 802 5100.259 -398.851 -7.253
2025-10-30 818 5006.043 -94.216 -1.847
2025-10-31 773 5232.163 226.12 4.517
2025-11-01 772 5232.163 0 0
2025-11-02 772 5232.163 0 0
2025-11-03 764 5304.395 72.232 1.381
2025-11-04 766 5263.568 -40.827 -0.77
2025-11-05 787 5119.103 -144.465 -2.745
2025-11-06 814 4902.405 -216.698 -4.233
2025-11-07 794 5075.135 172.73 3.523
2025-11-08 794 5075.135 0 0
2025-11-09 794 5075.135 0 0
2025-11-10 752 5364.066 288.931 5.693
2025-11-11 712 5605.889 241.823 4.508
2025-11-12 715 5631.013 25.124 0.448
2025-11-13 752 5386.05 -244.963 -4.35
2025-11-14 755 5354.644 -31.406 -0.583
2025-11-15 754 5354.644 0 0
2025-11-16 754 5354.644 0 0
2025-11-17 782 5156.789 -197.855 -3.695
2025-11-18 748 5329.52 172.731 3.35
2025-11-19 755 5269.849 -59.671 -1.12
2025-11-20 782 5078.276 -191.573 -3.635
2025-11-21 712 5477.126 398.85 7.854
2025-11-22 713 5477.126 0 0
2025-11-23 713 5477.126 0 0
2025-11-24 668 5690.684 213.558 3.899
2025-11-25 607 6174.329 483.645 8.499
2025-11-26 611 6199.453 25.124 0.407
2025-11-27 613 6199.453 0 0
2025-11-28 604 6274.827 75.374 1.216
2025-11-29 604 6274.827 0 0
2025-11-30 604 6274.827 0 0
2025-12-01 595 6378.465 103.638 1.652
2025-12-02 611 6202.594 -175.871 -2.757
2025-12-03 614 6190.032 -12.562 -0.203
2025-12-04 625 6089.534 -100.498 -1.624
2025-12-05 647 5976.474 -113.06 -1.857
2025-12-06 647 5976.474 0 0
2025-12-07 647 5976.474 0 0
2025-12-08 655 5907.382 -69.092 -1.156
2025-12-09 646 5963.912 56.53 0.957
2025-12-10 624 6042.426 78.514 1.316
2025-12-11 619 6080.112 37.686 0.624
2025-12-12 665 5875.976 -204.136 -3.357
2025-12-13 662 5875.976 0 0
2025-12-14 662 5875.976 0 0
2025-12-15 697 5715.808 -160.168 -2.726
2025-12-16 693 5722.089 6.281 0.11
2025-12-17 698 5703.246 -18.843 -0.329
2025-12-18 661 5857.133 153.887 2.698
2025-12-19 635 5992.177 135.044 2.306
2025-12-20 634 5992.177 0 0
2025-12-21 634 5992.177 0 0
2025-12-22 632 6039.285 47.108 0.786
2025-12-23 649 5992.177 -47.108 -0.78
2025-12-24 621 6108.377 116.2 1.939
2025-12-25 627 6108.377 0 0
2025-12-26 628 6095.815 -12.562 -0.206
2025-12-27 628 6095.815 0 0
2025-12-28 628 6095.815 0 0
2025-12-29 629 6083.253 -12.562 -0.206
2025-12-30 602 6299.951 216.698 3.562
2025-12-31 632 6080.112 -219.839 -3.49
2026-01-01 630 6080.112 0 0
2026-01-02 606 6243.421 163.309 2.686
2026-01-03 607 6243.421 0 0
2026-01-05 581 6626.569 383.148 6.137
2026-01-06 584 6661.115 34.546 0.521
2026-01-07 580 6683.099 21.984 0.33
2026-01-08 579 6670.536 -12.563 -0.188
2026-01-09 523 7314.35 643.814 9.652
2026-01-10 524 7314.35 0 0
2026-01-11 524 7314.35 0 0
2026-01-12 531 7279.804 -34.546 -0.472
2026-01-13 542 7147.901 -131.903 -1.812
2026-01-14 544 7119.636 -28.265 -0.395
2026-01-15 521 7361.458 241.822 3.397
2026-01-16 525 7298.647 -62.811 -0.853
2026-01-17 523 7298.647 0 0
2026-01-18 523 7298.647 0 0
2026-01-19 523 7298.647 0 0
2026-01-20 562 6924.921 -373.726 -5.12
2026-01-21 584 6664.255 -260.666 -3.764
2026-01-22 576 6752.191 87.936 1.32
2026-01-23 588 6617.147 -135.044 -2
2026-01-24 587 6617.147 0 0
2026-01-25 587 6617.147 0 0
2026-01-26 581 6661.115 43.968 0.664
2026-01-27 594 6604.585 -56.53 -0.849
2026-01-28 601 6519.79 -84.795 -1.284
2026-01-29 599 6522.93 3.14 0.048
2026-01-30 728 5631.013 -891.917 -13.674
2026-01-31 728 5631.013 0 0
2026-02-01 725 5631.013 0 0
2026-02-02 668 5894.82 263.807 4.685
2026-02-03 614 6391.027 496.207 8.418
2026-02-04 639 6281.108 -109.919 -1.72
2026-02-05 664 6029.863 -251.245 -4
2026-02-06 681 5929.366 -100.497 -1.667
2026-02-07 679 5929.366 0 0
2026-02-08 679 5929.366 0 0
2026-02-09 656 6158.626 229.26 3.867
2026-02-10 640 6359.622 200.996 3.264
2026-02-11 694 5838.29 -521.332 -8.198
2026-02-12 727 5574.483 -263.807 -4.519
2026-02-13 699 5866.555 292.072 5.239
2026-02-14 699 5866.555 0 0
2026-02-15 699 5866.555 0 0
2026-02-16 699 5866.555 0 0
2026-02-17 704 5769.197 -97.358 -1.66
2026-02-18 701 5794.322 25.125 0.436
2026-02-19 713 5762.916 -31.406 -0.542
2026-02-20 730 5646.716 -116.2 -2.016
2026-02-21 735 5646.716 0 0
2026-02-22 735 5646.716 0 0
2026-02-23 777 5367.207 -279.509 -4.95
2026-02-24 745 5561.921 194.714 3.628
2026-02-25 763 5442.58 -119.341 -2.146
2026-02-26 750 5580.764 138.184 2.539
2026-02-27 730 5712.667 131.903 2.364
2026-02-28 731 5712.667 0 0
2026-03-01 733 5712.667 0 0
2026-03-02 808 5272.99 -439.677 -7.697
2026-03-03 819 5159.93 -113.06 -2.144
2026-03-04 807 5222.741 62.811 1.217
2026-03-05 855 4918.107 -304.634 -5.833
2026-03-06 895 4695.128 -222.979 -4.534
2026-03-07 895 4695.128 0 0
2026-03-08 895 4695.128 0 0
2026-03-09 856 4896.123 200.995 4.281
2026-03-10 867 4867.858 -28.265 -0.577
2026-03-11 882 4757.939 -109.919 -2.258
2026-03-12 914 4578.927 -179.012 -3.762
2026-03-13 933 4440.743 -138.184 -3.018
2026-03-14 931 4440.743 0 0
2026-03-15 931 4440.743 0 0
2026-03-16 898 4635.457 194.714 4.385
2026-03-17 893 4660.582 25.125 0.542
2026-03-18 928 4469.008 -191.574 -4.111
2026-03-19 897 4600.911 131.903 2.952
2026-03-20 961 4286.856 -314.055 -6.826
2026-03-21 961 4286.856 0 0
2026-03-22 959 4286.856 0 0
2026-03-23 914 4478.43 191.574 4.469
2026-03-24 920 4450.165 -28.265 -0.631
2026-03-25 911 4487.851 37.686 0.847
2026-03-27 951 4293.137 -194.714 -4.339
2026-03-28 948 4293.137 0 0
2026-03-29 948 4293.137 0 0
2026-03-30 965 4236.607 -56.53 -1.317
2026-03-31 913 4475.289 238.682 5.634
2026-04-01 907 4531.819 56.53 1.263
2026-04-02 875 4698.269 166.45 3.673
2026-04-03 875 4698.269 0 0
2026-04-04 875 4698.269 0 0
2026-04-05 875 4698.269 0 0
2026-04-06 873 4720.252 21.983 0.468
2026-04-07 911 4556.944 -163.308 -3.46
2026-04-08 874 4773.642 216.698 4.755
2026-04-09 884 4717.112 -56.53 -1.184
2026-04-10 904 4663.722 -53.39 -1.132
2026-04-11 904 4663.722 0 0
2026-04-12 904 4663.722 0 0
2026-04-13 877 4811.328 147.606 3.165
2026-04-14 877 4836.453 25.125 0.522
2026-04-15 877 4867.858 31.405 0.649
2026-04-16 865 4949.513 81.655 1.677
2026-04-17 825 5222.741 273.228 5.52
2026-04-18 825 5222.741 0 0
2026-04-19 825 5222.741 0 0
2026-04-20 796 5376.628 153.887 2.946
2026-04-21 862 4996.621 -380.007 -7.068
2026-04-22 895 4808.188 -188.433 -3.771
2026-04-23 891 4798.766 -9.422 -0.196
2026-04-24 869 4899.264 100.498 2.094
2026-04-25 869 4899.264 0 0
2026-04-26 869 4899.264 0 0
2026-04-27 886 4852.156 -47.108 -0.962
2026-04-28 889 4808.188 -43.968 -0.906
2026-04-29 938 4522.398 -285.79 -5.944
2026-04-30 924 4591.49 69.092 1.528
2026-05-01 923 4597.771 6.281 0.137
2026-05-02 923 4597.771 0 0
2026-05-04 969 4399.916 -197.855 -4.303
2026-05-05 966 4425.04 25.124 0.571
2026-05-06 932 4600.911 175.871 3.974
2026-05-07 971 4443.884 -157.027 -3.413
2026-05-08 876 4927.529 483.645 10.883
2026-05-09 874 4927.529 0 0
2026-05-10 874 4927.529 0 0
<<<<<<< HEAD
2026-05-11 927 4657.441 -270.088 -5.481
2026-05-12 923 4648.02 -9.421 -0.202
2026-05-13 987 4346.527 -301.493 -6.486
2026-05-14 958 4484.711 138.184 3.179
2026-05-15 1018 4192.639 -292.072 -6.513
2026-05-16 1015 4192.639 0 0
2026-05-17 1015 4192.639 0 0
2026-05-18 1034 4095.282 -97.357 -2.322
2026-05-19 1076 3979.082 -116.2 -2.837
2026-05-20 995 4280.575 301.493 7.577
2026-05-21 994 4280.575 0 0
2026-05-22 986 4330.824 50.249 1.174
2026-05-23 987 4330.824 0 0
2026-05-24 987 4330.824 0 0
2026-05-26 962 4409.338 78.514 1.813
2026-05-27 946 4481.57 72.232 1.638
2026-05-28 944 4522.398 40.828 0.911
2026-05-29 932 4556.944 34.546 0.764
2026-05-31 933 4556.944 0 0
2026-06-01 960 4453.305 -103.639 -2.274
2026-06-02 966 4406.197 -47.108 -1.058
2026-06-03 1050 4063.877 -342.32 -7.769
2026-06-04 1023 4154.953 91.076 2.241
2026-06-05 1076 3972.801 -182.152 -4.384
2026-06-06 1072 3972.801 0 0
2026-06-07 1072 3972.801 0 0
2026-06-08 1087 3878.584 -94.217 -2.372
2026-06-09 1011 4139.25 260.666 6.721
2026-06-10 1070 3938.255 -200.995 -4.856
2026-06-11 993 4217.764 279.509 7.097
2026-06-12 1031 4104.704 -113.06 -2.681
2026-06-13 1031 4104.704 0 0
2026-06-15 973 4368.51 263.806 6.427
2026-06-16 975 4371.651 3.141 0.072
2026-06-17 1026 4151.812 -219.839 -5.029
2026-06-18 941 4528.679 376.867 9.077
2026-06-19 937 4528.679 0 0
2026-06-20 937 4528.679 0 0
2026-06-21 937 4528.679 0 0
2026-06-23 992 4230.326 -298.353 -6.588
2026-06-24 913 4626.036 395.71 9.354
2026-06-25 907 4641.739 15.703 0.339
2026-06-26 903 4710.831 69.092 1.488
2026-06-27 905 4710.831 0 0
2026-06-28 905 4710.831 0 0
2026-06-29 876 4867.858 157.027 3.333
2026-06-30 861 4946.372 78.514 1.613
2026-07-01 852 4977.778 31.406 0.635
2026-07-02 858 4952.653 -25.125 -0.505
2026-07-03 860 4952.653 0 0
2026-07-04 860 4952.653 0 0
2026-07-05 860 4952.653 0 0
2026-07-06 875 4883.561 -69.092 -1.395
2026-07-07 926 4594.63 -288.931 -5.916
2026-07-08 948 4447.024 -147.606 -3.213
2026-07-09 923 4572.646 125.622 2.825
2026-07-10 934 4519.257 -53.389 -1.168
2026-07-11 936 4519.257 0 0
2026-07-12 936 4519.257 0 0
2026-07-13 961 4368.51 -150.747 -3.336
2026-07-14 939 4490.992 122.482 2.804
2026-07-15 921 4585.209 94.217 2.098
2026-07-16 904 4679.425 94.216 2.055
2026-07-17 917 4566.365 -113.06 -2.416
2026-07-18 914 4566.365 0 0
2026-07-19 914 4566.365 0 0
2026-07-20 951 4393.635 -172.73 -3.783
2026-07-21 979 4286.856 -106.779 -2.43
2026-07-22 1001 4220.904 -65.952 -1.538
2026-07-23 1047 4013.628 -207.276 -4.911
2026-07-24 1027 4098.423 84.795 2.113
2026-07-25 1031 4098.423 0 0
2026-07-26 1031 4098.423 0 0
2026-07-27 995 4236.607 138.184 3.372
2026-07-28 948 4390.494 153.887 3.632
2026-07-29 965 4302.559 -87.935 -2.003
2026-07-30 1009 4164.374 -138.185 -3.212
2026-07-31 1047 4051.314 -113.06 -2.715
2026-08-01 1048 4051.314 0 0
2026-08-02 1048 4051.314 0 0
2026-08-03 987 4296.278 244.964 6.047
2026-08-04 948 4431.321 135.043 3.143
2026-08-05 978 4352.808 -78.513 -1.772
2026-08-06 1033 4151.812 -200.996 -4.618
2026-08-07 987 4308.84 157.028 3.782
2026-08-08 990 4308.84 0 0
2026-08-09 990 4308.84 0 0
2026-08-10 991 4321.402 12.562 0.292
2026-08-11 944 4497.273 175.871 4.07
2026-08-12 962 4412.478 -84.795 -1.885
2026-08-13 900 4723.393 310.915 7.046
=======
2026-05-11 876 4927.529 0 0
2026-05-12 926 4657.441 0 0
2026-05-13 924 4648.02 0 0
2026-05-14 985 4346.527 0 0
2026-05-15 955 4484.711 0 0
2026-05-16 1018 4192.639 0 0
2026-05-17 1015 4192.639 0 0
2026-05-18 1012 4192.639 0 0
2026-05-19 1034 4095.282 0 0
2026-05-20 1074 3979.082 0 0
2026-05-21 995 4280.575 0 0
2026-05-22 973 4355.948 0 0
2026-05-23 986 4330.824 0 0
2026-05-24 987 4330.824 0 0
2026-05-25 988 4330.824 0 0
2026-05-26 987 4330.824 0 0
2026-05-27 962 4409.338 0 0
2026-05-28 951 4481.57 0 0
2026-05-29 943 4522.398 0 0
2026-05-30 932 4556.944 0 0
2026-05-31 933 4556.944 0 0
2026-06-01 935 4556.944 0 0
2026-06-02 959 4453.305 0 0
2026-06-03 968 4406.197 0 0
2026-06-04 1049 4063.877 0 0
2026-06-05 1019 4154.953 0 0
2026-06-06 1076 3972.801 0 0
2026-06-07 1072 3972.801 0 0
2026-06-09 1091 3878.584 0 0
2026-06-10 1009 4139.25 0 0
2026-06-11 1069 3938.255 0 0
2026-06-12 999 4217.764 0 0
2026-06-13 1031 4104.704 0 0
2026-06-14 1031 4104.704 0 0
2026-06-16 973 4368.51 0 0
2026-06-17 976 4371.651 0 0
2026-06-18 1025 4151.812 0 0
2026-06-19 940 4528.679 0 0
2026-06-20 937 4528.679 0 0
2026-06-21 937 4528.679 0 0
2026-06-22 936 4528.679 0 0
2026-06-23 1001 4189.499 0 0
2026-06-24 995 4230.326 0 0
2026-06-25 912 4626.036 0 0
2026-06-26 907 4641.739 0 0
2026-06-27 903 4710.831 0 0
2026-06-28 905 4710.831 0 0
2026-06-29 902 4710.831 0 0
2026-06-30 877 4867.858 0 0
2026-07-01 862 4946.372 0 0
2026-07-02 852 4977.778 0 0
2026-07-03 860 4952.653 0 0
2026-07-04 860 4952.653 0 0
2026-07-05 860 4952.653 0 0
2026-07-06 861 4952.653 0 0
2026-07-07 876 4883.561 0 0
2026-07-08 925 4594.63 0 0
2026-07-09 946 4447.024 0 0
2026-07-10 925 4572.646 0 0
2026-07-11 934 4519.257 0 0
2026-07-12 936 4519.257 0 0
2026-07-13 931 4519.257 0 0
2026-07-14 960 4368.51 0 0
2026-07-15 938 4490.992 0 0
2026-07-16 920 4585.209 0 0
2026-07-17 898 4679.425 0 0
2026-07-18 917 4566.365 0 0
2026-07-19 914 4566.365 0 0
2026-07-20 913 4566.365 0 0
2026-07-21 953 4393.635 0 0
2026-07-22 977 4286.856 0 0
2026-07-23 1003 4220.904 0 0
2026-07-24 1046 4013.628 0 0
2026-07-25 1027 4098.423 0 0
2026-07-26 1031 4098.423 0 0
2026-07-27 1032 4098.423 0 0
2026-07-28 987 4236.607 0 0
2026-07-29 950 4390.494 0 0
2026-07-30 967 4302.559 0 0
2026-07-31 1014 4164.374 0 0
2026-08-01 1047 4051.314 0 0
2026-08-02 1048 4051.314 0 0
2026-08-03 1044 4051.314 0 0
2026-08-04 990 4296.278 0 0
2026-08-05 951 4431.321 0 0
2026-08-06 978 4352.808 0 0
2026-08-07 1037 4151.812 0 0
2026-08-08 987 4308.84 0 0
2026-08-09 990 4308.84 0 0
2026-08-10 992 4308.84 0 0
2026-08-11 991 4321.402 0 0
2026-08-12 944 4497.273 0 0
2026-08-13 964 4412.478 0 0
2026-08-14 903 4723.393 0 0
>>>>>>> 2b550085baac25c543016ca743053a87bf115d5d
