<<<<<<< HEAD
2026-06-04 2881 1303.872 0 0
2026-06-05 3087 1167.658 -136.214 -10.447
2026-06-06 3085 1167.658 0 0
2026-06-07 3085 1167.658 0 0
2026-06-08 2940 1255.657 87.999 7.536
2026-06-09 2958 1241.838 -13.819 -1.101
2026-06-10 3026 1196.42 -45.418 -3.657
2026-06-11 2852 1303.738 107.318 8.97
2026-06-12 2905 1289.022 -14.716 -1.129
2026-06-13 2906 1289.022 0 0
2026-06-15 2767 1398.806 109.784 8.517
2026-06-16 2849 1329.424 -69.382 -4.96
2026-06-17 2822 1352.572 23.148 1.741
2026-06-18 2701 1446.278 93.706 6.928
2026-06-19 2690 1446.278 0 0
2026-06-20 2690 1446.278 0 0
2026-06-21 2690 1446.278 0 0
2026-06-23 2796 1361.427 -84.851 -5.867
2026-06-24 2800 1358.062 -3.365 -0.247
2026-06-25 2579 1528.394 170.332 12.542
2026-06-26 2680 1444.565 -83.829 -5.485
2026-06-27 2681 1444.565 0 0
2026-06-28 2681 1444.565 0 0
2026-06-29 2672 1457.929 13.364 0.925
2026-06-30 2662 1467.227 9.298 0.638
2026-07-01 2828 1341.313 -125.914 -8.582
2026-07-02 2916 1282.778 -58.535 -4.364
2026-07-03 2936 1282.778 0 0
2026-07-04 2936 1282.778 0 0
2026-07-05 2936 1282.778 0 0
2026-07-06 2915 1292.262 9.484 0.739
2026-07-07 2973 1244.408 -47.854 -3.703
2026-07-08 2943 1255.162 10.754 0.864
2026-07-09 2884 1299.372 44.21 3.522
2026-07-10 2901 1286.638 -12.734 -0.98
2026-07-11 2905 1286.638 0 0
2026-07-12 2905 1286.638 0 0
2026-07-13 2958 1242.984 -43.654 -3.393
2026-07-14 2892 1290.58 47.596 3.829
2026-07-15 3020 1209.217 -81.363 -6.304
2026-07-16 3121 1156.502 -52.715 -4.359
2026-07-17 3110 1152.116 -4.386 -0.379
2026-07-18 3110 1152.116 0 0
2026-07-19 3109 1152.116 0 0
2026-07-20 3086 1169.155 17.039 1.479
2026-07-21 2904 1277.886 108.731 9.3
2026-07-22 2913 1266.183 -11.703 -0.916
2026-07-23 2870 1297.897 31.714 2.505
2026-07-24 2974 1226.42 -71.477 -5.507
2026-07-25 2975 1226.42 0 0
2026-07-26 2975 1226.42 0 0
2026-07-27 3030 1205.006 -21.414 -1.746
2026-07-28 3150 1122.787 -82.219 -6.823
2026-07-29 3291 1038.648 -84.139 -7.494
2026-07-30 3060 1178.649 140.001 13.479
2026-07-31 3162 1125.367 -53.282 -4.521
2026-08-01 3165 1125.367 0 0
2026-08-02 3165 1125.367 0 0
2026-08-03 3162 1132.044 6.677 0.593
2026-08-04 3066 1197.235 65.191 5.759
2026-08-05 3071 1197.772 0.537 0.045
2026-08-06 3094 1185.677 -12.095 -1.01
2026-08-07 3110 1181.652 -4.025 -0.339
2026-08-08 3112 1181.652 0 0
2026-08-09 3112 1181.652 0 0
2026-08-10 3139 1164.552 -17.1 -1.447
2026-08-11 3128 1172.313 7.761 0.666
2026-08-12 3054 1216.451 44.138 3.765
2026-08-13 2992 1256.225 39.774 3.27
=======
2026-06-05 2884 1303.872 0 0
2026-06-06 3087 1167.658 0 0
2026-06-07 3085 1167.658 0 0
2026-06-09 2945 1255.657 0 0
2026-06-10 2953 1241.838 0 0
2026-06-11 3023 1196.42 0 0
2026-06-12 2869 1303.738 0 0
2026-06-13 2905 1289.022 0 0
2026-06-14 2906 1289.022 0 0
2026-06-16 2763 1398.806 0 0
2026-06-17 2850 1329.424 0 0
2026-06-18 2823 1352.572 0 0
2026-06-19 2695 1446.278 0 0
2026-06-20 2690 1446.278 0 0
2026-06-21 2690 1446.278 0 0
2026-06-22 2694 1446.278 0 0
2026-06-23 2601 1526.144 0 0
2026-06-24 2796 1361.427 0 0
2026-06-25 2799 1358.062 0 0
2026-06-26 2569 1528.394 0 0
2026-06-27 2680 1444.565 0 0
2026-06-28 2681 1444.565 0 0
2026-06-29 2684 1444.565 0 0
2026-06-30 2672 1457.929 0 0
2026-07-01 2670 1467.227 0 0
2026-07-02 2830 1341.313 0 0
2026-07-03 2923 1282.778 0 0
2026-07-04 2936 1282.778 0 0
2026-07-05 2936 1282.778 0 0
2026-07-06 2936 1282.778 0 0
2026-07-07 2908 1292.262 0 0
2026-07-08 2968 1244.408 0 0
2026-07-09 2936 1255.162 0 0
2026-07-10 2890 1299.372 0 0
2026-07-11 2901 1286.638 0 0
2026-07-12 2905 1286.638 0 0
2026-07-13 2901 1286.638 0 0
2026-07-14 2954 1242.984 0 0
2026-07-15 2896 1290.58 0 0
2026-07-16 3026 1209.217 0 0
2026-07-17 3114 1156.502 0 0
2026-07-18 3110 1152.116 0 0
2026-07-19 3110 1152.116 0 0
2026-07-20 3113 1152.116 0 0
2026-07-21 3089 1169.155 0 0
2026-07-22 2905 1277.886 0 0
2026-07-23 2921 1266.183 0 0
2026-07-24 2866 1297.897 0 0
2026-07-25 2974 1226.42 0 0
2026-07-26 2975 1226.42 0 0
2026-07-27 2981 1226.42 0 0
2026-07-28 3022 1205.006 0 0
2026-07-29 3157 1122.787 0 0
2026-07-30 3287 1038.648 0 0
2026-07-31 3073 1178.649 0 0
2026-08-01 3162 1125.367 0 0
2026-08-02 3165 1125.367 0 0
2026-08-03 3167 1125.367 0 0
2026-08-04 3168 1132.044 0 0
2026-08-05 3068 1197.235 0 0
2026-08-06 3073 1197.772 0 0
2026-08-07 3090 1185.677 0 0
2026-08-08 3110 1181.652 0 0
2026-08-09 3112 1181.652 0 0
2026-08-10 3114 1181.652 0 0
2026-08-11 3137 1164.552 0 0
2026-08-12 3128 1172.313 0 0
2026-08-13 3055 1216.451 0 0
2026-08-14 2988 1256.225 0 0
>>>>>>> 2b550085baac25c543016ca743053a87bf115d5d
2026-08-15 2956 1278.753 0 0
2026-08-16 2958 1278.753 0 0
2026-08-17 2958 1278.753 0 0
2026-08-18 2903 1320.126 0 0
2026-08-19 3009 1246.864 0 0
2026-08-20 3003 1243.092 0 0
2026-08-21 2959 1281.509 0 0
2026-08-22 2970 1273.717 0 0
2026-08-24 2973 1273.717 0 0
2026-08-25 3054 1215.564 0 0
2026-08-26 3020 1238.825 0 0
2026-08-27 3018 1244.429 0 0
2026-08-28 3024 1241.322 0 0
