<<<<<<< HEAD
2026-06-10 836 5000 0 0
2026-06-11 832 5000 0 0
2026-06-12 835 5000 0 0
2026-06-13 841 5000 0 0
2026-06-15 849 5000 0 0
2026-06-16 850 5000 0 0
2026-06-17 845 5000 0 0
2026-06-18 845 5000 0 0
2026-06-19 843 5000 0 0
2026-06-20 843 5000 0 0
2026-06-21 843 5000 0 0
2026-06-23 838 5000 0 0
2026-06-24 838 5000 0 0
2026-06-25 838 5000 0 0
2026-06-26 843 5000 0 0
2026-06-27 843 5000 0 0
2026-06-28 843 5000 0 0
2026-06-29 847 5000 0 0
2026-06-30 844 5000 0 0
2026-07-01 849 5000 0 0
2026-07-02 846 5000 0 0
2026-07-03 850 5000 0 0
2026-07-04 850 5000 0 0
2026-07-05 850 5000 0 0
2026-07-06 849 5000 0 0
2026-07-07 848 5000 0 0
2026-07-08 841 5000 0 0
2026-07-09 847 5000 0 0
2026-07-10 843 5000 0 0
2026-07-11 846 5000 0 0
2026-07-12 846 5000 0 0
2026-07-13 842 5000 0 0
2026-07-14 841 5000 0 0
2026-07-15 849 5000 0 0
2026-07-16 842 5000 0 0
2026-07-17 837 5000 0 0
2026-07-18 836 5000 0 0
2026-07-19 836 5000 0 0
2026-07-20 836 5000 0 0
2026-07-21 836 5000 0 0
2026-07-22 836 5000 0 0
2026-07-23 833 5000 0 0
2026-07-24 829 5000 0 0
2026-07-25 831 5000 0 0
2026-07-26 831 5000 0 0
2026-07-27 838 5000 0 0
2026-07-28 840 5000 0 0
2026-07-29 842 5000 0 0
2026-07-30 840 5000 0 0
2026-07-31 840 5000 0 0
2026-08-01 840 5000 0 0
2026-08-02 840 5000 0 0
2026-08-03 842 5000 0 0
2026-08-04 843 5000 0 0
2026-08-05 841 5000 0 0
2026-08-06 840 5000 0 0
2026-08-07 844 5000 0 0
2026-08-08 845 5000 0 0
2026-08-09 845 5000 0 0
2026-08-10 849 5000 0 0
2026-08-11 846 5000 0 0
2026-08-12 850 5000 0 0
2026-08-13 847 5000 0 0
=======
2026-06-11 835 5000.0 0 0
2026-06-12 835 5000.0 0 0
2026-06-13 835 5000.0 0 0
2026-06-14 841 5000.0 0 0
2026-06-16 849 5000.0 0 0
2026-06-17 848 5000.0 0 0
2026-06-18 848 5000.0 0 0
2026-06-19 846 5000.0 0 0
2026-06-20 843 5000.0 0 0
2026-06-21 843 5000.0 0 0
2026-06-22 844 5000.0 0 0
2026-06-23 846 5000.0 0 0
2026-06-24 839 5000.0 0 0
2026-06-25 838 5000.0 0 0
2026-06-26 837 5000.0 0 0
2026-06-27 843 5000.0 0 0
2026-06-28 843 5000.0 0 0
2026-06-29 847 5000.0 0 0
2026-06-30 844 5000.0 0 0
2026-07-01 846 5000.0 0 0
2026-07-02 848 5000.0 0 0
2026-07-03 848 5000.0 0 0
2026-07-04 850 5000.0 0 0
2026-07-05 850 5000.0 0 0
2026-07-06 850 5000.0 0 0
2026-07-07 848 5000.0 0 0
2026-07-08 844 5000.0 0 0
2026-07-09 841 5000.0 0 0
2026-07-10 846 5000.0 0 0
2026-07-11 843 5000.0 0 0
2026-07-12 846 5000.0 0 0
2026-07-13 843 5000.0 0 0
2026-07-14 839 5000.0 0 0
2026-07-15 845 5000.0 0 0
2026-07-16 849 5000.0 0 0
2026-07-17 838 5000.0 0 0
2026-07-18 837 5000.0 0 0
2026-07-19 836 5000.0 0 0
2026-07-20 837 5000.0 0 0
2026-07-21 834 5000.0 0 0
2026-07-22 837 5000.0 0 0
2026-07-23 835 5000.0 0 0
2026-07-24 830 5000.0 0 0
2026-07-25 829 5000.0 0 0
2026-07-26 831 5000.0 0 0
2026-07-27 833 5000.0 0 0
2026-07-28 836 5000.0 0 0
2026-07-29 841 5000.0 0 0
2026-07-30 841 5000.0 0 0
2026-07-31 842 5000.0 0 0
2026-08-01 840 5000.0 0 0
2026-08-02 840 5000.0 0 0
2026-08-03 841 5000.0 0 0
2026-08-04 842 5000.0 0 0
2026-08-05 844 5000.0 0 0
2026-08-06 842 5000.0 0 0
2026-08-07 845 5000.0 0 0
2026-08-08 844 5000.0 0 0
2026-08-09 845 5000.0 0 0
2026-08-10 842 5000.0 0 0
2026-08-11 848 5000.0 0 0
2026-08-12 847 5000.0 0 0
2026-08-13 848 5000.0 0 0
2026-08-14 847 5000.0 0 0
>>>>>>> 2b550085baac25c543016ca743053a87bf115d5d
2026-08-15 849 5000.0 0 0
2026-08-16 850 5000.0 0 0
2026-08-17 849 5000.0 0 0
2026-08-18 852 5000.0 0 0
2026-08-19 850 5000.0 0 0
2026-08-20 846 5000.0 0 0
2026-08-21 849 5000.0 0 0
2026-08-22 852 5000.0 0 0
2026-08-23 853 5000.0 0 0
2026-08-24 853 5000.0 0 0
