2026-05-07 3023 1238.92 0 0
2026-05-08 2979 1274.654 35.734 2.884
2026-05-09 2987 1260.222 -14.432 -1.132
2026-05-10 2987 1260.222 0 0
2026-05-11 2711 1486.202 225.98 17.932
2026-05-12 2769 1412.963 -73.239 -4.928
2026-05-13 2642 1505.381 92.418 6.541
2026-05-14 2638 1503.715 -1.666 -0.111
2026-05-15 2988 1254.616 -249.099 -16.566
2026-05-16 2997 1245.759 -8.857 -0.706
2026-05-17 2997 1245.759 0 0
2026-05-18 2480 1619.061 373.302 29.966
2026-05-19 2536 1574.208 -44.853 -2.77
2026-05-20 2523 1579.757 5.549 0.352
2026-05-21 2524 1580.596 0.839 0.053
2026-05-22 2112 1983.584 402.988 25.496
2026-05-23 2130 1970.702 -12.882 -0.649
2026-05-24 2130 1970.702 0 0
2026-05-26 2027 2063.095 92.393 4.688
2026-05-27 2056 2030.833 -32.262 -1.564
2026-05-28 2255 1849.176 -181.657 -8.945
2026-05-29 2324 1775.792 -73.384 -3.968
2026-05-31 2335 1770.843 -4.949 -0.279
2026-06-01 2467 1642.431 -128.412 -7.251
2026-06-02 2354 1746.576 104.145 6.341
2026-06-03 2365 1732.753 -13.823 -0.791
2026-06-04 1887 2204.539 471.786 27.228
2026-06-05 2254 1831.152 -373.387 -16.937
2026-06-06 2261 1818.614 -12.538 -0.685
2026-06-07 2261 1818.614 0 0
2026-06-08 2494 1583.015 -235.599 -12.955
2026-06-09 2411 1666.757 83.742 5.29
2026-06-10 2319 1755.637 88.88 5.333
2026-06-11 1920 2148.485 392.848 22.376
2026-06-12 2045 2015.158 -133.327 -6.206
2026-06-13 2039 2028.219 13.061 0.648
2026-06-15 2106 1975.529 -52.69 -2.598
2026-06-16 2088 1999.424 23.895 1.21
2026-06-17 2152 1941.714 -57.71 -2.886
2026-06-18 2223 1874.081 -67.633 -3.483
2026-06-19 2408 1687.177 -186.904 -9.973
2026-06-20 2408 1687.177 0 0
2026-06-21 2409 1687.177 0 0
2026-06-23 2486 1598.877 -88.3 -5.234
2026-06-24 2510 1580.063 -18.814 -1.177
2026-06-25 2687 1443.934 -136.129 -8.615
2026-06-26 2698 1432.081 -11.853 -0.821
2026-06-27 2686 1439.826 7.745 0.541
2026-06-28 2686 1439.826 0 0
2026-06-29 2572 1535.49 95.664 6.644
2026-06-30 2355 1736.095 200.605 13.065
2026-07-01 1995 2084.291 348.196 20.056
2026-07-02 2130 1951.575 -132.716 -6.367
2026-07-03 2462 1651.925 -299.65 -15.354
2026-07-04 2462 1651.925 0 0
2026-07-05 2462 1651.925 0 0
2026-07-06 2574 1558.416 -93.509 -5.661
2026-07-07 2603 1529.535 -28.881 -1.853
2026-07-08 2752 1396.859 -132.676 -8.674
2026-07-09 2519 1586.131 189.272 13.55
2026-07-10 2400 1700.181 114.05 7.19
2026-07-11 2392 1704.708 4.527 0.266
2026-07-12 2392 1704.708 0 0
2026-07-13 2484 1621.188 -83.52 -4.899
2026-07-14 2385 1709.79 88.602 5.465
2026-07-15 2210 1872.055 162.265 9.49
2026-07-16 2418 1687.31 -184.745 -9.869
2026-07-17 2390 1693.636 6.326 0.375
2026-07-18 2390 1693.466 -0.17 -0.01
2026-07-19 2389 1693.466 0 0
2026-07-20 2579 1513.176 -180.29 -10.646
2026-07-21 2581 1527.11 13.934 0.921
2026-07-22 2651 1467.123 -59.987 -3.928
2026-07-23 2637 1477.415 10.292 0.702
2026-07-24 2885 1282.42 -194.995 -13.198
2026-07-25 2882 1283.032 0.612 0.048
2026-07-26 2882 1283.032 0 0
2026-07-27 2789 1364.041 81.009 6.314
2026-07-28 3082 1170.39 -193.651 -14.197
2026-07-29 3267 1059.388 -111.002 -9.484
2026-07-30  906.051 -153.337 -14.474
2026-08-01 3099 1165.068 259.017 28.587
2026-08-02 3099 1165.068 0 0
2026-08-03 3056 1195.959 30.891 2.651
2026-08-04 2948 1269.248 73.289 6.128
2026-08-05 2871 1331.65 62.402 4.916
2026-08-06 2989 1249.652 -81.998 -6.158
2026-08-07 3084 1197.85 -51.802 -4.145
2026-08-08 3077 1203.09 5.24 0.437
2026-08-09 3077 1203.09 0 0
2026-08-10 2839 1363.176 160.086 13.306
2026-08-11 2625 1528.912 165.736 12.158
2026-08-12 2493 1639.246 110.334 7.217
2026-08-13 2437 1689.368 50.122 3.058
2026-08-15 2463 1673.767 -15.601 -0.923
2026-08-16 2462 1673.767 0 0
2026-08-17 2469 1673.767 0 0
2026-08-18 2455 1691.49 17.723 1.059
2026-08-19 2506 1621.898 -69.592 -4.114
2026-08-20 2446 1692.268 70.37 4.339
2026-08-21 2522 1615.335 -76.933 -4.546
2026-08-23 2519 1622.792 7.457 0.462
2026-08-24 2532 1597.761 -25.031 -1.542
2026-08-25 2423 1726.909 129.148 8.083
2026-08-26 2468 1669.485 -57.424 -3.325
2026-08-27 2429 1725.81 56.325 3.374
2026-08-28 2440 1708.701 -17.109 -0.991
2026-08-29 2431 1718.911 10.21 0.598
2026-08-30 2431 1718.911 0 0
2026-08-31 2434 1720.855 1.944 0.113
