2026-05-29 696 5985 0 0
2026-05-31 696 5985 0 0
2026-06-01 695 5985 0 0
2026-06-02 696 5985 0 0
2026-06-03 694 5985 0 0
2026-06-04 689 5985 0 0
2026-06-05 685 5985 0 0
2026-06-06 683 5985 0 0
2026-06-07 683 5985 0 0
2026-06-08 684 5985 0 0
2026-06-09 687 5985 0 0
2026-06-10 684 5985 0 0
2026-06-11 688 5985 0 0
2026-06-12 692 5985 0 0
2026-06-13 699 5985 0 0
2026-06-15 701 5985 0 0
2026-06-16 703 5985 0 0
2026-06-17 693 5985 0 0
2026-06-18 701 5985 0 0
2026-06-19 691 5985 0 0
2026-06-20 691 5985 0 0
2026-06-21 691 5985 0 0
2026-06-23 679 5985 0 0
2026-06-24 676 5985 0 0
2026-06-25 679 5985 0 0
2026-06-26 675 5985 0 0
2026-06-27 684 5985 0 0
2026-06-28 684 5985 0 0
2026-06-29 692 5985 0 0
2026-06-30 692 5985 0 0
2026-07-01 697 5985 0 0
2026-07-02 694 5985 0 0
2026-07-03 698 5985 0 0
2026-07-04 698 5985 0 0
2026-07-05 698 5985 0 0
2026-07-06 695 5985 0 0
2026-07-07 687 5985 0 0
2026-07-08 688 5985 0 0
2026-07-09 687 5985 0 0
2026-07-10 690 5985 0 0
2026-07-11 690 5985 0 0
2026-07-12 690 5985 0 0
2026-07-13 686 5985 0 0
2026-07-14 686 5985 0 0
2026-07-15 688 5985 0 0
2026-07-16 689 5985 0 0
2026-07-17 683 5985 0 0
2026-07-18 684 5985 0 0
2026-07-19 684 5985 0 0
2026-07-20 687 5985 0 0
2026-07-21 681 5985 0 0
2026-07-22 684 5985 0 0
2026-07-23 680 5985 0 0
2026-07-24 675 5985 0 0
2026-07-25 677 5985 0 0
2026-07-26 677 5985 0 0
2026-07-27 683 5985 0 0
2026-07-28 678 5985 0 0
2026-07-29 682 5985 0 0
2026-07-30 682 5985 0 0
2026-07-31 680 5985 0 0
2026-08-01 682 5985 0 0
2026-08-02 682 5985 0 0
2026-08-03 686 5985 0 0
2026-08-04 687 5985 0 0
2026-08-05 687 5985 0 0
2026-08-06 693 5985 0 0
2026-08-07 690 5985 0 0
2026-08-08 692 5985 0 0
2026-08-09 692 5985 0 0
2026-08-10 691 5985 0 0
2026-08-11 687 5985 0 0
2026-08-12 684 5985 0 0
2026-08-13 686 5985 0 0
2026-08-15 688 5985 0 0
2026-08-16 688 5985 0 0
2026-08-17 684 5985 0 0
2026-08-18 683 5985 0 0
2026-08-19 684 5985 0 0
2026-08-20 686 5985 0 0
2026-08-21 687 5985 0 0
2026-08-23 691 5985 0 0
2026-08-24 688 5985 0 0
2026-08-25 686 5985 0 0
2026-08-26 688 5985 0 0
2026-08-27 690 5985 0 0
2026-08-28 689 5985 0 0
2026-08-29 691 5985 0 0
2026-08-30 691 5985 0 0
2026-08-31 689 5985 0 0
