2026-03-10 3338 1020.737 0 0
2026-03-11 3329 1027.499 6.762 0.662
2026-03-12 3364 1002.424 -25.075 -2.44
2026-03-19 3328 1009.699 7.275 0.726
2026-03-20  988.792 -20.907 -2.071
2026-03-24 3296 1019.065 30.273 3.062
2026-03-25 3282 1034.391 15.326 1.504
2026-03-26 3297 1024.489 -9.902 -0.957
2026-03-27 3304 1013.981 -10.508 -1.026
2026-03-28 3295 1020.745 6.764 0.667
2026-03-29 3295 1020.745 0 0
2026-03-30 3241 1054.106 33.361 3.268
2026-03-31 3184 1093.705 39.599 3.757
2026-04-01 3190 1096.177 2.472 0.226
2026-04-02 3194 1096.332 0.155 0.014
2026-04-03 3190 1095.29 -1.042 -0.095
2026-04-04 3190 1095.29 0 0
2026-04-05 3190 1095.29 0 0
2026-04-06 3177 1101.687 6.397 0.584
2026-04-07 3169 1103.162 1.475 0.134
2026-04-08 3124 1146.943 43.781 3.969
2026-04-09 3123 1152.683 5.74 0.5
2026-04-10 3108 1165.266 12.583 1.092
2026-04-11 3087 1179.279 14.013 1.203
2026-04-12 3087 1179.279 0 0
2026-04-13 3123 1161.478 -17.801 -1.509
2026-04-14 3138 1157.866 -3.612 -0.311
2026-04-15 3202 1128.249 -29.617 -2.558
2026-04-16 3270 1091.009 -37.24 -3.301
2026-04-17 3266 1092.139 1.13 0.104
2026-04-18 3259 1099.467 7.328 0.671
2026-04-19 3259 1099.467 0 0
2026-04-20 3267 1095.832 -3.635 -0.331
2026-04-21 3270 1094.293 -1.539 -0.14
2026-04-22 3306 1070.895 -23.398 -2.138
2026-04-23 3255 1094.039 23.144 2.161
2026-04-24 3258 1086.794 -7.245 -0.662
2026-04-25 3278 1073.293 -13.501 -1.242
2026-04-26 3278 1073.293 0 0
2026-04-27 3272 1081.57 8.277 0.771
2026-04-28 3283 1072.239 -9.331 -0.863
2026-04-29  995.377 -76.862 -7.168
2026-05-01 3349 1017.486 22.109 2.221
2026-05-02 3344 1023.195 5.709 0.561
2026-05-04 3357 1012.454 -10.741 -1.05
<<<<<<< HEAD
2026-05-05  995.401 -17.053 -1.684
2026-05-06 3346 1025.494 30.093 3.023
2026-05-07 3371 1017.789 -7.705 -0.751
2026-05-08 3338 1045.222 27.433 2.695
2026-05-09 3330 1049.705 4.483 0.429
2026-05-10 3330 1049.705 0 0
2026-05-11 3367 1020.141 -29.564 -2.816
2026-05-12 3384 1003.115 -17.026 -1.669
2026-05-13  999.927 -3.188 -0.318
2026-06-19  988.367 -11.56 -1.156
2026-06-20  988.367 0 0
2026-06-21  988.367 0 0
2026-06-25 3334 1005.924 17.557 1.776
2026-06-26 3314 1018.605 12.681 1.261
2026-06-27 3309 1022.288 3.683 0.362
2026-06-28 3309 1022.288 0 0
2026-06-29 3315 1020.024 -2.264 -0.221
2026-06-30 3319 1020.974 0.95 0.093
2026-07-01 3339 1008.218 -12.756 -1.249
2026-07-02 3354 1002.62 -5.598 -0.555
2026-07-03 3351 1009 6.38 0.636
2026-07-04 3351 1009 0 0
2026-07-05 3351 1009 0 0
2026-07-06 3358 1004.492 -4.508 -0.447
2026-07-07 3358 1001.631 -2.861 -0.285
2026-07-08  995.971 -5.66 -0.565
2026-07-10 3333 1023.903 27.932 2.804
2026-07-11 3337 1026.468 2.565 0.251
2026-07-12 3337 1026.468 0 0
2026-07-13  982.308 -44.16 -4.302
2026-07-23 3321 1018.72 36.412 3.707
2026-07-24 3311 1021.976 3.256 0.32
2026-07-25 3309 1025.065 3.089 0.302
2026-07-26 3309 1025.065 0 0
2026-07-27 3302 1033.684 8.619 0.841
2026-07-28 3302 1031.394 -2.29 -0.222
2026-07-29 3342 1006.652 -24.742 -2.399
2026-07-30 3305 1027.376 20.724 2.059
2026-07-31 3284 1049.177 21.801 2.122
2026-08-01 3289 1046.843 -2.334 -0.222
2026-08-02 3289 1046.843 0 0
2026-08-03 3276 1067.793 20.95 2.001
2026-08-04 3243 1088.715 20.922 1.959
2026-08-05 3277 1075.263 -13.452 -1.236
2026-08-06 3295 1063.796 -11.467 -1.066
2026-08-07 3296 1063.188 -0.608 -0.057
2026-08-08 3298 1063.939 0.751 0.071
2026-08-09 3298 1063.939 0 0
2026-08-10 3312 1053.695 -10.244 -0.963
2026-08-11 3316 1048.05 -5.645 -0.536
2026-08-12 3325 1043.654 -4.396 -0.419
2026-08-13 3336 1034.017 -9.637 -0.923
=======
2026-05-05 3359 1012.454 0 0
2026-05-06 3388 995.401 0 0
2026-05-07 3352 1025.494 0 0
2026-05-08 3372 1017.789 0 0
2026-05-09 3340 1045.222 0 0
2026-05-10 3332 1049.705 0 0
2026-05-11 3333 1049.705 0 0
2026-05-12 3368 1020.141 0 0
2026-05-13 3384 1003.115 0 0
2026-05-14 3395 999.927 0 0
2026-06-20 3377 988.367 0 0
2026-06-21 3377 988.367 0 0
2026-06-22 3371 988.367 0 0
2026-06-23 3369 990.223 0 0
2026-06-26 3330 1005.924 0 0
2026-06-27 3316 1018.605 0 0
2026-06-28 3311 1022.288 0 0
2026-06-29 3312 1022.288 0 0
2026-06-30 3318 1020.024 0 0
2026-07-01 3325 1020.974 0 0
2026-07-02 3342 1008.218 0 0
2026-07-03 3357 1002.62 0 0
2026-07-04 3353 1009.0 0 0
2026-07-05 3353 1009.0 0 0
2026-07-06 3351 1009.0 0 0
2026-07-07 3352 1004.492 0 0
2026-07-08 3358 1001.631 0 0
2026-07-09 3361 995.971 0 0
2026-07-11 3335 1023.903 0 0
2026-07-12 3339 1026.468 0 0
2026-07-13 3331 1026.468 0 0
2026-07-14 3375 982.308 0 0
2026-07-24 3317 1018.72 0 0
2026-07-25 3313 1021.976 0 0
2026-07-26 3311 1025.065 0 0
2026-07-27 3318 1025.065 0 0
2026-07-28 3296 1033.684 0 0
2026-07-29 3304 1031.394 0 0
2026-07-30 3339 1006.652 0 0
2026-07-31 3312 1027.376 0 0
2026-08-01 3286 1049.177 0 0
2026-08-02 3291 1046.843 0 0
2026-08-03 3297 1046.843 0 0
2026-08-04 3278 1067.793 0 0
2026-08-05 3253 1088.715 0 0
2026-08-06 3280 1075.263 0 0
2026-08-07 3298 1063.796 0 0
2026-08-08 3298 1063.188 0 0
2026-08-09 3300 1063.939 0 0
2026-08-10 3303 1063.939 0 0
2026-08-11 3315 1053.695 0 0
2026-08-12 3319 1048.05 0 0
2026-08-13 3326 1043.654 0 0
2026-08-14 3337 1034.017 0 0
>>>>>>> 2b550085baac25c543016ca743053a87bf115d5d
2026-08-15 3342 1031.148 0 0
2026-08-16 3356 1024.141 0 0
2026-08-17 3356 1024.141 0 0
2026-08-18 3336 1034.124 0 0
2026-08-19 3314 1051.106 0 0
2026-08-20 3310 1049.479 0 0
2026-08-21 3309 1052.571 0 0
2026-08-22 3296 1067.579 0 0
2026-08-24 3292 1072.707 0 0
2026-08-25 3288 1068.584 0 0
2026-08-26 3278 1082.409 0 0
2026-08-27 3259 1099.671 0 0
2026-08-28 3275 1093.31 0 0
2026-08-29 3284 1085.954 0 0
