2026-03-10 2002 2085.725 0 0
2026-03-11 1989 2102.096 16.371 0.785
2026-03-12 1973 2106.214 4.118 0.196
2026-03-13 1910 2178.631 72.417 3.438
2026-03-14 1904 2178.631 0 0
2026-03-15 1904 2178.631 0 0
2026-03-16 1931 2144.683 -33.948 -1.558
2026-03-17 1907 2174.915 30.232 1.41
2026-03-18 1937 2137.853 -37.062 -1.704
2026-03-19 1940 2113.546 -24.307 -1.137
2026-03-20 2008 2023.352 -90.194 -4.267
2026-03-21 2005 2023.352 0 0
2026-03-22 2004 2023.352 0 0
2026-03-23 2145 1892.178 -131.174 -6.483
2026-03-24 2175 1862.649 -29.529 -1.561
2026-03-25 2174 1871.588 8.939 0.48
2026-03-27 2214 1820.966 -50.622 -2.705
2026-03-28 2210 1820.966 0 0
2026-03-29 2210 1820.966 0 0
2026-03-30 2170 1866.064 45.098 2.477
2026-03-31 2102 1925.825 59.761 3.203
2026-04-01 2002 2018.932 93.107 4.835
2026-04-02 2087 1955.455 -63.477 -3.144
2026-04-03 2080 1955.455 0 0
2026-04-04 2080 1955.455 0 0
2026-04-05 2080 1955.455 0 0
2026-04-06 2048 1988.399 32.944 1.685
2026-04-07 2056 1977.451 -10.948 -0.551
2026-04-08 2018 2032.492 55.041 2.783
2026-04-09 1974 2099.585 67.093 3.301
2026-04-10 2019 2043.138 -56.447 -2.688
2026-04-11 2020 2043.138 0 0
2026-04-12 2020 2043.138 0 0
2026-04-13 2093 1993.622 -49.516 -2.424
2026-04-14 2153 1929.441 -64.181 -3.219
2026-04-15 2217 1882.837 -46.604 -2.415
2026-04-16 2229 1869.78 -13.057 -0.693
2026-04-17 2201 1910.157 40.377 2.159
2026-04-18 2201 1910.157 0 0
2026-04-19 2201 1910.157 0 0
2026-04-20 2243 1868.072 -42.085 -2.203
2026-04-21 2251 1854.111 -13.961 -0.747
2026-04-22 2226 1881.23 27.119 1.463
2026-04-23 2158 1935.166 53.936 2.867
2026-04-24 2133 1964.494 29.328 1.516
2026-04-25 2131 1964.494 0 0
2026-04-26 2131 1964.494 0 0
2026-04-27 2150 1947.118 -17.376 -0.885
2026-04-28 2061 2018.531 71.413 3.668
2026-04-29 2047 2028.273 9.742 0.483
2026-04-30 2023 2059.711 31.438 1.55
2026-05-01 2033 2048.16 -11.551 -0.561
2026-05-02 2034 2048.16 0 0
2026-05-04 1988 2106.917 58.757 2.869
2026-05-05 1948 2163.465 56.548 2.684
2026-05-06 1986 2114.45 -49.015 -2.266
2026-05-07 2337 1783.904 -330.546 -15.633
2026-05-08 2379 1750.759 -33.145 -1.858
2026-05-09 2379 1750.759 0 0
<<<<<<< HEAD
2026-05-10 2380 1750.759 0 0
2026-05-11 2424 1712.291 -38.468 -2.197
2026-05-12 2387 1732.178 19.887 1.161
2026-05-13 2465 1657.049 -75.129 -4.337
2026-05-14 2474 1641.481 -15.568 -0.94
2026-05-15 2395 1710.182 68.701 4.185
2026-05-16 2389 1710.182 0 0
2026-05-17 2390 1710.182 0 0
2026-05-18 2369 1729.868 19.686 1.151
2026-05-19 2358 1741.217 11.349 0.656
2026-05-20 2330 1769.943 28.726 1.65
2026-05-21 2331 1769.943 0 0
2026-05-22 2339 1763.013 -6.93 -0.392
2026-05-23 2342 1763.013 0 0
2026-05-24 2342 1763.013 0 0
2026-05-26 2333 1772.052 9.039 0.513
2026-05-27 2325 1777.074 5.022 0.283
2026-05-28 2346 1754.275 -22.799 -1.283
2026-05-29 2366 1740.213 -14.062 -0.802
2026-05-31 2369 1740.213 0 0
2026-06-01 2372 1728.863 -11.35 -0.652
2026-06-02 2337 1757.69 28.827 1.667
2026-06-03 2309 1781.192 23.502 1.337
2026-06-04 2385 1710.182 -71.01 -3.987
2026-06-05 2278 1807.005 96.823 5.662
2026-06-06 2269 1807.005 0 0
2026-06-07 2268 1807.005 0 0
2026-06-08 2280 1795.957 -11.048 -0.611
2026-06-09 2221 1859.033 63.076 3.512
2026-06-10 2140 1919.196 60.163 3.236
2026-06-11 2205 1871.186 -48.01 -2.502
2026-06-12 2197 1887.156 15.97 0.853
2026-06-13 2205 1887.156 0 0
2026-06-15 2237 1862.448 -24.708 -1.309
2026-06-16 2229 1869.78 7.332 0.394
2026-06-17 2263 1844.469 -25.311 -1.354
2026-06-18 2275 1823.377 -21.092 -1.144
2026-06-19 2269 1823.377 0 0
2026-06-20 2269 1823.377 0 0
2026-06-21 2269 1823.377 0 0
2026-06-23 2246 1838.141 14.764 0.81
2026-06-24 2291 1783.201 -54.94 -2.989
2026-06-25 2275 1800.175 16.974 0.952
2026-06-26 2174 1888.562 88.387 4.91
2026-06-27 2178 1888.562 0 0
2026-06-28 2177 1888.562 0 0
2026-06-29 2131 1931.249 42.687 2.26
2026-06-30 2155 1917.589 -13.66 -0.707
2026-07-01 2134 1946.917 29.328 1.529
2026-07-02 2119 1964.896 17.979 0.923
2026-07-03 2119 1964.896 0 0
2026-07-04 2119 1964.896 0 0
2026-07-05 2119 1964.896 0 0
2026-07-06 2210 1887.055 -77.841 -3.962
2026-07-07 2318 1784.206 -102.849 -5.45
2026-07-08 2316 1765.524 -18.682 -1.047
2026-07-09 2330 1762.711 -2.813 -0.159
2026-07-10 2281 1800.878 38.167 2.165
2026-07-11 2287 1800.878 0 0
2026-07-12 2287 1800.878 0 0
2026-07-13 2293 1787.922 -12.956 -0.719
2026-07-14 2301 1779.284 -8.638 -0.483
2026-07-15 2311 1777.878 -1.406 -0.079
2026-07-16 2255 1832.517 54.639 3.073
2026-07-17 2255 1815.342 -17.175 -0.937
2026-07-18 2249 1815.342 0 0
2026-07-19 2248 1815.342 0 0
2026-07-20 2234 1827.696 12.354 0.681
2026-07-21 2232 1838.945 11.249 0.615
2026-07-22 2213 1851.701 12.756 0.694
2026-07-23 2287 1792.241 -59.46 -3.211
2026-07-24 2202 1855.116 62.875 3.508
2026-07-25 2201 1855.116 0 0
2026-07-26 2201 1855.116 0 0
2026-07-27 2198 1870.985 15.869 0.855
2026-07-28 2105 1958.568 87.583 4.681
2026-07-29 2129 1932.354 -26.214 -1.338
2026-07-30 2157 1906.641 -25.713 -1.331
2026-07-31 2190 1887.256 -19.385 -1.017
2026-08-01 2188 1887.256 0 0
2026-08-02 2188 1887.256 0 0
2026-08-03 2271 1815.543 -71.713 -3.8
2026-08-04 2279 1817.953 2.41 0.133
2026-08-05 2250 1855.517 37.564 2.066
2026-08-06 2210 1890.571 35.054 1.889
2026-08-07 2176 1938.38 47.809 2.529
2026-08-08 2179 1938.38 0 0
2026-08-09 2179 1938.38 0 0
2026-08-10 2255 1863.653 -74.727 -3.855
2026-08-11 2285 1825.084 -38.569 -2.07
2026-08-12 2224 1895.995 70.911 3.885
2026-08-13 2206 1909.956 13.961 0.736
=======
2026-05-10 2379 1750.759 0 0
2026-05-11 2384 1750.759 0 0
2026-05-12 2423 1712.291 0 0
2026-05-13 2385 1732.178 0 0
2026-05-14 2456 1657.049 0 0
2026-05-15 2477 1641.481 0 0
2026-05-16 2395 1710.182 0 0
2026-05-17 2389 1710.182 0 0
2026-05-18 2386 1710.182 0 0
2026-05-19 2365 1729.868 0 0
2026-05-20 2360 1741.217 0 0
2026-05-21 2331 1769.943 0 0
2026-05-22 2334 1771.148 0 0
2026-05-23 2339 1763.013 0 0
2026-05-24 2342 1763.013 0 0
2026-05-25 2340 1763.013 0 0
2026-05-26 2343 1763.013 0 0
2026-05-27 2327 1772.052 0 0
2026-05-28 2325 1777.074 0 0
2026-05-29 2349 1754.275 0 0
2026-05-30 2366 1740.213 0 0
2026-05-31 2369 1740.213 0 0
2026-06-01 2373 1740.213 0 0
2026-06-02 2367 1728.863 0 0
2026-06-03 2339 1757.69 0 0
2026-06-04 2308 1781.192 0 0
2026-06-05 2389 1710.182 0 0
2026-06-06 2278 1807.005 0 0
2026-06-07 2269 1807.005 0 0
2026-06-09 2285 1795.957 0 0
2026-06-10 2216 1859.033 0 0
2026-06-11 2131 1919.196 0 0
2026-06-12 2214 1871.186 0 0
2026-06-13 2197 1887.156 0 0
2026-06-14 2205 1887.156 0 0
2026-06-16 2235 1862.448 0 0
2026-06-17 2231 1869.78 0 0
2026-06-18 2258 1844.469 0 0
2026-06-19 2276 1823.377 0 0
2026-06-20 2269 1823.377 0 0
2026-06-21 2269 1823.377 0 0
2026-06-22 2266 1823.377 0 0
2026-06-23 2292 1796.861 0 0
2026-06-24 2247 1838.141 0 0
2026-06-25 2298 1783.201 0 0
2026-06-26 2266 1800.175 0 0
2026-06-27 2174 1888.562 0 0
2026-06-28 2178 1888.562 0 0
2026-06-29 2173 1888.562 0 0
2026-06-30 2137 1931.249 0 0
2026-07-01 2163 1917.589 0 0
2026-07-02 2136 1946.917 0 0
2026-07-03 2121 1964.896 0 0
2026-07-04 2119 1964.896 0 0
2026-07-05 2119 1964.896 0 0
2026-07-06 2123 1964.896 0 0
2026-07-07 2203 1887.055 0 0
2026-07-08 2312 1784.206 0 0
2026-07-09 2313 1765.524 0 0
2026-07-10 2334 1762.711 0 0
2026-07-11 2281 1800.878 0 0
2026-07-12 2287 1800.878 0 0
2026-07-13 2281 1800.878 0 0
2026-07-14 2290 1787.922 0 0
2026-07-15 2307 1779.284 0 0
2026-07-16 2314 1777.878 0 0
2026-07-17 2240 1832.517 0 0
2026-07-18 2255 1815.342 0 0
2026-07-19 2249 1815.342 0 0
2026-07-20 2253 1815.342 0 0
2026-07-21 2233 1827.696 0 0
2026-07-22 2236 1838.945 0 0
2026-07-23 2214 1851.701 0 0
2026-07-24 2278 1792.241 0 0
2026-07-25 2202 1855.116 0 0
2026-07-26 2201 1855.116 0 0
2026-07-27 2207 1855.116 0 0
2026-07-28 2191 1870.985 0 0
2026-07-29 2108 1958.568 0 0
2026-07-30 2130 1932.354 0 0
2026-07-31 2164 1906.641 0 0
2026-08-01 2190 1887.256 0 0
2026-08-02 2188 1887.256 0 0
2026-08-03 2191 1887.256 0 0
2026-08-04 2270 1815.543 0 0
2026-08-05 2290 1817.953 0 0
2026-08-06 2252 1855.517 0 0
2026-08-07 2210 1890.571 0 0
2026-08-08 2176 1938.38 0 0
2026-08-09 2179 1938.38 0 0
2026-08-10 2181 1938.38 0 0
2026-08-11 2254 1863.653 0 0
2026-08-12 2287 1825.084 0 0
2026-08-13 2223 1895.995 0 0
2026-08-14 2208 1909.956 0 0
>>>>>>> 2b550085baac25c543016ca743053a87bf115d5d
2026-08-15 2225 1899.409 0 0
2026-08-16 2233 1899.409 0 0
2026-08-17 2232 1899.409 0 0
2026-08-18 2260 1870.282 0 0
2026-08-19 2232 1894.689 0 0
2026-08-20 2238 1876.61 0 0
