2026-07-11 2660 1478.311 0 0
2026-07-12 2660 1478.311 0 0
2026-07-13 2799 1360.603 -117.708 -7.962
2026-07-14 2665 1471.545 110.942 8.154
2026-07-15 2597 1533.27 61.725 4.195
2026-07-16 2688 1447.811 -85.459 -5.574
2026-07-17 2832 1324.987 -122.824 -8.483
2026-07-18 2832 1323.189 -1.798 -0.136
2026-07-19 2831 1323.189 0 0
2026-07-20 3035 1193.987 -129.202 -9.764
2026-07-21 2982 1227.014 33.027 2.766
2026-07-22 2857 1308.652 81.638 6.653
2026-07-23 2884 1289.611 -19.041 -1.455
2026-07-24 2993 1216.05 -73.561 -5.704
2026-07-25 2994 1215.403 -0.647 -0.053
2026-07-26 2994 1215.403 0 0
2026-07-27 2912 1280.669 65.266 5.37
2026-07-28 2959 1241.616 -39.053 -3.049
2026-07-29 2954 1248.798 7.182 0.578
2026-07-30 3101 1155.377 -93.421 -7.481
2026-07-31 2988 1230.072 74.695 6.465
2026-08-01 2989 1231.712 1.64 0.133
2026-08-02 2989 1231.712 0 0
2026-08-03 2847 1332.813 101.101 8.208
2026-08-04 2768 1400.508 67.695 5.079
2026-08-05 2672 1490.287 89.779 6.41
2026-08-06 2632 1508.971 18.684 1.254
2026-08-07 2627 1526.611 17.64 1.169
2026-08-08 2627 1526.973 0.362 0.024
2026-08-09 2627 1526.973 0 0
2026-08-10 2607 1546.42 19.447 1.274
2026-08-11 2615 1536.185 -10.235 -0.662
2026-08-12 2555 1582.786 46.601 3.034
2026-08-13 2569 1566.028 -16.758 -1.059
2026-08-15 2591 1557.783 -8.245 -0.526
2026-08-16 2591 1557.783 0 0
2026-08-17 2468 1674.591 116.808 7.498
2026-08-18 2405 1736.562 61.971 3.701
2026-08-19 2477 1648.829 -87.733 -5.052
2026-08-20 2424 1708.982 60.153 3.648
2026-08-21 2439 1705.041 -3.941 -0.231
2026-08-23 2440 1705.903 0.862 0.051
2026-08-24 2564 1573.303 -132.6 -7.773
2026-08-25 2528 1610.592 37.289 2.37
2026-08-26 2524 1614.661 4.069 0.253
2026-08-27 2459 1697.423 82.762 5.126
2026-08-28 2454 1699.913 2.49 0.147
2026-08-29 2452 1699.787 -0.126 -0.007
2026-08-30 2452 1699.787 0 0
2026-08-31 2411 1742.446 42.659 2.51
2026-09-01 2477 1672.546 0 0
2026-09-02 2516 1626.41 0 0
2026-09-03 2519 1624.922 0 0
2026-09-04 2530 1623.613 0 0
2026-09-05 2572 1576.973 0 0
