2026-08-24 3258 1088.624 0 0
2026-08-25 3266 1085.634 -2.99 -0.275
2026-08-26 3271 1090.457 4.823 0.444
2026-08-27 3276 1091.854 1.397 0.128
2026-08-28 3237 1109.153 17.299 1.584
2026-08-29 3233 1110.999 1.846 0.166
2026-08-30 3233 1110.999 0 0
2026-08-31 3157 1162.938 51.939 4.675
2026-09-01 3123 1190.44 0 0
2026-09-02 3132 1177.521 0 0
2026-09-03 3111 1190.369 0 0
2026-09-04 3015 1244.952 0 0
2026-09-05 2956 1281.767 0 0
2026-09-06 2956 1281.767 0 0
2026-09-07 2959 1281.767 0 0
2026-09-08 2961 1277.671 0 0
2026-09-09 2933 1294.602 0 0
2026-09-10 3016 1229.338 0 0
2026-09-11 3107 1168.118 0 0
2026-09-12 3145 1153.421 0 0
2026-09-13 3148 1152.213 0 0
2026-09-14 3150 1152.213 0 0
2026-09-15 3064 1205.281 0 0
2026-09-16 3155 1148.973 0 0
2026-09-17 3244 1078.78 0 0
2026-09-18 3285 1062.666 0 0
2026-09-19 3214 1106.602 0 0
2026-09-20 3214 1107.265 0 0
2026-09-21 3205 1114.801 0 0
2026-09-22 3234 1097.711 0 0
2026-09-23 3155 1148.399 0 0
2026-09-24 3140 1150.29 0 0
2026-09-25 3209 1102.494 0 0
2026-09-26 3182 1118.533 0 0
2026-09-27 3180 1120.183 0 0
2026-09-28 3235 1085.13 0 0
2026-09-29 3185 1108.693 0 0
2026-09-30 3089 1170.565 0 0
2026-10-01 3118 1156.131 0 0
2026-10-02 3129 1148.488 0 0
2026-10-03 3137 1142.919 0 0
2026-10-04 3138 1142.919 0 0
2026-10-05 3125 1152.789 0 0
2026-10-06 3187 1115.676 0 0
