2026-09-01 1369 3138.873 0 0
2026-09-02 1359 3137.414 0 0
2026-09-03 1368 3131.957 0 0
2026-09-04 1373 3131.231 0 0
2026-09-05 1365 3138.508 0 0
2026-09-06 1365 3137.414 0 0
2026-09-07 1362 3137.414 0 0
2026-09-08 1359 3137.414 0 0
2026-09-09 1363 3137.414 0 0
2026-09-10 1358 3141.428 0 0
2026-09-11 1348 3145.819 0 0
2026-09-12 1357 3140.698 0 0
2026-09-13 1357 3137.05 0 0
2026-09-14 1358 3137.05 0 0
2026-09-15 1359 3137.05 0 0
2026-09-16 1364 3116.419 0 0
2026-09-17 1361 3117.858 0 0
2026-09-18 1367 3116.419 0 0
2026-09-19 1371 3102.458 0 0
2026-09-20 1373 3096.057 0 0
2026-09-21 1373 3096.057 0 0
2026-09-22 1378 3096.057 0 0
2026-09-23 1375 3098.899 0 0
2026-09-24 1374 3090.743 0 0
2026-09-25 1372 3079.466 0 0
2026-09-26 1372 3072.111 0 0
2026-09-27 1371 3079.466 0 0
2026-09-28 1372 3079.466 0 0
2026-09-29 1368 3079.466 0 0
2026-09-30 1370 3069.318 0 0
2026-10-01 1371 3063.053 0 0
2026-10-02 1368 3067.924 0 0
2026-10-03 1380 3042.695 0 0
2026-10-04 1380 3046.47 0 0
2026-10-05 1382 3046.47 0 0
2026-10-06 1386 3046.47 0 0
