2026-03-10 3101 1175.095 0 0
2026-03-11 3105 1174.831 -0.264 -0.022
2026-03-12 3118 1166.678 -8.153 -0.694
2026-03-13 3125 1157.376 -9.302 -0.797
2026-03-14 3130 1149.562 -7.814 -0.675
2026-03-15 3129 1149.562 0 0
2026-03-16 3131 1149.562 0 0
2026-03-17 3135 1149.882 0.32 0.028
2026-03-18 3136 1150.825 0.943 0.082
2026-03-19 3124 1145.64 -5.185 -0.451
2026-03-20 3117 1141.719 -3.921 -0.342
2026-03-21 3113 1144.751 3.032 0.266
2026-03-22 3112 1144.751 0 0
2026-03-23 3095 1144.886 0.135 0.012
2026-03-24 3096 1149.542 4.656 0.407
2026-03-25 3102 1154.448 4.906 0.427
2026-03-27 3096 1150.917 -3.531 -0.306
2026-03-28 3100 1145.215 -5.702 -0.495
2026-03-29 3100 1145.215 0 0
2026-03-30 3088 1147.107 1.892 0.165
2026-03-31 3106 1135.128 -11.979 -1.044
2026-04-01 3112 1142.103 6.975 0.614
2026-04-02 3109 1146.739 4.636 0.406
2026-04-03 3109 1139.586 -7.153 -0.624
2026-04-04 3109 1139.586 0 0
2026-04-05 3109 1139.586 0 0
2026-04-06 3111 1139.586 0 0
2026-04-07 3115 1138.394 -1.192 -0.105
2026-04-08 3121 1147.736 9.342 0.821
2026-04-09 3114 1158.788 11.052 0.963
2026-04-10 3120 1161.13 2.342 0.202
2026-04-11 3111 1165.488 4.358 0.375
2026-04-12 3111 1165.488 0 0
2026-04-13 3129 1160.397 -5.091 -0.437
2026-04-14 3126 1165.224 4.827 0.416
2026-04-15 3120 1174.856 9.632 0.827
2026-04-16 3136 1173.055 -1.801 -0.153
2026-04-17 3139 1174.298 1.243 0.106
2026-04-18 3124 1178.459 4.161 0.354
2026-04-19 3124 1178.459 0 0
2026-04-20 3133 1177.212 -1.247 -0.106
2026-04-21 3161 1164.355 -12.857 -1.092
2026-04-22 3158 1159.958 -4.397 -0.378
2026-04-23 3149 1154.223 -5.735 -0.494
2026-04-24 3144 1153.41 -0.813 -0.07
2026-04-25 3145 1152.87 -0.54 -0.047
2026-04-26 3145 1152.87 0 0
2026-04-27 3134 1157.813 4.943 0.429
2026-04-28 3129 1162.868 5.055 0.437
2026-04-29 3135 1157.819 -5.049 -0.434
2026-04-30 3126 1160.016 2.197 0.19
2026-05-01 3127 1163.01 2.994 0.258
2026-05-02 3121 1166.705 3.695 0.318
2026-05-04 3137 1156.766 -9.939 -0.852
2026-05-05 3150 1151.904 -4.862 -0.42
2026-05-06 3159 1151.492 -0.412 -0.036
2026-05-07 3174 1151.265 -0.227 -0.02
2026-05-08 3185 1152.056 0.791 0.069
2026-05-09 3183 1151.784 -0.272 -0.024
2026-05-10 3183 1151.784 0 0
2026-05-11 3181 1151.094 -0.69 -0.06
2026-05-12 3168 1148.182 -2.912 -0.253
2026-05-13 3162 1149.101 0.919 0.08
2026-05-14 3173 1146.136 -2.965 -0.258
2026-05-15 3169 1143.461 -2.675 -0.233
2026-05-16 3169 1138.674 -4.787 -0.419
2026-05-17 3169 1138.674 0 0
2026-05-18 3168 1136.354 -2.32 -0.204
2026-05-19 3168 1139.051 2.697 0.237
2026-05-20 3168 1137.413 -1.638 -0.144
2026-05-21 3164 1139.66 2.247 0.198
2026-05-22 3166 1141.704 2.044 0.179
2026-05-23 3167 1139.586 -2.118 -0.186
2026-05-24 3167 1139.586 0 0
2026-05-26 3174 1137.817 -1.769 -0.155
2026-05-27 3169 1141.694 3.877 0.341
2026-05-28 3173 1141.277 -0.417 -0.037
2026-05-29 3161 1145.867 4.59 0.402
2026-05-31 3160 1148.14 2.273 0.198
2026-06-01 3161 1146.497 -1.643 -0.143
2026-06-02 3165 1143.62 -2.877 -0.251
2026-06-03 3164 1139.453 -4.167 -0.364
2026-06-04 3162 1137.912 -1.541 -0.135
2026-06-05 3160 1128.168 -9.744 -0.856
2026-06-06 3166 1121.257 -6.911 -0.613
2026-06-07 3166 1121.257 0 0
2026-06-08 3157 1121.528 0.271 0.024
2026-06-09 3161 1117.002 -4.526 -0.404
2026-06-10 3154 1120.567 3.565 0.319
2026-06-11 3165 1116.544 -4.023 -0.359
2026-06-12 3176 1116.037 -0.507 -0.045
2026-06-13 3172 1121.462 5.425 0.486
2026-06-15 3177 1123.227 1.765 0.157
2026-06-16 3179 1125.534 2.307 0.205
2026-06-17 3173 1126.895 1.361 0.121
2026-06-18 3174 1126.291 -0.604 -0.054
2026-06-19 3182 1114.443 -11.848 -1.052
2026-06-20 3182 1114.443 0 0
2026-06-21 3182 1114.443 0 0
2026-06-23 3183 1106.595 -7.848 -0.704
2026-06-24 3188 1100.949 -5.646 -0.51
2026-06-25 3195 1095.1 -5.849 -0.531
2026-06-26 3186 1098.988 3.888 0.355
2026-06-27 3180 1100.742 1.754 0.16
2026-06-28 3180 1100.742 0 0
2026-06-29 3198 1097.935 -2.807 -0.255
2026-06-30 3188 1102.042 4.107 0.374
2026-07-01 3190 1103.855 1.813 0.165
2026-07-02 3206 1098.344 -5.511 -0.499
2026-07-03 3195 1107.55 9.206 0.838
2026-07-04 3195 1107.55 0 0
2026-07-05 3195 1107.55 0 0
2026-07-06 3200 1106.744 -0.806 -0.073
2026-07-07 3198 1105.147 -1.597 -0.144
2026-07-08 3194 1103.042 -2.105 -0.19
2026-07-09 3195 1101.336 -1.706 -0.155
2026-07-10 3203 1102.379 1.043 0.095
2026-07-11 3208 1101.498 -0.881 -0.08
2026-07-12 3208 1101.498 0 0
2026-07-13 3195 1100.828 -0.67 -0.061
2026-07-14 3209 1098.267 -2.561 -0.233
2026-07-15 3215 1097.876 -0.391 -0.036
2026-07-16 3224 1092.964 -4.912 -0.447
2026-07-17 3217 1083.388 -9.576 -0.876
2026-07-18 3214 1083.14 -0.248 -0.023
2026-07-19 3213 1083.14 0 0
2026-07-20 3201 1087.435 4.295 0.397
2026-07-21 3218 1084.611 -2.824 -0.26
2026-07-22 3207 1089.973 5.362 0.494
2026-07-23 3211 1090.336 0.363 0.033
2026-07-24 3195 1085.416 -4.92 -0.451
2026-07-25 3195 1086.157 0.741 0.068
2026-07-26 3195 1086.157 0 0
2026-07-27 3206 1087.759 1.602 0.147
2026-07-28 3220 1084.216 -3.543 -0.326
2026-07-29 3226 1085.573 1.357 0.125
2026-07-30 3222 1085.336 -0.237 -0.022
2026-07-31 3220 1095.868 10.532 0.97
2026-08-01 3219 1096.12 0.252 0.023
2026-08-02 3219 1096.12 0 0
2026-08-03 3220 1096.525 0.405 0.037
2026-08-04 3220 1100.929 4.404 0.402
2026-08-05 3231 1102.223 1.294 0.118
2026-08-06 3230 1105.16 2.937 0.266
2026-08-07 3231 1104.45 -0.71 -0.064
2026-08-08 3230 1106.236 1.786 0.162
2026-08-09 3230 1106.236 0 0
2026-08-10 3240 1103.119 -3.117 -0.282
2026-08-11 3237 1104.474 1.355 0.123
2026-08-12 3243 1101.702 -2.772 -0.251
2026-08-13 3244 1100.619 -1.083 -0.098
2026-08-15 3235 1105.131 4.512 0.41
2026-08-16 3235 1105.131 0 0
2026-08-17 3231 1104.723 -0.408 -0.037
2026-08-18 3230 1100.606 -4.117 -0.373
2026-08-19 3230 1099.824 -0.782 -0.071
2026-08-20 3226 1105.058 5.234 0.476
2026-08-21 3222 1110.01 4.952 0.448
2026-08-23 3223 1108.973 -1.037 -0.093
2026-08-24 3219 1107.604 -1.369 -0.123
2026-08-25 3228 1107.368 -0.236 -0.021
2026-08-26 3232 1109.125 1.757 0.159
2026-08-27 3238 1107.756 -1.369 -0.123
2026-08-28 3232 1111.035 3.279 0.296
2026-08-29 3237 1108.711 -2.324 -0.209
2026-08-30 3237 1108.711 0 0
2026-08-31 3246 1106.121 -2.59 -0.234
2026-09-01 3245 1106.121 0 0
2026-09-02 3235 1105.879 0 0
2026-09-03 3250 1100.555 0 0
2026-09-04 3248 1105.332 0 0
2026-09-05 3237 1111.717 0 0
