2026-03-10 3006 1228.843 0 0
2026-03-11 3006 1234.568 5.725 0.466
2026-03-12 3004 1226 -8.568 -0.694
2026-03-13 3000 1221.339 -4.661 -0.38
2026-03-14 3014 1213.092 -8.247 -0.675
2026-03-15 3014 1213.092 0 0
2026-03-16 3009 1213.092 0 0
2026-03-17 3001 1217.411 4.319 0.356
2026-03-18 3007 1217.411 0 0
2026-03-19 2981 1220.355 2.944 0.242
2026-03-20 2972 1220.495 0.14 0.011
2026-03-21 2959 1223.736 3.241 0.266
2026-03-22 2959 1223.736 0 0
2026-03-23 2945 1223.736 0 0
2026-03-24 2942 1228.131 4.395 0.359
2026-03-25 2956 1227.278 -0.853 -0.069
2026-03-26 2955 1227.278 0 0
2026-03-27 2953 1227.278 0 0
2026-03-28 2959 1221.198 -6.08 -0.495
2026-03-29 2959 1221.198 0 0
2026-03-30 2951 1221.198 0 0
2026-03-31 2963 1215.318 -5.88 -0.481
2026-04-01 2968 1221.339 6.021 0.495
2026-04-02 2956 1232.128 10.789 0.883
2026-04-03 2960 1224.443 -7.685 -0.624
2026-04-04 2960 1224.443 0 0
2026-04-05 2960 1224.443 0 0
2026-04-06 2962 1224.443 0 0
2026-04-07 2963 1223.453 -0.99 -0.081
2026-04-08 2995 1223.453 0 0
2026-04-09 2961 1239.621 16.168 1.322
2026-04-10 2963 1238.607 -1.014 -0.082
2026-04-11 2959 1243.256 4.649 0.375
2026-04-12 2959 1243.256 0 0
2026-04-13 2964 1243.256 0 0
2026-04-14 2976 1241.363 -1.893 -0.152
2026-04-15 2971 1251.771 10.408 0.838
2026-04-16 2981 1250.59 -1.181 -0.094
2026-04-17 2998 1247.793 -2.797 -0.224
2026-04-18 2994 1252.215 4.422 0.354
2026-04-19 2994 1252.215 0 0
2026-04-20 2996 1252.215 0 0
2026-04-21 3003 1247.793 -4.422 -0.353
2026-04-22 2999 1245.74 -2.053 -0.165
2026-04-23 2990 1242.09 -3.65 -0.293
2026-04-24 2980 1241.363 -0.727 -0.059
2026-04-25 2982 1240.782 -0.581 -0.047
2026-04-26 2982 1240.782 0 0
2026-04-27 2984 1240.782 0 0
2026-04-28 2981 1243.985 3.203 0.258
2026-04-29 2985 1240.346 -3.639 -0.293
2026-04-30 2987 1240.201 -0.145 -0.012
2026-05-01 2989 1243.402 3.201 0.258
2026-05-02 2983 1247.352 3.95 0.318
2026-05-04 2987 1247.352 0 0
2026-05-05 3000 1241.072 -6.28 -0.503
2026-05-06 2998 1241.072 0 0
2026-05-07 3008 1246.179 5.107 0.411
2026-05-08 3008 1248.381 2.202 0.177
2026-05-09 3009 1248.087 -0.294 -0.024
2026-05-10 3009 1248.087 0 0
2026-05-11 3008 1248.087 0 0
2026-05-12 2996 1248.675 0.588 0.047
2026-05-13 3001 1243.985 -4.69 -0.376
2026-05-14 3005 1241.072 -2.913 -0.234
2026-05-15 3008 1238.028 -3.044 -0.245
2026-05-16 3009 1232.845 -5.183 -0.419
2026-05-17 3009 1232.845 0 0
2026-05-18 3001 1232.845 0 0
2026-05-19 3002 1233.993 1.148 0.093
2026-05-20 3010 1229.271 -4.722 -0.383
2026-05-21 3012 1231.699 2.428 0.198
2026-05-22 3009 1231.699 0 0
2026-05-23 3011 1229.413 -2.286 -0.186
2026-05-24 3011 1229.413 0 0
2026-05-26 3018 1229.413 0 0
2026-05-27 3009 1232.128 2.715 0.221
2026-05-28 3007 1232.415 0.287 0.023
2026-05-29 3000 1234.568 2.153 0.175
2026-05-31 2998 1237.017 2.449 0.198
2026-06-01 2999 1237.017 0 0
2026-06-02 3002 1231.413 -5.604 -0.453
2026-06-03 2993 1234.28 2.867 0.233
2026-06-04 2992 1230.841 -3.439 -0.279
2026-06-05 2973 1232.845 2.004 0.163
2026-06-06 2984 1225.292 -7.553 -0.613
2026-06-07 2984 1225.292 0 0
2026-06-08 2975 1225.292 0 0
2026-06-09 2982 1223.453 -1.839 -0.15
2026-06-10 2975 1225.575 2.122 0.173
2026-06-11 2976 1224.584 -0.991 -0.081
2026-06-12 2989 1220.917 -3.667 -0.299
2026-06-13 2985 1226.852 5.935 0.486
2026-06-15 2995 1226.852 0 0
2026-06-16 2991 1230.412 3.56 0.29
2026-06-17 2996 1230.412 0 0
2026-06-18 3004 1228.416 -1.996 -0.162
2026-06-19 3015 1217.551 -10.865 -0.884
2026-06-20 3015 1217.551 0 0
2026-06-21 3015 1217.551 0 0
2026-06-23 3010 1213.231 -4.32 -0.355
2026-06-24 3022 1206.602 -6.629 -0.546
2026-06-25 3023 1202.087 -4.515 -0.374
2026-06-26 3011 1205.916 3.829 0.319
2026-06-27 3009 1207.84 1.924 0.16
2026-06-28 3009 1207.84 0 0
2026-06-29 3015 1207.84 0 0
2026-06-30 3010 1210.737 2.897 0.24
2026-07-01 3021 1211.844 1.107 0.091
2026-07-02 3035 1207.702 -4.142 -0.342
2026-07-03 3030 1212.953 5.251 0.435
2026-07-04 3030 1212.953 0 0
2026-07-05 3030 1212.953 0 0
2026-07-06 3034 1212.953 0 0
2026-07-07 3020 1210.322 -2.631 -0.217
2026-07-08 3009 1211.983 1.661 0.137
2026-07-09 3020 1209.08 -2.903 -0.24
2026-07-10 3020 1211.844 2.764 0.229
2026-07-11 3027 1210.875 -0.969 -0.08
2026-07-12 3027 1210.875 0 0
2026-07-13 3004 1210.875 0 0
2026-07-14 3020 1208.942 -1.933 -0.16
2026-07-15 3010 1213.092 4.15 0.343
2026-07-16 3012 1212.26 -0.832 -0.069
2026-07-17 3001 1212.953 0.693 0.057
2026-07-18 3000 1212.676 -0.277 -0.023
2026-07-19 2999 1212.676 0 0
2026-07-20 3001 1212.676 0 0
2026-07-21 3020 1209.08 -3.596 -0.297
2026-07-22 3015 1208.942 -0.138 -0.011
2026-07-23 3017 1209.493 0.551 0.046
2026-07-24 3014 1205.367 -4.126 -0.341
2026-07-25 3011 1206.19 0.823 0.068
2026-07-26 3011 1206.19 0 0
2026-07-27 3025 1206.19 0 0
2026-07-28 3018 1205.367 -0.823 -0.068
2026-07-29 3020 1206.877 1.51 0.125
2026-07-30 3015 1206.465 -0.412 -0.034
2026-07-31 3007 1219.372 12.907 1.07
2026-08-01 3009 1219.653 0.281 0.023
2026-08-02 3009 1219.653 0 0
2026-08-03 3015 1219.653 0 0
2026-08-04 3017 1220.495 0.842 0.069
2026-08-05 3024 1221.48 0.985 0.081
2026-08-06 3019 1224.584 3.104 0.254
2026-08-07 3035 1222.748 -1.836 -0.15
2026-08-08 3034 1224.726 1.978 0.162
2026-08-09 3034 1224.726 0 0
2026-08-10 3038 1224.726 0 0
2026-08-11 3032 1224.726 0 0
2026-08-12 3035 1223.453 -1.273 -0.104
2026-08-13 3037 1223.453 0 0
2026-08-15 3029 1227.562 4.109 0.336
2026-08-16 3029 1227.562 0 0
2026-08-17 3035 1227.562 0 0
2026-08-18 3036 1228.273 0.711 0.058
2026-08-19 3024 1227.704 -0.569 -0.046
2026-08-20 3013 1236.296 8.592 0.7
2026-08-21 3015 1238.462 2.166 0.175
2026-08-23 3021 1237.306 -1.156 -0.093
2026-08-24 3015 1237.306 0 0
2026-08-25 3025 1236.584 -0.722 -0.058
2026-08-26 3027 1237.017 0.433 0.035
2026-08-27 3033 1234.424 -2.593 -0.21
2026-08-28 3031 1234.424 0 0
2026-08-29 3033 1231.842 -2.582 -0.209
2026-08-30 3033 1231.842 0 0
2026-08-31 3034 1231.842 0 0
2026-09-01 3032 1231.842 0 0
2026-09-02 3024 1231.27 0 0
