2026-03-10 2938 1275.214 0 0
2026-03-11 2932 1281.155 5.941 0.466
2026-03-12 2931 1272.265 -8.89 -0.694
2026-03-13 2928 1267.427 -4.838 -0.38
2026-03-14 2934 1258.869 -8.558 -0.675
2026-03-15 2934 1258.869 0 0
2026-03-16 2937 1258.869 0 0
2026-03-17 2926 1263.351 4.482 0.356
2026-03-18 2941 1263.351 0 0
2026-03-19 2906 1266.406 3.055 0.242
2026-03-20 2900 1266.552 0.146 0.012
2026-03-21 2895 1269.915 3.363 0.266
2026-03-22 2895 1269.915 0 0
2026-03-23 2875 1269.915 0 0
2026-03-24 2879 1274.476 4.561 0.359
2026-03-25 2894 1273.59 -0.886 -0.07
2026-03-27 2884 1273.59 0 0
2026-03-28 2889 1267.281 -6.309 -0.495
2026-03-29 2889 1267.281 0 0
2026-03-30 2882 1267.281 0 0
2026-03-31 2893 1261.179 -6.102 -0.482
2026-04-01 2901 1267.427 6.248 0.495
2026-04-02 2890 1278.624 11.197 0.883
2026-04-03 2895 1270.648 -7.976 -0.624
2026-04-04 2895 1270.648 0 0
2026-04-05 2895 1270.648 0 0
2026-04-06 2892 1270.648 0 0
2026-04-07 2896 1269.621 -1.027 -0.081
2026-04-08 2919 1269.621 0 0
2026-04-09 2896 1286.399 16.778 1.321
2026-04-10 2907 1285.347 -1.052 -0.082
2026-04-11 2900 1290.171 4.824 0.375
2026-04-12 2900 1290.171 0 0
2026-04-13 2900 1290.171 0 0
2026-04-14 2918 1288.207 -1.964 -0.152
2026-04-15 2921 1299.008 10.801 0.838
2026-04-16 2930 1297.782 -1.226 -0.094
2026-04-17 2932 1294.879 -2.903 -0.224
2026-04-18 2930 1299.468 4.589 0.354
2026-04-19 2930 1299.468 0 0
2026-04-20 2937 1299.468 0 0
2026-04-21 2939 1294.879 -4.589 -0.353
2026-04-22 2938 1292.749 -2.13 -0.164
2026-04-23 2936 1288.962 -3.787 -0.293
2026-04-24 2925 1288.207 -0.755 -0.059
2026-04-25 2925 1287.604 -0.603 -0.047
2026-04-26 2925 1287.604 0 0
2026-04-27 2928 1287.604 0 0
2026-04-28 2923 1290.928 3.324 0.258
2026-04-29 2924 1287.152 -3.776 -0.293
2026-04-30 2926 1287.001 -0.151 -0.012
2026-05-01 2927 1290.323 3.322 0.258
2026-05-02 2925 1294.422 4.099 0.318
2026-05-04 2932 1294.422 0 0
2026-05-05 2941 1287.905 -6.517 -0.503
2026-05-06 2942 1287.905 0 0
2026-05-07 2943 1293.205 5.3 0.412
2026-05-08 2944 1295.489 2.284 0.177
2026-05-09 2943 1295.184 -0.305 -0.024
2026-05-10 2943 1295.184 0 0
2026-05-11 2947 1295.184 0 0
2026-05-12 2937 1295.795 0.611 0.047
2026-05-13 2942 1290.928 -4.867 -0.376
2026-05-14 2950 1287.905 -3.023 -0.234
2026-05-15 2942 1284.747 -3.158 -0.245
2026-05-16 2946 1279.367 -5.38 -0.419
2026-05-17 2946 1279.367 0 0
2026-05-18 2943 1279.367 0 0
2026-05-19 2949 1280.559 1.192 0.093
2026-05-20 2956 1275.658 -4.901 -0.383
2026-05-21 2956 1278.178 2.52 0.198
2026-05-22 2960 1278.178 0 0
2026-05-23 2960 1275.806 -2.372 -0.186
2026-05-24 2960 1275.806 0 0
2026-05-26 2957 1275.806 0 0
2026-05-27 2953 1278.624 2.818 0.221
2026-05-28 2950 1278.921 0.297 0.023
2026-05-29 2943 1281.155 2.234 0.175
2026-05-31 2939 1283.697 2.542 0.198
2026-06-01 2942 1283.697 0 0
2026-06-02 2945 1277.881 -5.816 -0.453
2026-06-03 2934 1280.857 2.976 0.233
2026-06-04 2933 1277.288 -3.569 -0.279
2026-06-05 2925 1279.367 2.079 0.163
2026-06-06 2932 1271.529 -7.838 -0.613
2026-06-07 2932 1271.529 0 0
2026-06-08 2914 1271.529 0 0
2026-06-09 2922 1269.621 -1.908 -0.15
2026-06-10 2918 1271.823 2.202 0.173
2026-06-11 2910 1270.795 -1.028 -0.081
2026-06-12 2930 1266.989 -3.806 -0.299
2026-06-13 2929 1273.148 6.159 0.486
2026-06-15 2938 1273.148 0 0
2026-06-16 2934 1276.843 3.695 0.29
2026-06-17 2930 1276.843 0 0
2026-06-18 2941 1274.771 -2.072 -0.162
2026-06-19 2944 1263.496 -11.275 -0.884
2026-06-20 2944 1263.496 0 0
2026-06-21 2944 1263.496 0 0
2026-06-23 2944 1259.013 -4.483 -0.355
2026-06-24 2953 1252.134 -6.879 -0.546
2026-06-25 2955 1247.448 -4.686 -0.374
2026-06-26 2940 1251.422 3.974 0.319
2026-06-27 2942 1253.418 1.996 0.159
2026-06-28 2942 1253.418 0 0
2026-06-29 2946 1253.418 0 0
2026-06-30 2946 1256.425 3.007 0.24
2026-07-01 2950 1257.574 1.149 0.091
2026-07-02 2960 1253.276 -4.298 -0.342
2026-07-03 2969 1258.725 5.449 0.435
2026-07-04 2969 1258.725 0 0
2026-07-05 2969 1258.725 0 0
2026-07-06 2963 1258.725 0 0
2026-07-07 2950 1255.995 -2.73 -0.217
2026-07-08 2938 1257.718 1.723 0.137
2026-07-09 2944 1254.705 -3.013 -0.24
2026-07-10 2945 1257.574 2.869 0.229
2026-07-11 2952 1256.568 -1.006 -0.08
2026-07-12 2952 1256.568 0 0
2026-07-13 2939 1256.568 0 0
2026-07-14 2942 1254.562 -2.006 -0.16
2026-07-15 2941 1258.869 4.307 0.343
2026-07-16 2940 1258.005 -0.864 -0.069
2026-07-17 2920 1258.725 0.72 0.057
2026-07-18 2920 1258.437 -0.288 -0.023
2026-07-19 2919 1258.437 0 0
2026-07-20 2915 1258.437 0 0
2026-07-21 2936 1254.705 -3.732 -0.297
2026-07-22 2931 1254.562 -0.143 -0.011
2026-07-23 2934 1255.135 0.573 0.046
2026-07-24 2927 1250.853 -4.282 -0.341
2026-07-25 2926 1251.707 0.854 0.068
2026-07-26 2926 1251.707 0 0
2026-07-27 2946 1251.707 0 0
2026-07-28 2943 1250.853 -0.854 -0.068
2026-07-29 2941 1252.419 1.566 0.125
2026-07-30 2940 1251.992 -0.427 -0.034
2026-07-31 2930 1265.386 13.394 1.07
2026-08-01 2932 1265.677 0.291 0.023
2026-08-02 2932 1265.677 0 0
2026-08-03 2945 1265.677 0 0
2026-08-04 2951 1266.552 0.875 0.069
2026-08-05 2958 1267.573 1.021 0.081
2026-08-06 2958 1270.795 3.222 0.254
2026-08-07 2965 1268.889 -1.906 -0.15
2026-08-08 2965 1270.942 2.053 0.162
2026-08-09 2965 1270.942 0 0
2026-08-10 2966 1270.942 0 0
2026-08-11 2966 1270.942 0 0
2026-08-12 2965 1269.621 -1.321 -0.104
2026-08-13 2965 1269.621 0 0
2026-08-15 2963 1273.885 4.264 0.336
2026-08-16 2963 1273.885 0 0
2026-08-17 2974 1273.885 0 0
2026-08-18 2973 1274.623 0.738 0.058
2026-08-19 2957 1274.033 -0.59 -0.046
2026-08-20 2954 1282.948 8.915 0.7
2026-08-21 2955 1285.197 2.249 0.175
2026-08-23 2955 1283.997 -1.2 -0.093
2026-08-24 2947 1283.997 0 0
2026-08-25 2957 1283.248 -0.749 -0.058
2026-08-26 2956 1283.697 0.449 0.035
2026-08-27 2963 1281.006 -2.691 -0.21
2026-08-28 2967 1281.006 0 0
2026-08-29 2967 1278.327 -2.679 -0.209
2026-08-30 2967 1278.327 0 0
2026-08-31 2962 1278.327 0 0
2026-09-01 2961 1278.327 0 0
2026-09-02 2952 1277.733 0 0
2026-09-03 2959 1275.51 0 0
