2026-03-10 1989 2100 0 0
2026-03-11 1991 2100 0 0
2026-03-12 1981 2100 0 0
2026-03-13 1965 2100 0 0
2026-03-14 1959 2100 0 0
2026-03-15 1959 2100 0 0
2026-03-16 1964 2100 0 0
2026-03-17 1963 2100 0 0
2026-03-18 1962 2100 0 0
2026-03-19 1954 2100 0 0
2026-03-20 1941 2100 0 0
2026-03-21 1938 2100 0 0
2026-03-22 1938 2100 0 0
2026-03-23 1930 2100 0 0
2026-03-24 1941 2100 0 0
2026-03-25 1951 2100 0 0
2026-03-27 1932 2100 0 0
2026-03-28 1929 2100 0 0
2026-03-29 1930 2100 0 0
2026-03-30 1926 2100 0 0
2026-03-31 1926 2100 0 0
2026-04-01 1943 2100 0 0
2026-04-02 1941 2100 0 0
2026-04-03 1941 2100 0 0
2026-04-04 1941 2100 0 0
2026-04-05 1941 2100 0 0
2026-04-06 1940 2100 0 0
2026-04-07 1938 2100 0 0
2026-04-08 1960 2100 0 0
2026-04-09 1969 2100 0 0
2026-04-10 1970 2100 0 0
2026-04-11 1973 2100 0 0
2026-04-12 1973 2100 0 0
2026-04-13 1970 2100 0 0
2026-04-14 1983 2100 0 0
2026-04-15 1996 2100 0 0
2026-04-16 1997 2100 0 0
2026-04-17 2001 2100 0 0
2026-04-18 2010 2100 0 0
2026-04-19 2010 2100 0 0
2026-04-20 2002 2100 0 0
2026-04-21 2006 2100 0 0
2026-04-22 2002 2100 0 0
2026-04-23 1990 2100 0 0
2026-04-24 1992 2100 0 0
2026-04-25 1992 2100 0 0
2026-04-26 1992 2100 0 0
2026-04-27 1985 2100 0 0
2026-04-28 1983 2100 0 0
2026-04-29 1984 2100 0 0
2026-04-30 1979 2100 0 0
2026-05-01 1987 2100 0 0
2026-05-02 1990 2100 0 0
2026-05-04 1997 2100 0 0
<<<<<<< HEAD
2026-05-05 1996 2100 0 0
2026-05-06 2004 2100 0 0
2026-05-07 2016 2100 0 0
2026-05-08 2013 2100 0 0
2026-05-09 2010 2100 0 0
2026-05-10 2010 2100 0 0
2026-05-11 2012 2100 0 0
2026-05-12 2004 2100 0 0
2026-05-13 1998 2100 0 0
2026-05-14 2004 2100 0 0
2026-05-15 1993 2100 0 0
2026-05-16 1988 2100 0 0
2026-05-17 1988 2100 0 0
2026-05-18 1983 2100 0 0
2026-05-19 1986 2100 0 0
2026-05-20 1987 2100 0 0
2026-05-21 1989 2100 0 0
2026-05-22 1996 2100 0 0
2026-05-23 1997 2100 0 0
2026-05-24 1997 2100 0 0
2026-05-26 1998 2100 0 0
2026-05-27 1994 2100 0 0
2026-05-28 1994 2100 0 0
2026-05-29 2001 2100 0 0
2026-05-31 2003 2100 0 0
2026-06-01 1996 2100 0 0
2026-06-02 1991 2100 0 0
2026-06-03 1978 2100 0 0
2026-06-04 1982 2100 0 0
2026-06-05 1974 2100 0 0
2026-06-06 1974 2100 0 0
2026-06-07 1974 2100 0 0
2026-06-08 1963 2100 0 0
2026-06-09 1972 2100 0 0
2026-06-10 1971 2100 0 0
2026-06-11 1965 2100 0 0
2026-06-12 1971 2100 0 0
2026-06-13 1976 2100 0 0
2026-06-15 1989 2100 0 0
2026-06-16 1988 2100 0 0
2026-06-17 1986 2100 0 0
2026-06-18 1985 2100 0 0
2026-06-19 1984 2100 0 0
2026-06-20 1985 2100 0 0
2026-06-21 1985 2100 0 0
2026-06-23 1972 2100 0 0
2026-06-24 1968 2100 0 0
2026-06-25 1966 2100 0 0
2026-06-26 1958 2100 0 0
2026-06-27 1957 2100 0 0
2026-06-28 1957 2100 0 0
2026-06-29 1964 2100 0 0
2026-06-30 1967 2100 0 0
2026-07-01 1976 2100 0 0
2026-07-02 1982 2100 0 0
2026-07-03 1992 2100 0 0
2026-07-04 1992 2100 0 0
2026-07-05 1992 2100 0 0
2026-07-06 1988 2100 0 0
2026-07-07 1973 2100 0 0
2026-07-08 1965 2100 0 0
2026-07-09 1964 2100 0 0
2026-07-10 1969 2100 0 0
2026-07-11 1969 2100 0 0
2026-07-12 1969 2100 0 0
2026-07-13 1961 2100 0 0
2026-07-14 1961 2100 0 0
2026-07-15 1968 2100 0 0
2026-07-16 1972 2100 0 0
2026-07-17 1952 2100 0 0
2026-07-18 1950 2100 0 0
2026-07-19 1949 2100 0 0
2026-07-20 1949 2100 0 0
2026-07-21 1958 2100 0 0
2026-07-22 1963 2100 0 0
2026-07-23 1962 2100 0 0
2026-07-24 1948 2100 0 0
2026-07-25 1952 2100 0 0
2026-07-26 1952 2100 0 0
2026-07-27 1964 2100 0 0
2026-07-28 1950 2100 0 0
2026-07-29 1955 2100 0 0
2026-07-30 1958 2100 0 0
2026-07-31 1974 2100 0 0
2026-08-01 1974 2100 0 0
2026-08-02 1974 2100 0 0
2026-08-03 1980 2100 0 0
2026-08-04 1989 2100 0 0
2026-08-05 1992 2100 0 0
2026-08-06 1991 2100 0 0
2026-08-07 2002 2100 0 0
2026-08-08 2003 2100 0 0
2026-08-09 2003 2100 0 0
2026-08-10 2000 2100 0 0
2026-08-11 1998 2100 0 0
2026-08-12 2007 2100 0 0
2026-08-13 2002 2100 0 0
=======
2026-05-05 1998 2100.0 0 0
2026-05-06 1995 2100.0 0 0
2026-05-07 2006 2100.0 0 0
2026-05-08 2012 2100.0 0 0
2026-05-09 2014 2100.0 0 0
2026-05-10 2011 2100.0 0 0
2026-05-11 2014 2100.0 0 0
2026-05-12 2008 2100.0 0 0
2026-05-13 2001 2100.0 0 0
2026-05-14 1996 2100.0 0 0
2026-05-15 2000 2100.0 0 0
2026-05-16 1994 2100.0 0 0
2026-05-17 1989 2100.0 0 0
2026-05-18 1979 2100.0 0 0
2026-05-19 1985 2100.0 0 0
2026-05-20 1986 2100.0 0 0
2026-05-21 1990 2100.0 0 0
2026-05-22 1996 2100.0 0 0
2026-05-23 1997 2100.0 0 0
2026-05-24 1998 2100.0 0 0
2026-05-25 1996 2100.0 0 0
2026-05-26 2000 2100.0 0 0
2026-05-27 1998 2100.0 0 0
2026-05-28 1992 2100.0 0 0
2026-05-29 1997 2100.0 0 0
2026-05-30 2002 2100.0 0 0
2026-05-31 2004 2100.0 0 0
2026-06-01 2004 2100.0 0 0
2026-06-02 1993 2100.0 0 0
2026-06-03 1994 2100.0 0 0
2026-06-04 1973 2100.0 0 0
2026-06-05 1983 2100.0 0 0
2026-06-06 1975 2100.0 0 0
2026-06-07 1975 2100.0 0 0
2026-06-09 1965 2100.0 0 0
2026-06-10 1969 2100.0 0 0
2026-06-11 1966 2100.0 0 0
2026-06-12 1976 2100.0 0 0
2026-06-13 1972 2100.0 0 0
2026-06-14 1977 2100.0 0 0
2026-06-16 1988 2100.0 0 0
2026-06-17 1989 2100.0 0 0
2026-06-18 1988 2100.0 0 0
2026-06-19 1987 2100.0 0 0
2026-06-20 1985 2100.0 0 0
2026-06-21 1986 2100.0 0 0
2026-06-22 1980 2100.0 0 0
2026-06-23 1981 2100.0 0 0
2026-06-24 1972 2100.0 0 0
2026-06-25 1965 2100.0 0 0
2026-06-26 1955 2100.0 0 0
2026-06-27 1959 2100.0 0 0
2026-06-28 1958 2100.0 0 0
2026-06-29 1962 2100.0 0 0
2026-06-30 1968 2100.0 0 0
2026-07-01 1975 2100.0 0 0
2026-07-02 1980 2100.0 0 0
2026-07-03 1989 2100.0 0 0
2026-07-04 1993 2100.0 0 0
2026-07-05 1993 2100.0 0 0
2026-07-06 1991 2100.0 0 0
2026-07-07 1979 2100.0 0 0
2026-07-08 1966 2100.0 0 0
2026-07-09 1958 2100.0 0 0
2026-07-10 1972 2100.0 0 0
2026-07-11 1970 2100.0 0 0
2026-07-12 1970 2100.0 0 0
2026-07-13 1966 2100.0 0 0
2026-07-14 1958 2100.0 0 0
2026-07-15 1965 2100.0 0 0
2026-07-16 1970 2100.0 0 0
2026-07-17 1968 2100.0 0 0
2026-07-18 1953 2100.0 0 0
2026-07-19 1951 2100.0 0 0
2026-07-20 1950 2100.0 0 0
2026-07-21 1952 2100.0 0 0
2026-07-22 1965 2100.0 0 0
2026-07-23 1965 2100.0 0 0
2026-07-24 1958 2100.0 0 0
2026-07-25 1949 2100.0 0 0
2026-07-26 1953 2100.0 0 0
2026-07-27 1954 2100.0 0 0
2026-07-28 1957 2100.0 0 0
2026-07-29 1956 2100.0 0 0
2026-07-30 1958 2100.0 0 0
2026-07-31 1972 2100.0 0 0
2026-08-01 1975 2100.0 0 0
2026-08-02 1975 2100.0 0 0
2026-08-03 1971 2100.0 0 0
2026-08-04 1986 2100.0 0 0
2026-08-05 1990 2100.0 0 0
2026-08-06 1990 2100.0 0 0
2026-08-07 1991 2100.0 0 0
2026-08-08 2003 2100.0 0 0
2026-08-09 2004 2100.0 0 0
2026-08-10 2004 2100.0 0 0
2026-08-11 2000 2100.0 0 0
2026-08-12 1998 2100.0 0 0
2026-08-13 2002 2100.0 0 0
2026-08-14 2005 2100.0 0 0
>>>>>>> 2b550085baac25c543016ca743053a87bf115d5d
2026-08-15 2005 2100.0 0 0
2026-08-16 2011 2100.0 0 0
2026-08-17 2008 2100.0 0 0
2026-08-18 2007 2100.0 0 0
2026-08-19 2004 2100.0 0 0
2026-08-20 1997 2100.0 0 0
2026-08-21 1996 2100.0 0 0
2026-08-22 2006 2100.0 0 0
