2026-03-10 3307 1043.035 0 0
2026-03-11 3333 1027.104 -15.931 -1.527
2026-03-12 3349 1008.868 -18.236 -1.775
2026-03-14 3344 1009.128 0.26 0.026
2026-03-15 3344 1009.128 0 0
2026-03-16 3344 1008.08 -1.048 -0.104
2026-03-17 3316 1027.899 19.819 1.966
2026-03-18 3309 1031.856 3.957 0.385
2026-03-19 3331 1008.728 -23.128 -2.241
2026-03-20  990.964 -17.764 -1.761
2026-03-25 3271 1043.932 52.968 5.345
2026-03-27 3308 1013.518 -30.414 -2.913
2026-03-28 3339 1000.109 -13.409 -1.323
2026-03-29 3338 1000.109 0 0
2026-03-30 3301 1016.55 16.441 1.644
2026-03-31 3305 1014.442 -2.108 -0.207
2026-04-01 3293 1032.352 17.91 1.766
2026-04-02 3299 1034.288 1.936 0.188
2026-04-03 3298 1027.847 -6.441 -0.623
2026-04-04 3298 1027.847 0 0
2026-04-05 3298 1027.847 0 0
2026-04-06 3299 1027.847 0 0
2026-04-07 3305 1022.103 -5.744 -0.559
2026-04-08 3287 1051.454 29.351 2.872
2026-04-09 3287 1055.663 4.209 0.4
2026-04-10 3295 1055.659 -0.004 0
2026-04-11 3285 1064.766 9.107 0.863
2026-04-12 3285 1064.766 0 0
2026-04-13 3277 1072.77 8.004 0.752
2026-04-14 3252 1092.314 19.544 1.822
2026-04-15 3219 1116.451 24.137 2.21
2026-04-16 3202 1130.097 13.646 1.222
2026-04-17 3161 1163.305 33.208 2.939
2026-04-18 3149 1172.558 9.253 0.795
2026-04-19 3149 1172.558 0 0
2026-04-20 3183 1153.336 -19.222 -1.639
2026-04-21 3178 1153.479 0.143 0.012
2026-04-22 3160 1159.377 5.898 0.511
2026-04-23 3185 1136.27 -23.107 -1.993
2026-04-24 3195 1125.815 -10.455 -0.92
2026-04-25 3199 1121.274 -4.541 -0.403
2026-04-26 3199 1121.274 0 0
2026-04-27 3208 1114.604 -6.67 -0.595
2026-04-28 3208 1111.971 -2.633 -0.236
2026-04-29 3258 1084.228 -27.743 -2.495
2026-04-30 3281 1069.455 -14.773 -1.363
2026-05-01 3274 1073.628 4.173 0.39
2026-05-02 3263 1082.544 8.916 0.83
2026-05-04 3185 1128.532 45.988 4.248
2026-05-05 3193 1129.296 0.764 0.068
2026-05-06 3199 1125.564 -3.732 -0.33
2026-05-07 3228 1117.889 -7.675 -0.682
2026-05-08 3241 1116.712 -1.177 -0.105
2026-05-09 3243 1114.749 -1.963 -0.176
2026-05-10 3243 1114.749 0 0
2026-05-11 3233 1118.23 3.481 0.312
2026-05-12 3262 1097.476 -20.754 -1.856
2026-05-13 3265 1091.32 -6.156 -0.561
2026-05-14 3271 1088.815 -2.505 -0.23
2026-05-15 3270 1086.46 -2.355 -0.216
2026-05-16 3283 1076.539 -9.921 -0.913
2026-05-17 3283 1076.539 0 0
2026-05-18 3271 1080.988 4.449 0.413
2026-05-19 3279 1077.289 -3.699 -0.342
2026-05-20 3273 1087.326 10.037 0.932
2026-05-21 3256 1096.556 9.23 0.849
2026-05-22 3228 1107.122 10.566 0.964
2026-05-23 3230 1104.309 -2.813 -0.254
2026-05-24 3230 1104.309 0 0
2026-05-26 3221 1113.794 9.485 0.859
2026-05-27 3203 1123.323 9.529 0.856
2026-05-28 3199 1123.425 0.102 0.009
2026-05-29 3187 1132.614 9.189 0.818
2026-05-31 3181 1137.006 4.392 0.388
2026-06-01 3216 1112.417 -24.589 -2.163
2026-06-02 3210 1115.12 2.703 0.243
2026-06-03 3287 1064.562 -50.558 -4.534
2026-06-04 3289 1066.288 1.726 0.162
2026-06-05 3287 1054.84 -11.448 -1.074
2026-06-06 3294 1046.709 -8.131 -0.771
2026-06-07 3294 1046.709 0 0
2026-06-08 3279 1045.139 -1.57 -0.15
2026-06-09 3289 1038.743 -6.396 -0.612
2026-06-10 3313 1022.992 -15.751 -1.516
2026-06-11 3335 1007.522 -15.47 -1.512
2026-06-12 3330 1016.239 8.717 0.865
2026-06-13 3312 1031.068 14.829 1.459
2026-06-15 3314 1037.62 6.552 0.635
2026-06-16 3314 1038.498 0.878 0.085
2026-06-17 3322 1031.005 -7.493 -0.722
2026-06-18 3358 1002.892 -28.113 -2.727
2026-07-15 3348 1012.35 9.458 0.943
2026-07-16 3362 1005.594 -6.756 -0.667
2026-07-17 3214 1085.615 80.021 7.958
2026-07-18 3212 1085.075 -0.54 -0.05
2026-07-19 3211 1085.075 0 0
2026-07-20 3225 1076.635 -8.44 -0.778
2026-07-21 3244 1071.901 -4.734 -0.44
2026-07-22 3257 1060.413 -11.488 -1.072
2026-07-23 3261 1058.197 -2.216 -0.209
2026-07-24 3244 1064.029 5.832 0.551
2026-07-25 3233 1069.98 5.951 0.559
2026-07-26 3233 1069.98 0 0
2026-07-27 3215 1085.232 15.252 1.425
2026-07-28 3201 1092.856 7.624 0.703
2026-07-29 3225 1085.786 -7.07 -0.647
2026-07-30 3236 1075.921 -9.865 -0.909
2026-07-31 3192 1108.411 32.49 3.02
2026-08-01 3190 1111.304 2.893 0.261
2026-08-02 3190 1111.304 0 0
2026-08-03 3156 1134.843 23.539 2.118
2026-08-04 3133 1151.996 17.153 1.511
2026-08-05 3114 1166.992 14.996 1.302
2026-08-06 3113 1170.422 3.43 0.294
2026-08-07 3114 1179.53 9.108 0.778
2026-08-08 3114 1181.111 1.581 0.134
2026-08-09 3114 1181.111 0 0
2026-08-10 3125 1176.163 -4.948 -0.419
2026-08-11 3120 1179.028 2.865 0.244
2026-08-12 3123 1174.529 -4.499 -0.382
2026-08-13 3126 1169 -5.529 -0.471
2026-08-15 3134 1166.246 -2.754 -0.236
2026-08-16 3134 1166.246 0 0
2026-08-17 3173 1148.332 -17.914 -1.536
2026-08-18 3170 1148.351 0.019 0.002
2026-08-19 3154 1154.738 6.387 0.556
2026-08-20 3158 1156.448 1.71 0.148
2026-08-21 3162 1151.818 -4.63 -0.4
2026-08-23 3161 1153.899 2.081 0.181
2026-08-24 3157 1154.159 0.26 0.023
2026-08-25 3168 1149.674 -4.485 -0.389
2026-08-26 3160 1153.769 4.095 0.356
2026-08-27 3179 1146.351 -7.418 -0.643
2026-08-28 3178 1153.655 7.304 0.637
2026-08-29 3180 1148.287 -5.368 -0.465
2026-08-30 3180 1148.287 0 0
2026-08-31 3202 1133.579 -14.708 -1.281
2026-09-01 3203 1133.579 0 0
2026-09-02 3238 1103.321 0 0
2026-09-03 3273 1091.362 0 0
