2026-03-10 2914 1289 0 0
2026-03-11 2922 1289 0 0
2026-03-12 2911 1289 0 0
2026-03-13 2896 1289 0 0
2026-03-14 2895 1289 0 0
2026-03-15 2895 1289 0 0
2026-03-16 2895 1289 0 0
2026-03-17 2893 1289 0 0
2026-03-18 2895 1289 0 0
2026-03-19 2869 1289 0 0
2026-03-20 2869 1289 0 0
2026-03-21 2870 1289 0 0
2026-03-22 2870 1289 0 0
2026-03-23 2850 1289 0 0
2026-03-24 2855 1289 0 0
2026-03-25 2873 1289 0 0
2026-03-27 2856 1289 0 0
2026-03-28 2854 1289 0 0
2026-03-29 2854 1289 0 0
2026-03-30 2853 1289 0 0
2026-03-31 2859 1289 0 0
2026-04-01 2874 1289 0 0
2026-04-02 2872 1289 0 0
2026-04-03 2861 1289 0 0
2026-04-04 2861 1289 0 0
2026-04-05 2861 1289 0 0
2026-04-06 2862 1289 0 0
2026-04-07 2858 1289 0 0
2026-04-08 2891 1289 0 0
2026-04-09 2895 1289 0 0
2026-04-10 2900 1289 0 0
2026-04-11 2904 1289 0 0
2026-04-12 2904 1289 0 0
2026-04-13 2905 1289 0 0
2026-04-14 2916 1289 0 0
2026-04-15 2938 1289 0 0
2026-04-16 2944 1289 0 0
2026-04-17 2947 1289 0 0
2026-04-18 2942 1289 0 0
2026-04-19 2942 1289 0 0
2026-04-20 2950 1289 0 0
2026-04-21 2949 1289 0 0
2026-04-22 2943 1289 0 0
2026-04-23 2935 1289 0 0
2026-04-24 2923 1289 0 0
2026-04-25 2924 1289 0 0
2026-04-26 2924 1289 0 0
2026-04-27 2926 1289 0 0
2026-04-28 2927 1289 0 0
2026-04-29 2920 1289 0 0
2026-04-30 2922 1289 0 0
2026-05-01 2930 1289 0 0
2026-05-02 2930 1289 0 0
2026-05-04 2939 1289 0 0
<<<<<<< HEAD
2026-05-05 2940 1289 0 0
2026-05-06 2941 1289 0 0
2026-05-07 2950 1289 0 0
2026-05-08 2956 1289 0 0
2026-05-09 2956 1289 0 0
2026-05-10 2956 1289 0 0
2026-05-11 2960 1289 0 0
2026-05-12 2951 1289 0 0
2026-05-13 2950 1289 0 0
2026-05-14 2946 1289 0 0
2026-05-15 2933 1289 0 0
2026-05-16 2928 1289 0 0
2026-05-17 2928 1289 0 0
2026-05-18 2931 1289 0 0
2026-05-19 2939 1289 0 0
2026-05-20 2936 1289 0 0
2026-05-21 2939 1289 0 0
2026-05-22 2946 1289 0 0
2026-05-23 2948 1289 0 0
2026-05-24 2948 1289 0 0
2026-05-26 2944 1289 0 0
2026-05-27 2938 1289 0 0
2026-05-28 2935 1289 0 0
2026-05-29 2934 1289 0 0
2026-05-31 2934 1289 0 0
2026-06-01 2931 1289 0 0
2026-06-02 2933 1289 0 0
2026-06-03 2922 1289 0 0
2026-06-04 2915 1289 0 0
2026-06-05 2914 1289 0 0
2026-06-06 2910 1289 0 0
2026-06-07 2910 1289 0 0
2026-06-08 2894 1289 0 0
2026-06-09 2889 1289 0 0
2026-06-10 2894 1289 0 0
2026-06-11 2382 1700 411 31.885
2026-06-12 1828 2258.848 558.848 32.873
2026-06-13 1829 2258.848 0 0
2026-06-15 1654 2525.215 266.367 11.792
2026-06-16 1612 2603.732 78.517 3.109
2026-06-17 1662 2519.474 -84.258 -3.236
2026-06-18 1700 2461.895 -57.579 -2.285
2026-06-19 1694 2461.895 0 0
2026-06-20 1694 2461.895 0 0
2026-06-21 1694 2461.895 0 0
2026-06-23 1860 2217.986 -243.909 -9.907
2026-06-24 1873 2204.731 -13.255 -0.598
2026-06-25 1883 2191.729 -13.002 -0.59
2026-06-26 1880 2193.671 1.942 0.089
2026-06-27 1882 2193.671 0 0
2026-06-28 1882 2193.671 0 0
2026-06-29 1794 2286.203 92.532 4.218
2026-06-30 1768 2342.515 56.312 2.463
2026-07-01 1868 2230.059 -112.456 -4.801
2026-07-02 1832 2267.713 37.654 1.688
2026-07-03 1839 2267.713 0 0
2026-07-04 1839 2267.713 0 0
2026-07-05 1839 2267.713 0 0
2026-07-06 1849 2254.374 -13.339 -0.588
2026-07-07 1915 2161.926 -92.448 -4.101
2026-07-08 1917 2152.049 -9.877 -0.457
2026-07-09 1893 2184.637 32.588 1.514
2026-07-10 1938 2126.721 -57.916 -2.651
2026-07-11 1940 2126.721 0 0
2026-07-12 1940 2126.721 0 0
2026-07-13 1987 2074.714 -52.007 -2.445
2026-07-14 2001 2048.879 -25.835 -1.245
2026-07-15 2018 2042.041 -6.838 -0.334
2026-07-16 2055 2006.919 -35.122 -1.72
2026-07-17 2113 1946.807 -60.112 -2.995
2026-07-18 2115 1946.807 0 0
2026-07-19 2114 1946.807 0 0
2026-07-20 2139 1911.854 -34.953 -1.795
2026-07-21 2126 1943.008 31.154 1.63
2026-07-22 2185 1873.103 -69.905 -3.598
2026-07-23 2167 1898.262 25.159 1.343
2026-07-24 2179 1871.498 -26.764 -1.41
2026-07-25 2179 1871.498 0 0
2026-07-26 2179 1871.498 0 0
2026-07-27 2214 1858.243 -13.255 -0.708
2026-07-28 2183 1882.812 24.569 1.322
2026-07-29 2220 1850.223 -32.589 -1.731
2026-07-30 2231 1847.268 -2.955 -0.16
2026-07-31 2261 1814.933 -32.335 -1.75
2026-08-01 2263 1814.933 0 0
2026-08-02 2264 1814.933 0 0
2026-08-03 2221 1866.939 52.006 2.865
2026-08-04 2138 1958.12 91.181 4.884
2026-08-05 2298 1814.088 -144.032 -7.356
2026-08-06 2229 1870.232 56.144 3.095
2026-08-07 2066 2023.804 153.572 8.211
2026-08-08 2066 2023.804 0 0
2026-08-09 2066 2023.804 0 0
2026-08-10 2024 2071.337 47.533 2.349
2026-08-11 2068 2025.324 -46.013 -2.221
2026-08-12 1969 2133.897 108.573 5.361
2026-08-13 2010 2092.865 -41.032 -1.923
=======
2026-05-05 2939 1289.0 0 0
2026-05-06 2943 1289.0 0 0
2026-05-07 2943 1289.0 0 0
2026-05-08 2951 1289.0 0 0
2026-05-09 2956 1289.0 0 0
2026-05-10 2956 1289.0 0 0
2026-05-11 2963 1289.0 0 0
2026-05-12 2961 1289.0 0 0
2026-05-13 2951 1289.0 0 0
2026-05-14 2947 1289.0 0 0
2026-05-15 2947 1289.0 0 0
2026-05-16 2933 1289.0 0 0
2026-05-17 2928 1289.0 0 0
2026-05-18 2928 1289.0 0 0
2026-05-19 2930 1289.0 0 0
2026-05-20 2935 1289.0 0 0
2026-05-21 2938 1289.0 0 0
2026-05-22 2941 1289.0 0 0
2026-05-23 2946 1289.0 0 0
2026-05-24 2948 1289.0 0 0
2026-05-25 2948 1289.0 0 0
2026-05-26 2948 1289.0 0 0
2026-05-27 2940 1289.0 0 0
2026-05-28 2931 1289.0 0 0
2026-05-29 2936 1289.0 0 0
2026-05-30 2934 1289.0 0 0
2026-05-31 2934 1289.0 0 0
2026-06-01 2937 1289.0 0 0
2026-06-02 2927 1289.0 0 0
2026-06-03 2928 1289.0 0 0
2026-06-04 2914 1289.0 0 0
2026-06-05 2917 1289.0 0 0
2026-06-06 2914 1289.0 0 0
2026-06-07 2910 1289.0 0 0
2026-06-09 2893 1289.0 0 0
2026-06-10 2883 1289.0 0 0
2026-06-11 2882 1289.0 0 0
2026-06-12 2394 1700.0 0 0
2026-06-13 1828 2258.848 0 0
2026-06-14 1829 2258.848 0 0
2026-06-16 1657 2525.215 0 0
2026-06-17 1613 2603.732 0 0
2026-06-18 1660 2519.474 0 0
2026-06-19 1697 2461.895 0 0
2026-06-20 1694 2461.895 0 0
2026-06-21 1694 2461.895 0 0
2026-06-22 1692 2461.895 0 0
2026-06-23 1879 2205.237 0 0
2026-06-24 1862 2217.986 0 0
2026-06-25 1874 2204.731 0 0
2026-06-26 1872 2191.729 0 0
2026-06-27 1880 2193.671 0 0
2026-06-28 1882 2193.671 0 0
2026-06-29 1884 2193.671 0 0
2026-06-30 1799 2286.203 0 0
2026-07-01 1769 2342.515 0 0
2026-07-02 1869 2230.059 0 0
2026-07-03 1836 2267.713 0 0
2026-07-04 1839 2267.713 0 0
2026-07-05 1839 2267.713 0 0
2026-07-06 1837 2267.713 0 0
2026-07-07 1843 2254.374 0 0
2026-07-08 1910 2161.926 0 0
2026-07-09 1913 2152.049 0 0
2026-07-10 1900 2184.637 0 0
2026-07-11 1938 2126.721 0 0
2026-07-12 1940 2126.721 0 0
2026-07-13 1936 2126.721 0 0
2026-07-14 1982 2074.714 0 0
2026-07-15 2007 2048.879 0 0
2026-07-16 2016 2042.041 0 0
2026-07-17 2051 2006.919 0 0
2026-07-18 2113 1946.807 0 0
2026-07-19 2115 1946.807 0 0
2026-07-20 2114 1946.807 0 0
2026-07-21 2143 1911.854 0 0
2026-07-22 2128 1943.008 0 0
2026-07-23 2190 1873.103 0 0
2026-07-24 2161 1898.262 0 0
2026-07-25 2179 1871.498 0 0
2026-07-26 2179 1871.498 0 0
2026-07-27 2188 1871.498 0 0
2026-07-28 2209 1858.243 0 0
2026-07-29 2184 1882.812 0 0
2026-07-30 2221 1850.223 0 0
2026-07-31 2234 1847.268 0 0
2026-08-01 2261 1814.933 0 0
2026-08-02 2263 1814.933 0 0
2026-08-03 2262 1814.933 0 0
2026-08-04 2220 1866.939 0 0
2026-08-05 2140 1958.12 0 0
2026-08-06 2300 1814.088 0 0
2026-08-07 2232 1870.232 0 0
2026-08-08 2066 2023.804 0 0
2026-08-09 2066 2023.804 0 0
2026-08-10 2068 2023.804 0 0
2026-08-11 2022 2071.337 0 0
2026-08-12 2071 2025.324 0 0
2026-08-13 1971 2133.897 0 0
2026-08-14 2011 2092.865 0 0
>>>>>>> 2b550085baac25c543016ca743053a87bf115d5d
2026-08-15 2019 2081.974 0 0
2026-08-16 2033 2081.974 0 0
2026-08-17 2031 2081.974 0 0
2026-08-18 1970 2134.572 0 0
2026-08-19 1989 2110.173 0 0
2026-08-20 2020 2079.019 0 0
