2026-03-10 2680 1447.948 0 0
2026-03-11 2683 1454.694 6.746 0.466
2026-03-12 2681 1444.599 -10.095 -0.694
2026-03-13 2673 1439.106 -5.493 -0.38
2026-03-14 2684 1429.389 -9.717 -0.675
2026-03-15 2685 1429.389 0 0
2026-03-16 2676 1429.389 0 0
2026-03-17 2672 1434.478 5.089 0.356
2026-03-18 2676 1434.478 0 0
2026-03-19 2650 1437.946 3.468 0.242
2026-03-20 2635 1438.112 0.166 0.012
2026-03-21 2632 1441.93 3.818 0.265
2026-03-22 2632 1441.93 0 0
2026-03-23 2608 1441.93 0 0
2026-03-24 2605 1447.109 5.179 0.359
2026-03-25 2625 1446.104 -1.005 -0.069
2026-03-27 2618 1446.104 0 0
2026-03-28 2621 1438.94 -7.164 -0.495
2026-03-29 2622 1438.94 0 0
2026-03-30 2620 1438.94 0 0
2026-03-31 2632 1432.011 -6.929 -0.482
2026-04-01 2636 1439.106 7.095 0.495
2026-04-02 2626 1451.819 12.713 0.883
2026-04-03 2628 1442.763 -9.056 -0.624
2026-04-04 2628 1442.763 0 0
2026-04-05 2628 1442.763 0 0
2026-04-06 2632 1442.763 0 0
2026-04-07 2634 1441.597 -1.166 -0.081
2026-04-08 2663 1441.597 0 0
2026-04-09 2651 1460.648 19.051 1.322
2026-04-10 2661 1459.453 -1.195 -0.082
2026-04-11 2653 1464.931 5.478 0.375
2026-04-12 2653 1464.931 0 0
2026-04-13 2651 1464.931 0 0
2026-04-14 2662 1462.701 -2.23 -0.152
2026-04-15 2659 1474.965 12.264 0.838
2026-04-16 2671 1473.572 -1.393 -0.094
2026-04-17 2676 1470.277 -3.295 -0.224
2026-04-18 2674 1475.487 5.21 0.354
2026-04-19 2674 1475.487 0 0
2026-04-20 2681 1475.487 0 0
2026-04-21 2684 1470.277 -5.21 -0.353
2026-04-22 2687 1467.858 -2.419 -0.165
2026-04-23 2680 1463.558 -4.3 -0.293
2026-04-24 2679 1462.701 -0.857 -0.059
2026-04-25 2674 1462.016 -0.685 -0.047
2026-04-26 2674 1462.016 0 0
2026-04-27 2684 1462.016 0 0
2026-04-28 2677 1465.79 3.774 0.258
2026-04-29 2684 1461.502 -4.288 -0.293
2026-04-30 2680 1461.331 -0.171 -0.012
2026-05-01 2678 1465.103 3.772 0.258
2026-05-02 2678 1469.758 4.655 0.318
2026-05-04 2678 1469.758 0 0
2026-05-05 2703 1462.358 -7.4 -0.503
2026-05-06 2709 1462.358 0 0
2026-05-07 2712 1468.375 6.017 0.411
2026-05-08 2722 1470.969 2.594 0.177
2026-05-09 2721 1470.623 -0.346 -0.024
2026-05-10 2721 1470.623 0 0
2026-05-11 2719 1470.623 0 0
2026-05-12 2715 1471.316 0.693 0.047
2026-05-13 2713 1465.79 -5.526 -0.376
2026-05-14 2706 1462.358 -3.432 -0.234
2026-05-15 2699 1458.771 -3.587 -0.245
2026-05-16 2699 1452.663 -6.108 -0.419
2026-05-17 2699 1452.663 0 0
2026-05-18 2694 1452.663 0 0
2026-05-19 2696 1454.016 1.353 0.093
2026-05-20 2701 1448.452 -5.564 -0.383
2026-05-21 2698 1451.313 2.861 0.198
2026-05-22 2700 1451.313 0 0
2026-05-23 2704 1448.62 -2.693 -0.186
2026-05-24 2704 1448.62 0 0
2026-05-26 2710 1448.62 0 0
2026-05-27 2697 1451.819 3.199 0.221
2026-05-28 2697 1452.157 0.338 0.023
2026-05-29 2686 1454.694 2.537 0.175
2026-05-31 2686 1457.58 2.886 0.198
2026-06-01 2688 1457.58 0 0
2026-06-02 2692 1450.976 -6.604 -0.453
2026-06-03 2690 1454.355 3.379 0.233
2026-06-04 2689 1450.302 -4.053 -0.279
2026-06-05 2679 1452.663 2.361 0.163
2026-06-06 2683 1443.764 -8.899 -0.613
2026-06-07 2683 1443.764 0 0
2026-06-08 2672 1443.764 0 0
2026-06-09 2676 1441.597 -2.167 -0.15
2026-06-10 2671 1444.098 2.501 0.173
2026-06-11 2672 1442.93 -1.168 -0.081
2026-06-12 2685 1438.609 -4.321 -0.299
2026-06-13 2683 1445.602 6.993 0.486
2026-06-15 2697 1445.602 0 0
2026-06-16 2702 1449.797 4.195 0.29
2026-06-17 2700 1449.797 0 0
2026-06-18 2700 1447.445 -2.352 -0.162
2026-06-19 2708 1434.643 -12.802 -0.884
2026-06-20 2708 1434.643 0 0
2026-06-21 2708 1434.643 0 0
2026-06-23 2706 1429.552 -5.091 -0.355
2026-06-24 2714 1421.742 -7.81 -0.546
2026-06-25 2722 1416.421 -5.321 -0.374
2026-06-26 2709 1420.933 4.512 0.319
2026-06-27 2707 1423.2 2.267 0.16
2026-06-28 2707 1423.2 0 0
2026-06-29 2716 1423.2 0 0
2026-06-30 2710 1426.613 3.413 0.24
2026-07-01 2714 1427.918 1.305 0.091
2026-07-02 2724 1423.037 -4.881 -0.342
2026-07-03 2722 1429.225 6.188 0.435
2026-07-04 2722 1429.225 0 0
2026-07-05 2722 1429.225 0 0
2026-07-06 2725 1429.225 0 0
2026-07-07 2718 1426.125 -3.1 -0.217
2026-07-08 2703 1428.081 1.956 0.137
2026-07-09 2713 1424.661 -3.42 -0.239
2026-07-10 2717 1427.918 3.257 0.229
2026-07-11 2720 1426.776 -1.142 -0.08
2026-07-12 2720 1426.776 0 0
2026-07-13 2711 1426.776 0 0
2026-07-14 2713 1424.498 -2.278 -0.16
2026-07-15 2724 1429.389 4.891 0.343
2026-07-16 2717 1428.408 -0.981 -0.069
2026-07-17 2694 1429.225 0.817 0.057
2026-07-18 2694 1428.898 -0.327 -0.023
2026-07-19 2693 1428.898 0 0
2026-07-20 2694 1428.898 0 0
2026-07-21 2712 1424.661 -4.237 -0.297
2026-07-22 2699 1424.498 -0.163 -0.011
2026-07-23 2698 1425.148 0.65 0.046
2026-07-24 2697 1420.287 -4.861 -0.341
2026-07-25 2697 1421.256 0.969 0.068
2026-07-26 2697 1421.256 0 0
2026-07-27 2716 1421.256 0 0
2026-07-28 2714 1420.287 -0.969 -0.068
2026-07-29 2710 1422.065 1.778 0.125
2026-07-30 2703 1421.58 -0.485 -0.034
2026-07-31 2704 1436.788 15.208 1.07
2026-08-01 2704 1437.119 0.331 0.023
2026-08-02 2704 1437.119 0 0
2026-08-03 2712 1437.119 0 0
2026-08-04 2717 1438.112 0.993 0.069
2026-08-05 2716 1439.272 1.16 0.081
2026-08-06 2722 1442.93 3.658 0.254
2026-08-07 2727 1440.766 -2.164 -0.15
2026-08-08 2726 1443.096 2.33 0.162
2026-08-09 2726 1443.096 0 0
2026-08-10 2727 1443.096 0 0
2026-08-11 2726 1443.096 0 0
2026-08-12 2726 1441.597 -1.499 -0.104
2026-08-13 2723 1441.597 0 0
2026-08-15 2722 1446.439 4.842 0.336
2026-08-16 2722 1446.439 0 0
2026-08-17 2725 1446.439 0 0
2026-08-18 2723 1447.277 0.838 0.058
2026-08-19 2717 1446.606 -0.671 -0.046
2026-08-20 2714 1456.73 10.124 0.7
2026-08-21 2719 1459.283 2.553 0.175
2026-08-23 2720 1457.92 -1.363 -0.093
2026-08-24 2713 1457.92 0 0
2026-08-25 2719 1457.07 -0.85 -0.058
2026-08-26 2721 1457.58 0.51 0.035
2026-08-27 2729 1454.524 -3.056 -0.21
2026-08-28 2728 1454.524 0 0
2026-08-29 2731 1451.482 -3.042 -0.209
2026-08-30 2731 1451.482 0 0
2026-08-31 2739 1451.482 0 0
2026-09-01 2734 1451.482 0 0
2026-09-02 2727 1450.807 0 0
