2021-03-31 2342 1014.947 0 0
2021-04-01 2344 1015.768 0.821 0.081
2021-04-02 2345 1014.243 -1.525 -0.15
2021-04-03 2345 1014.243 0 0
2021-04-04 2346 1014.243 0 0
2021-04-05 2344 1014.243 0 0
2021-04-06 2347 1014.327 0.084 0.008
2021-04-07 2355 1003.441 -10.886 -1.073
2021-04-08 2348 1009.576 6.135 0.611
2021-04-09 2711 1015.599 6.023 0.597
2021-04-10 2707 1014.88 -0.719 -0.071
2021-04-11 2708 1014.88 0 0
2021-04-12 2703 1005.68 -9.2 -0.907
2021-04-13  984.213 -21.467 -2.135
2021-04-16  997.088 12.875 1.308
2021-04-20 2691 1029.459 32.371 3.247
2021-04-21 2696 1028.107 -1.352 -0.131
2021-04-22 2709 1015.572 -12.535 -1.219
2021-04-23 2718 1013.596 -1.976 -0.195
2021-04-24 2718 1013.596 0 0
2021-04-25 2721 1013.134 -0.462 -0.046
2021-04-26 2699 1031.577 18.443 1.82
2021-04-27 2704 1029.052 -2.525 -0.245
2021-04-28 2717 1016.467 -12.585 -1.223
2021-04-29 2714 1016.412 -0.055 -0.005
2021-04-30 2696 1023.718 7.306 0.719
2021-05-01 2695 1022.758 -0.96 -0.094
2021-05-02 2694 1022.758 0 0
2021-05-03 2702 1016.615 -6.143 -0.601
2021-05-04 2691 1022.826 6.211 0.611
2021-05-05 2684 1025.659 2.833 0.277
2021-05-06 2695 1019.231 -6.428 -0.627
2021-05-07 2647 1065.33 46.099 4.523
2021-05-08 2649 1066.67 1.34 0.126
2021-05-09 2649 1066.67 0 0
2021-05-10 2638 1072.812 6.142 0.576
2021-05-11 2685 1029.816 -42.996 -4.008
2021-05-12 2693 1016.541 -13.275 -1.289
2021-05-13  994.229 -22.312 -2.195
2021-05-26 2677 1031.104 36.875 3.709
2021-05-27 2688 1029.129 -1.975 -0.192
2021-05-28  883.252 -145.877 -14.175
2026-02-05  981.905 98.653 11.169
2026-02-10 3177 1012.701 30.796 3.136
2026-02-11 3165 1025.229 12.528 1.237
2026-02-12 3145 1031.577 6.348 0.619
2026-02-13 3182 1001.782 -29.795 -2.888
2026-02-14 3187 1000.951 -0.831 -0.083
2026-02-15 3187 1000.951 0 0
2026-02-16 3162 1022.309 21.358 2.134
2026-02-17 3162 1022.309 0 0
2026-02-18 3166 1022.704 0.395 0.039
2026-02-19 3027 1116.723 94.019 9.193
2026-02-20 3015 1123.604 6.881 0.616
2026-02-21 3019 1123.436 -0.168 -0.015
2026-02-22 3018 1123.436 0 0
2026-02-23 3019 1125.15 1.714 0.153
2026-02-24 3008 1133.369 8.219 0.73
2026-02-25 3016 1128.705 -4.664 -0.412
2026-02-26 3036 1110.733 -17.972 -1.592
2026-02-27 3035 1118.2 7.467 0.672
2026-02-28 3039 1117.786 -0.414 -0.037
2026-03-01 3032 1117.786 0 0
2026-03-02 3019 1119.499 1.713 0.153
2026-03-03 3038 1085.867 -33.632 -3.004
2026-03-04 3036 1075.523 -10.344 -0.953
2026-03-05 3037 1078.683 3.16 0.294
2026-03-06 3041 1075.519 -3.164 -0.293
2026-03-07 3041 1075.198 -0.321 -0.03
2026-03-08 3040 1075.198 0 0
2026-03-09 3088 1035.8 -39.398 -3.664
2026-03-10 3300 1050.8 15 1.448
2026-03-11 3310 1039.944 -10.856 -1.033
2026-03-12 3307 1039.881 -0.063 -0.006
2026-03-13 3329 1025.805 -14.076 -1.354
2026-03-14 3323 1024.861 -0.944 -0.092
2026-03-15 3323 1024.861 0 0
2026-03-16 3329 1018.013 -6.848 -0.668
2026-03-17 3335 1011.01 -7.003 -0.688
2026-03-18 3334 1016.144 5.134 0.508
2026-03-19  995.801 -20.343 -2.002
2026-03-28 3247 1054.887 59.086 5.934
2026-03-29 3247 1054.887 0 0
2026-03-30 3253 1048.044 -6.843 -0.649
2026-03-31 3266 1040.737 -7.307 -0.697
2026-04-01 3229 1072.959 32.222 3.096
2026-04-02 3212 1081.285 8.326 0.776
2026-04-03 3215 1080.605 -0.68 -0.063
2026-04-04 3215 1080.605 0 0
2026-04-05 3215 1080.605 0 0
2026-04-06 3217 1080.605 0 0
2026-04-07 3216 1080.648 0.043 0.004
2026-04-08 3215 1094.326 13.678 1.266
2026-04-09 3225 1095.535 1.209 0.11
2026-04-10 3198 1111.805 16.27 1.485
2026-04-11 3199 1112.323 0.518 0.047
2026-04-12 3199 1112.323 0 0
2026-04-13 3208 1108.901 -3.422 -0.308
2026-04-14 3229 1105.327 -3.574 -0.322
2026-04-15 3256 1097.431 -7.896 -0.714
2026-04-16 3267 1093.724 -3.707 -0.338
2026-04-17 3270 1091.23 -2.494 -0.228
2026-04-18 3271 1090.537 -0.693 -0.064
2026-04-19 3271 1090.537 0 0
2026-04-20 3280 1088.826 -1.711 -0.157
2026-04-21 3278 1088.949 0.123 0.011
2026-04-22 3256 1099.46 10.511 0.965
2026-04-23 3250 1097.221 -2.239 -0.204
2026-04-24 3246 1093.457 -3.764 -0.343
2026-04-25 3245 1093.238 -0.219 -0.02
2026-04-26 3245 1093.238 0 0
2026-04-27 3254 1089.818 -3.42 -0.313
2026-04-28 3246 1094.904 5.086 0.467
2026-04-29 3218 1101.51 6.606 0.603
2026-04-30 3227 1099.824 -1.686 -0.153
2026-05-01 3228 1100.158 0.334 0.03
2026-05-02 3233 1099.984 -0.174 -0.016
2026-05-04 3242 1096.564 -3.42 -0.311
2026-05-05 3226 1110.487 13.923 1.27
2026-05-06 3219 1113.908 3.421 0.308
2026-05-07 3248 1109.197 -4.711 -0.423
2026-05-08 3261 1103.296 -5.901 -0.532
2026-05-09 3259 1103.515 0.219 0.02
2026-05-10 3259 1103.515 0 0
<<<<<<< HEAD
2026-05-11 3230 1122.341 18.826 1.706
2026-05-12 3234 1108.896 -13.445 -1.198
2026-05-13 3232 1110.654 1.758 0.159
2026-05-14 3254 1096.86 -13.794 -1.242
2026-05-15 3266 1088.267 -8.593 -0.783
2026-05-16 3262 1087.874 -0.393 -0.036
2026-05-17 3262 1087.874 0 0
2026-05-18 3299 1063.916 -23.958 -2.202
2026-05-19 3303 1060.618 -3.298 -0.31
2026-05-20 3311 1055.079 -5.539 -0.522
2026-05-21 3315 1054.998 -0.081 -0.008
2026-05-22 3324 1048.156 -6.842 -0.649
2026-05-23 3326 1048.332 0.176 0.017
2026-05-24 3326 1048.332 0 0
2026-05-26 3330 1046.622 -1.71 -0.163
2026-05-27 3333 1039.921 -6.701 -0.64
2026-05-28 3357 1023.29 -16.631 -1.599
2026-05-29 3335 1033.476 10.186 0.995
2026-05-31 3339 1033.653 0.177 0.017
2026-06-01 3374 1008.008 -25.645 -2.481
2026-06-02 3352 1021.796 13.788 1.368
2026-06-03 3351 1016.823 -4.973 -0.487
2026-06-04 3355 1009.575 -7.248 -0.713
2026-06-05  990.863 -18.712 -1.853
2026-06-09 3324 1017.775 26.912 2.716
2026-06-10 3342 1004.548 -13.227 -1.3
2026-06-11  997.457 -7.091 -0.706
2026-06-13 3348 1010.109 12.652 1.268
2026-06-15 3325 1030.628 20.519 2.031
2026-06-16 3349 1015.496 -15.132 -1.468
2026-06-17 3352 1008.751 -6.745 -0.664
2026-06-18  984.686 -24.065 -2.386
2026-07-07 3320 1028.845 44.159 4.485
2026-07-08 3327 1016.81 -12.035 -1.17
2026-07-09 3332 1015.241 -1.569 -0.154
2026-07-10 3343 1013.999 -1.242 -0.122
2026-07-11 3350 1014.229 0.23 0.023
2026-07-12 3350 1014.229 0 0
2026-07-13 3351 1005.684 -8.545 -0.843
2026-07-14 3343 1009.2 3.516 0.35
2026-07-15 3342 1017.882 8.682 0.86
2026-07-16 3333 1023.148 5.266 0.517
2026-07-17 3324 1021.503 -1.645 -0.161
2026-07-18 3323 1021.089 -0.414 -0.041
2026-07-19 3322 1021.089 0 0
2026-07-20 3290 1038.179 17.09 1.674
2026-07-21 3260 1065.87 27.691 2.667
2026-07-22 3256 1060.654 -5.216 -0.489
2026-07-23 3240 1072.475 11.821 1.115
2026-07-24 3245 1063.961 -8.514 -0.794
2026-07-25 3244 1063.75 -0.211 -0.02
2026-07-26 3244 1063.75 0 0
2026-07-27 3271 1056.916 -6.834 -0.642
2026-07-28 3272 1053.715 -3.201 -0.303
2026-07-29 3256 1065.755 12.04 1.143
2026-07-30 3266 1055.409 -10.346 -0.971
2026-07-31 3263 1067.604 12.195 1.155
2026-08-01 3266 1068.154 0.55 0.052
2026-08-02 3266 1068.154 0 0
2026-08-03 3259 1077.552 9.398 0.88
2026-08-04 3291 1066.141 -11.411 -1.059
2026-08-05 3286 1071.187 5.046 0.473
2026-08-06 3290 1065.27 -5.917 -0.552
2026-08-07 3306 1056.594 -8.676 -0.814
2026-08-08 3306 1056.569 -0.025 -0.002
2026-08-09 3306 1056.569 0 0
2026-08-10 3309 1055.715 -0.854 -0.081
2026-08-11 3319 1047.176 -8.539 -0.809
2026-08-12 3319 1050.631 3.455 0.33
2026-08-13 3329 1039.483 -11.148 -1.061
=======
2026-05-11 3238 1115.495 0 0
2026-05-12 3227 1120.63 0 0
2026-05-13 3239 1108.896 0 0
2026-05-14 3252 1095.25 0 0
2026-05-15 3272 1088.305 0 0
2026-05-16 3266 1088.267 0 0
2026-05-17 3262 1087.874 0 0
2026-05-18 3293 1063.916 0 0
2026-05-19 3312 1050.226 0 0
2026-05-20 3310 1048.641 0 0
2026-05-21 3303 1061.921 0 0
2026-05-22 3318 1051.577 0 0
2026-05-23 3324 1048.156 0 0
2026-05-24 3326 1048.332 0 0
2026-05-25 3330 1048.332 0 0
2026-05-26 3322 1051.752 0 0
2026-05-27 3335 1038.071 0 0
2026-05-28 3356 1024.533 0 0
2026-05-29 3339 1035.263 0 0
2026-05-30 3335 1033.476 0 0
2026-05-31 3339 1033.653 0 0
2026-06-01 3382 1004.589 0 0
2026-06-02 3368 1009.718 0 0
2026-06-03 3352 1018.377 0 0
2026-06-04 3350 1013.403 0 0
2026-06-05 3369 1002.737 0 0
2026-06-06 3380 990.863 0 0
2026-06-10 3339 1002.387 0 0
2026-06-11 3354 992.58 0 0
2026-06-12 3326 1016.264 0 0
2026-06-14 3348 1010.109 0 0
2026-06-16 3332 1022.079 0 0
2026-06-17 3356 1006.945 0 0
2026-06-18 3375 988.226 0 0
2026-06-19 3374 984.686 0 0
2026-07-08 3328 1022.011 0 0
2026-07-09 3317 1016.81 0 0
2026-07-10 3333 1015.241 0 0
2026-07-11 3343 1013.999 0 0
2026-07-12 3350 1014.229 0 0
2026-07-13 3350 1009.102 0 0
2026-07-14 3366 998.848 0 0
2026-07-15 3344 1009.2 0 0
2026-07-16 3332 1026.429 0 0
2026-07-17 3342 1011.183 0 0
2026-07-18 3324 1021.503 0 0
2026-07-19 3324 1021.089 0 0
2026-07-20 3307 1029.634 0 0
2026-07-21 3216 1079.194 0 0
2026-07-22 3254 1069.288 0 0
2026-07-23 3234 1079.45 0 0
2026-07-24 3233 1069.057 0 0
2026-07-25 3245 1063.961 0 0
2026-07-26 3244 1063.75 0 0
2026-07-27 3252 1062.041 0 0
2026-07-28 3272 1048.372 0 0
2026-07-29 3268 1057.132 0 0
2026-07-30 3264 1057.211 0 0
2026-07-31 3264 1063.951 0 0
2026-08-01 3263 1067.604 0 0
2026-08-02 3266 1068.154 0 0
2026-08-03 3265 1072.426 0 0
2026-08-04 3271 1069.863 0 0
2026-08-05 3275 1077.246 0 0
2026-08-06 3300 1063.5 0 0
2026-08-07 3302 1057.583 0 0
2026-08-08 3306 1056.594 0 0
2026-08-09 3306 1056.569 0 0
2026-08-10 3316 1053.153 0 0
2026-08-11 3310 1054.007 0 0
2026-08-12 3320 1047.176 0 0
2026-08-13 3328 1042.947 0 0
2026-08-14 3330 1038.629 0 0
>>>>>>> 2b550085baac25c543016ca743053a87bf115d5d
2026-08-15 3322 1038.629 0 0
2026-08-16 3321 1038.709 0 0
2026-08-17 3322 1038.709 0 0
2026-08-18 3324 1038.709 0 0
2026-08-19 3240 1097.15 0 0
2026-08-20 3261 1081.755 0 0
2026-08-21 3268 1077.143 0 0
2026-08-22 3262 1087.635 0 0
2026-08-24 3264 1088.056 0 0
2026-08-25 3266 1085.492 0 0
2026-08-26 3266 1086.629 0 0
2026-08-27 3268 1095.829 0 0
2026-08-28 3185 1142.926 0 0
2026-08-29 3187 1142.871 0 0
2026-08-30 3186 1142.796 0 0
