2026-03-10 3218 1106.003 0 0
2026-03-11 3195 1124.257 18.254 1.65
2026-03-12 3211 1103.597 -20.66 -1.838
2026-03-13 3227 1089.996 -13.601 -1.232
2026-03-14 3224 1087.537 -2.459 -0.226
2026-03-15 3224 1087.537 0 0
2026-03-16 3245 1078.099 -9.438 -0.868
2026-03-17 3203 1103.698 25.599 2.374
2026-03-18 3157 1136.581 32.883 2.979
2026-03-19 3208 1097.046 -39.535 -3.478
2026-03-20 3178 1106.306 9.26 0.844
2026-03-21 3192 1098.7 -7.606 -0.688
2026-03-22 3192 1098.7 0 0
2026-03-23 3204 1081.02 -17.68 -1.609
2026-03-24 3139 1123.372 42.352 3.918
2026-03-25 3148 1125.844 2.472 0.22
2026-03-27 3138 1127.492 1.648 0.146
2026-03-28 3148 1118.762 -8.73 -0.774
2026-03-29 3148 1118.762 0 0
2026-03-30 3187 1089.731 -29.031 -2.595
2026-03-31 3190 1090.615 0.884 0.081
2026-04-01 3136 1130.708 40.093 3.676
2026-04-02 3176 1102.868 -27.84 -2.462
2026-04-03 3161 1107.802 4.934 0.447
2026-04-04 3161 1107.802 0 0
2026-04-05 3161 1107.802 0 0
2026-04-06 3209 1086.437 -21.365 -1.929
2026-04-07 3217 1078.215 -8.222 -0.757
2026-04-08 3207 1099.532 21.317 1.977
2026-04-09 3183 1119.084 19.552 1.778
2026-04-10 3192 1114.98 -4.104 -0.367
2026-04-11 3195 1115.681 0.701 0.063
2026-04-12 3195 1115.681 0 0
2026-04-13 3223 1101.278 -14.403 -1.291
2026-04-14 3235 1100.976 -0.302 -0.027
2026-04-15 3262 1092.605 -8.371 -0.76
2026-04-16 3231 1112.098 19.493 1.784
2026-04-17 3273 1087.941 -24.157 -2.172
2026-04-18 3264 1097.624 9.683 0.89
2026-04-19 3264 1097.624 0 0
2026-04-20 3260 1099.283 1.659 0.151
2026-04-21 3250 1103.467 4.184 0.381
2026-04-22 3270 1091.23 -12.237 -1.109
2026-04-23 3262 1089.895 -1.335 -0.122
2026-04-24 3244 1094.448 4.553 0.418
2026-04-25 3244 1093.693 -0.755 -0.069
2026-04-26 3244 1093.693 0 0
2026-04-27 3260 1086.715 -6.978 -0.638
2026-04-28 3231 1100.963 14.248 1.311
2026-04-29 3232 1097.585 -3.378 -0.307
2026-04-30 3256 1082.165 -15.42 -1.405
2026-05-01 3193 1119.503 37.338 3.45
2026-05-02 3194 1119.825 0.322 0.029
2026-05-04 3198 1119.825 0 0
2026-05-05 3212 1116.831 -2.994 -0.267
2026-05-06 3213 1116.831 0 0
2026-05-07 3220 1122.404 5.573 0.499
2026-05-08 3239 1117.699 -4.705 -0.419
2026-05-09 3241 1115.023 -2.676 -0.239
2026-05-10 3241 1115.023 0 0
2026-05-11 3266 1099.973 -15.05 -1.35
2026-05-12 3258 1099.848 -0.125 -0.011
2026-05-13 3269 1089.187 -10.661 -0.969
2026-05-14 3284 1079.339 -9.848 -0.904
2026-05-15 3250 1097.302 17.963 1.664
2026-05-16 3252 1094.189 -3.113 -0.284
2026-05-17 3252 1094.189 0 0
2026-05-18 3293 1067.352 -26.837 -2.453
2026-05-19 3285 1075.565 8.213 0.769
2026-05-20 3324 1045.262 -30.303 -2.817
2026-05-21 3327 1046.775 1.513 0.145
2026-05-22 3319 1050.486 3.711 0.355
2026-05-23 3324 1048.637 -1.849 -0.176
2026-05-24 3324 1048.637 0 0
2026-05-26 3334 1043.287 -5.35 -0.51
2026-05-27 3326 1045.2 1.913 0.183
2026-05-28 3315 1053.052 7.852 0.751
2026-05-29 3284 1074.232 21.18 2.011
2026-05-31 3288 1074.468 0.236 0.022
2026-06-01 3303 1060.072 -14.396 -1.34
2026-06-02 3315 1049.076 -10.996 -1.037
2026-06-03 3267 1078.466 29.39 2.802
2026-06-04 3290 1065.712 -12.754 -1.183
2026-06-05 3281 1060.844 -4.868 -0.457
2026-06-06 3279 1059.09 -1.754 -0.165
2026-06-07 3279 1059.09 0 0
2026-06-08 3288 1038.661 -20.429 -1.929
2026-06-09 3296 1034.92 -3.741 -0.36
2026-06-10 3299 1030.554 -4.366 -0.422
2026-06-11 3297 1031.053 0.499 0.048
2026-06-12 3232 1079.094 48.041 4.659
2026-06-13 3239 1081.014 1.92 0.178
2026-06-15 3197 1110.438 29.424 2.722
2026-06-16 3207 1106.939 -3.499 -0.315
2026-06-17 3203 1104.702 -2.237 -0.202
2026-06-18 3209 1100.352 -4.35 -0.394
2026-06-19 3188 1111.754 11.402 1.036
2026-06-20 3188 1111.754 0 0
2026-06-21 3188 1111.754 0 0
2026-06-23 3209 1093.599 -18.155 -1.633
2026-06-24 3228 1078.599 -15 -1.372
2026-06-25 3214 1082.598 3.999 0.371
2026-06-26 3199 1087.553 4.955 0.458
2026-06-27 3201 1087.116 -0.437 -0.04
2026-06-28 3201 1087.116 0 0
2026-06-29 3219 1084.282 -2.834 -0.261
2026-06-30 3220 1084.56 0.278 0.026
2026-07-01 3232 1081.026 -3.534 -0.326
2026-07-02 3205 1099.565 18.539 1.715
2026-07-03 3185 1118.609 19.044 1.732
2026-07-04 3185 1118.609 0 0
2026-07-05 3185 1118.609 0 0
2026-07-06 3178 1128.773 10.164 0.909
2026-07-07 3181 1116.302 -12.471 -1.105
2026-07-08 3182 1109.699 -6.603 -0.592
2026-07-09 3204 1098.077 -11.622 -1.047
2026-07-10 3201 1103.8 5.723 0.521
2026-07-11 3194 1107.552 3.752 0.34
2026-07-12 3194 1107.552 0 0
2026-07-13 3166 1124.951 17.399 1.571
2026-07-14 3167 1126.418 1.467 0.13
2026-07-15 3148 1142.98 16.562 1.47
2026-07-16 3135 1149.455 6.475 0.567
2026-07-17 3135 1133.522 -15.933 -1.386
2026-07-18 3135 1133.766 0.244 0.022
2026-07-19 3134 1133.766 0 0
2026-07-20 3135 1133.766 0 0
2026-07-21 3117 1148.605 14.839 1.309
2026-07-22 3144 1132.405 -16.2 -1.41
2026-07-23 3117 1149.444 17.039 1.505
2026-07-24 3102 1151.613 2.169 0.189
2026-07-25 3102 1152.949 1.336 0.116
2026-07-26 3102 1152.949 0 0
2026-07-27 3080 1173.344 20.395 1.769
2026-07-28 3077 1172.687 -0.657 -0.056
2026-07-29 3031 1200.383 27.696 2.362
2026-07-30 3072 1174.339 -26.044 -2.17
2026-07-31 3018 1214.525 40.186 3.422
2026-08-01 3013 1215.288 0.763 0.063
2026-08-02 3013 1215.288 0 0
2026-08-03 3059 1193.492 -21.796 -1.793
2026-08-04 3013 1222.056 28.564 2.393
2026-08-05 3030 1220.002 -2.054 -0.168
2026-08-06 3016 1226.974 6.972 0.571
2026-08-07 3054 1214.654 -12.32 -1.004
2026-08-08 3056 1216.922 2.268 0.187
2026-08-09 3056 1216.922 0 0
2026-08-10 3074 1206.557 -10.365 -0.852
2026-08-11 3074 1206.557 0 0
2026-08-12 3098 1190.913 -15.644 -1.297
2026-08-13 3086 1195.548 4.635 0.389
2026-08-15 3096 1194.843 -0.705 -0.059
2026-08-16 3096 1194.843 0 0
2026-08-17 3106 1189.079 -5.764 -0.482
2026-08-18 3123 1176.936 -12.143 -1.021
2026-08-19 3185 1133.123 -43.813 -3.723
2026-08-20 3235 1101.497 -31.626 -2.791
2026-08-21 3279 1079.3 -22.197 -2.015
2026-08-23 3280 1077.637 -1.663 -0.154
2026-08-24 3195 1126.655 49.018 4.549
2026-08-25 3197 1128.317 1.662 0.148
2026-08-26 3209 1123.781 -4.536 -0.402
2026-08-27 3227 1115.775 -8.006 -0.712
2026-08-28 3234 1109.759 -6.016 -0.539
2026-08-29 3242 1105.976 -3.783 -0.341
2026-08-30 3242 1105.976 0 0
2026-08-31 3209 1128.504 22.528 2.037
2026-09-01 3202 1134.648 0 0
2026-09-02 3211 1119.864 0 0
2026-09-03 3195 1131.043 0 0
2026-09-04 3207 1126.814 0 0
