2025-11-19 2513 1430.973 0 0
2025-11-20 2587 1369.384 -61.589 -4.304
2025-11-21 2615 1338.008 -31.376 -2.291
2025-11-22 2611 1338.008 0 0
2025-11-23 2611 1338.008 0 0
2025-11-24 2568 1375.581 37.573 2.808
2025-11-25 2673 1296.949 -78.632 -5.716
2025-11-26 2613 1357.763 60.814 4.689
2025-11-27 2614 1357.763 0 0
2025-11-28 2574 1393.787 36.024 2.653
2025-11-29 2575 1393.787 0 0
2025-11-30 2575 1393.787 0 0
2025-12-01 2631 1348.854 -44.933 -3.224
2025-12-02 2622 1356.214 7.36 0.546
2025-12-03 2610 1360.474 4.26 0.314
2025-12-04 2449 1501.471 140.997 10.364
2025-12-05 2451 1500.696 -0.775 -0.052
2025-12-06 2449 1500.696 0 0
2025-12-07 2449 1500.696 0 0
2025-12-08 2374 1568.095 67.399 4.491
2025-12-09 2378 1561.51 -6.585 -0.42
2025-12-10 2421 1529.748 -31.762 -2.034
2025-12-11 2313 1618.839 89.091 5.824
2025-12-12 2359 1584.364 -34.475 -2.13
2025-12-13 2358 1584.364 0 0
2025-12-14 2358 1584.364 0 0
2025-12-15 2494 1465.06 -119.304 -7.53
2025-12-16 2469 1488.688 23.628 1.613
2025-12-17 2528 1434.459 -54.229 -3.643
2025-12-18 2427 1530.135 95.676 6.67
2025-12-19 2309 1625.036 94.901 6.202
2025-12-20 2313 1625.036 0 0
2025-12-21 2312 1625.036 0 0
2025-12-22 2194 1741.242 116.206 7.151
2025-12-23 2211 1720.325 -20.917 -1.201
2025-12-24 2195 1742.404 22.079 1.283
2025-12-25 2200 1742.404 0 0
2025-12-26 2243 1696.309 -46.095 -2.645
2025-12-27 2243 1696.309 0 0
2025-12-28 2243 1696.309 0 0
2025-12-29 2299 1642.854 -53.455 -3.151
2025-12-30 2337 1604.507 -38.347 -2.334
2025-12-31 2393 1571.969 -32.538 -2.028
2026-01-01 2390 1571.969 0 0
2026-01-02 2262 1684.301 112.332 7.146
2026-01-03 2262 1684.301 0 0
2026-01-05 1931 2051.511 367.21 21.802
2026-01-06 1861 2159.583 108.072 5.268
2026-01-07 1901 2108.452 -51.131 -2.368
2026-01-08 1787 2252.16 143.708 6.816
2026-01-09 1799 2239.765 -12.395 -0.55
2026-01-10 1800 2239.765 0 0
2026-01-11 1800 2239.765 0 0
2026-01-12 1976 2013.163 -226.602 -10.117
2026-01-13 1852 2170.041 156.878 7.793
2026-01-14 1866 2152.223 -17.818 -0.821
2026-01-15 1631 2506.263 354.04 16.45
2026-01-16 1438 2852.944 346.681 13.833
2026-01-17 1436 2852.944 0 0
2026-01-18 1435 2852.944 0 0
2026-01-19 1431 2852.944 0 0
2026-01-20 1472 2770.438 -82.506 -2.892
2026-01-21 1527 2652.295 -118.143 -4.264
2026-01-22 1626 2503.164 -149.131 -5.623
2026-01-23 1686 2422.982 -80.182 -3.203
2026-01-24 1686 2422.982 0 0
2026-01-25 1686 2422.982 0 0
2026-01-26 1663 2460.943 37.961 1.567
2026-01-27 1688 2421.82 -39.123 -1.59
2026-01-28 1571 2620.726 198.906 8.213
2026-01-29 1758 2332.342 -288.384 -11.004
2026-01-30 1859 2193.282 -139.06 -5.962
2026-01-31 1860 2193.282 0 0
2026-02-01 1859 2193.282 0 0
2026-02-02 1977 2016.262 -177.02 -8.071
2026-02-03 2259 1715.289 -300.973 -14.927
2026-02-04 2331 1653.7 -61.589 -3.591
2026-02-05 2468 1537.107 -116.593 -7.05
2026-02-06 2395 1588.625 51.518 3.352
2026-02-07 2397 1588.625 0 0
2026-02-08 2396 1588.625 0 0
2026-02-09 2461 1557.25 -31.375 -1.975
2026-02-10 2544 1495.661 -61.589 -3.955
2026-02-11 2691 1361.637 -134.024 -8.961
2026-02-12 2751 1309.925 -51.712 -3.798
2026-02-13 2687 1356.988 47.063 3.593
2026-02-14 2685 1356.988 0 0
2026-02-15 2685 1356.988 0 0
2026-02-16 2692 1356.988 0 0
2026-02-17 2624 1419.739 62.751 4.624
2026-02-18 2679 1365.123 -54.616 -3.847
2026-02-19 2807 1265.573 -99.55 -7.292
2026-02-20 3025 1117.992 -147.581 -11.661
2026-02-21 3028 1117.992 0 0
2026-02-22 3027 1117.992 0 0
2026-02-23 2961 1160.407 42.415 3.794
2026-02-24 2997 1142.395 -18.012 -1.552
2026-02-25 2735 1332.585 190.19 16.648
2026-02-26 2764 1308.569 -24.016 -1.802
2026-02-27  969.248 -339.321 -25.931
2026-03-03 3032 1092.814 123.566 12.749
2026-03-04 2922 1171.059 78.245 7.16
2026-03-05 2867 1210.182 39.123 3.341
2026-03-06 2926 1170.672 -39.51 -3.265
2026-03-07 2926 1170.672 0 0
2026-03-08 2926 1170.672 0 0
2026-03-09 2796 1254.34 83.668 7.147
2026-03-10 2585 1523.55 269.21 21.462
2026-03-11 2668 1465.06 -58.49 -3.839
2026-03-12 2764 1389.913 -75.147 -5.129
2026-03-13 2808 1348.467 -41.446 -2.982
2026-03-14 2803 1348.467 0 0
2026-03-15 2803 1348.467 0 0
2026-03-16 2783 1363.573 15.106 1.12
2026-03-17 2832 1322.514 -41.059 -3.011
2026-03-18 2885 1294.625 -27.889 -2.109
2026-03-19 2895 1271.383 -23.242 -1.795
2026-03-20 2820 1318.253 46.87 3.687
2026-03-21 2818 1318.253 0 0
2026-03-22 2818 1318.253 0 0
2026-03-23 2867 1276.419 -41.834 -3.173
2026-03-24 2873 1277.968 1.549 0.121
2026-03-25 3015 1198.948 -79.02 -6.183
2026-03-27 3030 1190.814 -8.134 -0.678
2026-03-28 3021 1190.814 0 0
2026-03-29 3021 1190.814 0 0
2026-03-30 3032 1179.581 -11.233 -0.943
2026-03-31 2826 1305.083 125.502 10.64
2026-04-01 2910 1264.024 -41.059 -3.146
2026-04-02 2798 1326.775 62.751 4.964
2026-04-03 2792 1326.775 0 0
2026-04-04 2792 1326.775 0 0
2026-04-05 2792 1326.775 0 0
2026-04-06 2934 1241.17 -85.605 -6.452
2026-04-07 3038 1181.905 -59.265 -4.775
2026-04-08 2836 1320.19 138.285 11.7
2026-04-09 2921 1269.834 -50.356 -3.814
2026-04-10 2861 1310.119 40.285 3.172
2026-04-11 2859 1310.119 0 0
2026-04-12 2859 1310.119 0 0
2026-04-13 2768 1383.328 73.209 5.588
2026-04-14 2809 1352.34 -30.988 -2.24
2026-04-15 2804 1369.771 17.431 1.289
2026-04-16 2807 1374.032 4.261 0.311
2026-04-17 2759 1410.443 36.411 2.65
2026-04-18 2759 1410.443 0 0
2026-04-19 2759 1410.443 0 0
2026-04-20 2786 1396.111 -14.332 -1.016
2026-04-21 2861 1345.755 -50.356 -3.607
2026-04-22 2818 1371.708 25.953 1.929
2026-04-23 2998 1238.071 -133.637 -9.742
2026-04-24 2997 1235.36 -2.711 -0.219
2026-04-25 2994 1235.36 0 0
2026-04-26 2994 1235.36 0 0
2026-04-27 2951 1264.798 29.438 2.383
2026-04-28 2868 1320.965 56.167 4.441
2026-04-29 2939 1278.743 -42.222 -3.196
2026-04-30 2830 1349.629 70.886 5.543
2026-05-01 2766 1401.921 52.292 3.875
2026-05-02 2767 1401.921 0 0
2026-05-04 2790 1386.04 -15.881 -1.133
2026-05-05 2730 1434.846 48.806 3.521
2026-05-06 2710 1461.961 27.115 1.89
2026-05-07 2743 1442.981 -18.98 -1.298
2026-05-08 2743 1447.629 4.648 0.322
2026-05-09 2742 1447.629 0 0
2026-05-10 2742 1447.629 0 0
<<<<<<< HEAD
2026-05-11 2684 1499.534 51.905 3.586
2026-05-12 2625 1520.064 20.53 1.369
2026-05-13 2564 1559.186 39.122 2.574
2026-05-14 2449 1664.159 104.973 6.733
2026-05-15 2441 1666.483 2.324 0.14
2026-05-16 2442 1666.483 0 0
2026-05-17 2442 1666.483 0 0
2026-05-18 2658 1484.427 -182.056 -10.925
2026-05-19 2774 1393.399 -91.028 -6.132
2026-05-20 2758 1399.984 6.585 0.473
2026-05-21 2758 1399.984 0 0
2026-05-22 2909 1305.083 -94.901 -6.779
2026-05-23 2915 1305.083 0 0
2026-05-24 2915 1305.083 0 0
2026-05-26 2833 1354.277 49.194 3.769
2026-05-27 2902 1310.506 -43.771 -3.232
2026-05-28 2843 1335.297 24.791 1.892
2026-05-29 2817 1359.312 24.015 1.798
2026-05-31 2817 1359.312 0 0
2026-06-01 2941 1284.166 -75.146 -5.528
2026-06-02 2999 1233.035 -51.131 -3.982
2026-06-03 3079 1190.039 -42.996 -3.487
2026-06-04 3051 1203.209 13.17 1.107
2026-06-05 3229 1093.589 -109.62 -9.111
2026-06-06 3224 1093.589 0 0
2026-06-07 3224 1093.589 0 0
2026-06-08 3253 1069.185 -24.404 -2.232
2026-06-09 3224 1085.454 16.269 1.522
2026-06-10 3226 1077.32 -8.134 -0.749
2026-06-11 3220 1080.419 3.099 0.288
2026-06-12 3243 1071.897 -8.522 -0.789
2026-06-13 3251 1071.897 0 0
2026-06-15 3195 1112.956 41.059 3.83
2026-06-16 3162 1138.521 25.565 2.297
2026-06-17 3293 1051.367 -87.154 -7.655
2026-06-18 3227 1095.913 44.546 4.237
2026-06-19 3215 1095.913 0 0
2026-06-20 3215 1095.913 0 0
2026-06-21 3215 1095.913 0 0
2026-06-23 3242 1073.834 -22.079 -2.015
2026-06-24 3269 1051.367 -22.467 -2.092
2026-06-25 3292 1032.387 -18.98 -1.805
2026-06-26 3295 1030.45 -1.937 -0.188
2026-06-27 3297 1030.45 0 0
2026-06-28 3297 1030.45 0 0
2026-06-29 3286 1038.585 8.135 0.789
2026-06-30 3073 1179.581 140.996 13.576
2026-07-01 2957 1255.502 75.921 6.436
2026-07-02 2885 1303.534 48.032 3.826
2026-07-03 2896 1303.534 0 0
2026-07-04 2896 1303.534 0 0
2026-07-05 2896 1303.534 0 0
2026-07-06 2861 1322.901 19.367 1.486
2026-07-07 3060 1192.557 -130.344 -9.853
2026-07-08 3085 1177.257 -15.3 -1.283
2026-07-09 2930 1260.15 82.893 7.041
2026-07-10 3006 1221.802 -38.348 -3.043
2026-07-11 3009 1221.802 0 0
2026-07-12 3009 1221.802 0 0
2026-07-13 3130 1142.008 -79.794 -6.531
2026-07-14 3124 1150.529 8.521 0.746
2026-07-15 3069 1188.103 37.574 3.266
2026-07-16 3069 1185.778 -2.325 -0.196
2026-07-17 3162 1112.182 -73.596 -6.207
2026-07-18 3161 1112.182 0 0
2026-07-19 3160 1112.182 0 0
2026-07-20 3087 1168.348 56.166 5.05
2026-07-21 3018 1209.794 41.446 3.547
2026-07-22 3114 1153.628 -56.166 -4.643
2026-07-23 3160 1122.64 -30.988 -2.686
2026-07-24 3254 1058.727 -63.913 -5.693
2026-07-25 3253 1058.727 0 0
2026-07-26 3253 1058.727 0 0
2026-07-27 3174 1106.759 48.032 4.537
2026-07-28 3265 1057.177 -49.582 -4.48
2026-07-29  957.241 -99.936 -9.453
2026-08-04 3296 1060.664 103.423 10.804
2026-08-05 3230 1102.885 42.221 3.981
2026-08-06 3246 1097.849 -5.036 -0.457
2026-08-07 3246 1098.624 0.775 0.071
2026-08-08 3248 1098.624 0 0
2026-08-09 3248 1098.624 0 0
2026-08-10 3237 1106.371 7.747 0.705
2026-08-11 3292 1068.411 -37.96 -3.431
2026-08-12 3121 1178.419 110.008 10.296
2026-08-13 3030 1224.901 46.482 3.944
=======
2026-05-11 2744 1447.629 0 0
2026-05-12 2677 1499.534 0 0
2026-05-13 2617 1520.064 0 0
2026-05-14 2561 1559.186 0 0
2026-05-15 2456 1664.159 0 0
2026-05-16 2441 1666.483 0 0
2026-05-17 2442 1666.483 0 0
2026-05-18 2436 1666.483 0 0
2026-05-19 2657 1484.427 0 0
2026-05-20 2766 1393.399 0 0
2026-05-21 2766 1399.984 0 0
2026-05-22 2875 1321.739 0 0
2026-05-23 2909 1305.083 0 0
2026-05-24 2915 1305.083 0 0
2026-05-25 2914 1305.083 0 0
2026-05-26 2908 1305.083 0 0
2026-05-27 2826 1354.277 0 0
2026-05-28 2890 1310.506 0 0
2026-05-29 2844 1335.297 0 0
2026-05-30 2817 1359.312 0 0
2026-05-31 2817 1359.312 0 0
2026-06-01 2822 1359.312 0 0
2026-06-02 2936 1284.166 0 0
2026-06-03 3001 1233.035 0 0
2026-06-04 3073 1190.039 0 0
2026-06-05 3046 1203.209 0 0
2026-06-06 3229 1093.589 0 0
2026-06-07 3224 1093.589 0 0
2026-06-09 3254 1069.185 0 0
2026-06-10 3218 1085.454 0 0
2026-06-11 3224 1077.32 0 0
2026-06-12 3228 1080.419 0 0
2026-06-13 3243 1071.897 0 0
2026-06-14 3251 1071.897 0 0
2026-06-16 3188 1112.956 0 0
2026-06-17 3156 1138.521 0 0
2026-06-18 3291 1051.367 0 0
2026-06-19 3223 1095.913 0 0
2026-06-20 3215 1095.913 0 0
2026-06-21 3215 1095.913 0 0
2026-06-22 3210 1095.913 0 0
2026-06-23 3176 1116.83 0 0
2026-06-24 3239 1073.834 0 0
2026-06-25 3269 1051.367 0 0
2026-06-26 3285 1032.387 0 0
2026-06-27 3295 1030.45 0 0
2026-06-28 3297 1030.45 0 0
2026-06-29 3294 1030.45 0 0
2026-06-30 3289 1038.585 0 0
2026-07-01 3077 1179.581 0 0
2026-07-02 2962 1255.502 0 0
2026-07-03 2888 1303.534 0 0
2026-07-04 2896 1303.534 0 0
2026-07-05 2896 1303.534 0 0
2026-07-06 2894 1303.534 0 0
2026-07-07 2860 1322.901 0 0
2026-07-08 3056 1192.557 0 0
2026-07-09 3075 1177.257 0 0
2026-07-10 2947 1260.15 0 0
2026-07-11 3006 1221.802 0 0
2026-07-12 3009 1221.802 0 0
2026-07-13 2997 1221.802 0 0
2026-07-14 3126 1142.008 0 0
2026-07-15 3131 1150.529 0 0
2026-07-16 3072 1188.103 0 0
2026-07-17 3064 1185.778 0 0
2026-07-18 3162 1112.182 0 0
2026-07-19 3161 1112.182 0 0
2026-07-20 3163 1112.182 0 0
2026-07-21 3092 1168.348 0 0
2026-07-22 3017 1209.794 0 0
2026-07-23 3118 1153.628 0 0
2026-07-24 3155 1122.64 0 0
2026-07-25 3254 1058.727 0 0
2026-07-26 3253 1058.727 0 0
2026-07-27 3260 1058.727 0 0
2026-07-28 3170 1106.759 0 0
2026-07-29 3267 1057.177 0 0
2026-07-30 3369 957.241 0 0
2026-08-05 3296 1060.664 0 0
2026-08-06 3229 1102.885 0 0
2026-08-07 3242 1097.849 0 0
2026-08-08 3246 1098.624 0 0
2026-08-09 3248 1098.624 0 0
2026-08-10 3250 1098.624 0 0
2026-08-11 3237 1106.371 0 0
2026-08-12 3293 1068.411 0 0
2026-08-13 3121 1178.419 0 0
2026-08-14 3032 1224.901 0 0
>>>>>>> 2b550085baac25c543016ca743053a87bf115d5d
2026-08-15 3071 1207.47 0 0
2026-08-16 3072 1207.47 0 0
2026-08-17 3071 1207.47 0 0
2026-08-18 2828 1375.0 0 0
2026-08-19 2839 1365.897 0 0
2026-08-20 2753 1417.415 0 0
2026-08-21 2812 1386.814 0 0
2026-08-22 2661 1504.57 0 0
