2026-03-10 2847 1327.035 0 0
2026-03-11 2841 1333.217 6.182 0.466
2026-03-12 2847 1323.965 -9.252 -0.694
2026-03-13 2847 1318.931 -5.034 -0.38
2026-03-14 2856 1310.025 -8.906 -0.675
2026-03-15 2856 1310.025 0 0
2026-03-16 2853 1310.025 0 0
2026-03-17 2847 1314.689 4.664 0.356
2026-03-18 2841 1314.689 0 0
2026-03-19 2825 1317.868 3.179 0.242
2026-03-20 2821 1318.02 0.152 0.012
2026-03-21 2813 1321.519 3.499 0.265
2026-03-22 2813 1321.519 0 0
2026-03-23 2795 1321.519 0 0
2026-03-24 2789 1326.266 4.747 0.359
2026-03-25 2804 1325.344 -0.922 -0.07
2026-03-27 2785 1325.344 0 0
2026-03-28 2793 1318.779 -6.565 -0.495
2026-03-29 2793 1318.779 0 0
2026-03-30 2798 1318.779 0 0
2026-03-31 2811 1312.428 -6.351 -0.482
2026-04-01 2818 1318.931 6.503 0.495
2026-04-02 2790 1330.582 11.651 0.883
2026-04-03 2807 1322.283 -8.299 -0.624
2026-04-04 2807 1322.283 0 0
2026-04-05 2807 1322.283 0 0
2026-04-06 2805 1322.283 0 0
2026-04-07 2804 1321.214 -1.069 -0.081
2026-04-08 2831 1321.214 0 0
2026-04-09 2810 1338.674 17.46 1.322
2026-04-10 2812 1337.579 -1.095 -0.082
2026-04-11 2810 1342.599 5.02 0.375
2026-04-12 2810 1342.599 0 0
2026-04-13 2819 1342.599 0 0
2026-04-14 2827 1340.555 -2.044 -0.152
2026-04-15 2823 1351.795 11.24 0.838
2026-04-16 2835 1350.519 -1.276 -0.094
2026-04-17 2846 1347.499 -3.02 -0.224
2026-04-18 2841 1352.274 4.775 0.354
2026-04-19 2841 1352.274 0 0
2026-04-20 2842 1352.274 0 0
2026-04-21 2860 1347.499 -4.775 -0.353
2026-04-22 2855 1345.281 -2.218 -0.165
2026-04-23 2842 1341.341 -3.94 -0.293
2026-04-24 2835 1340.555 -0.786 -0.059
2026-04-25 2836 1339.927 -0.628 -0.047
2026-04-26 2836 1339.927 0 0
2026-04-27 2843 1339.927 0 0
2026-04-28 2836 1343.387 3.46 0.258
2026-04-29 2839 1339.457 -3.93 -0.293
2026-04-30 2846 1339.3 -0.157 -0.012
2026-05-01 2846 1342.757 3.457 0.258
2026-05-02 2844 1347.023 4.266 0.318
2026-05-04 2846 1347.023 0 0
2026-05-05 2858 1340.241 -6.782 -0.503
2026-05-06 2860 1340.241 0 0
2026-05-07 2863 1345.756 5.515 0.411
2026-05-08 2862 1348.133 2.377 0.177
2026-05-09 2863 1347.816 -0.317 -0.024
2026-05-10 2863 1347.816 0 0
<<<<<<< HEAD
2026-05-11 2865 1347.816 0 0
2026-05-12 2853 1348.451 0.635 0.047
2026-05-13 2861 1343.387 -5.064 -0.376
2026-05-14 2859 1340.241 -3.146 -0.234
2026-05-15 2852 1336.954 -3.287 -0.245
2026-05-16 2853 1331.356 -5.598 -0.419
2026-05-17 2853 1331.356 0 0
2026-05-18 2856 1331.356 0 0
2026-05-19 2855 1332.596 1.24 0.093
2026-05-20 2868 1327.496 -5.1 -0.383
2026-05-21 2865 1330.119 2.623 0.198
2026-05-22 2862 1330.119 0 0
2026-05-23 2867 1327.65 -2.469 -0.186
2026-05-24 2867 1327.65 0 0
2026-05-26 2872 1327.65 0 0
2026-05-27 2852 1330.582 2.932 0.221
2026-05-28 2852 1330.892 0.31 0.023
2026-05-29 2853 1333.217 2.325 0.175
2026-05-31 2854 1335.862 2.645 0.198
2026-06-01 2847 1335.862 0 0
2026-06-02 2851 1329.809 -6.053 -0.453
2026-06-03 2834 1332.906 3.097 0.233
2026-06-04 2836 1329.192 -3.714 -0.279
2026-06-05 2828 1331.356 2.164 0.163
2026-06-06 2838 1323.2 -8.156 -0.613
2026-06-07 2838 1323.2 0 0
2026-06-08 2819 1323.2 0 0
2026-06-09 2838 1321.214 -1.986 -0.15
2026-06-10 2822 1323.506 2.292 0.173
2026-06-11 2821 1322.435 -1.071 -0.081
2026-06-12 2835 1318.475 -3.96 -0.299
2026-06-13 2834 1324.884 6.409 0.486
2026-06-15 2855 1324.884 0 0
2026-06-16 2852 1328.729 3.845 0.29
2026-06-17 2848 1328.729 0 0
2026-06-18 2849 1326.573 -2.156 -0.162
2026-06-19 2866 1314.84 -11.733 -0.884
2026-06-20 2866 1314.84 0 0
2026-06-21 2866 1314.84 0 0
2026-06-23 2860 1310.175 -4.665 -0.355
2026-06-24 2872 1303.017 -7.158 -0.546
2026-06-25 2881 1298.14 -4.877 -0.374
2026-06-26 2867 1302.275 4.135 0.319
2026-06-27 2865 1304.353 2.078 0.16
2026-06-28 2865 1304.353 0 0
2026-06-29 2872 1304.353 0 0
2026-06-30 2870 1307.481 3.128 0.24
2026-07-01 2878 1308.677 1.196 0.091
2026-07-02 2882 1304.204 -4.473 -0.342
2026-07-03 2885 1309.875 5.671 0.435
2026-07-04 2885 1309.875 0 0
2026-07-05 2885 1309.875 0 0
2026-07-06 2883 1309.875 0 0
2026-07-07 2879 1307.034 -2.841 -0.217
2026-07-08 2865 1308.827 1.793 0.137
2026-07-09 2869 1305.692 -3.135 -0.24
2026-07-10 2871 1308.677 2.985 0.229
2026-07-11 2874 1307.631 -1.046 -0.08
2026-07-12 2874 1307.631 0 0
2026-07-13 2869 1307.631 0 0
2026-07-14 2872 1305.543 -2.088 -0.16
2026-07-15 2864 1310.025 4.482 0.343
2026-07-16 2876 1309.126 -0.899 -0.069
2026-07-17 2855 1309.875 0.749 0.057
2026-07-18 2857 1309.576 -0.299 -0.023
2026-07-19 2856 1309.576 0 0
2026-07-20 2851 1309.576 0 0
2026-07-21 2867 1305.692 -3.884 -0.297
2026-07-22 2863 1305.543 -0.149 -0.011
2026-07-23 2854 1306.139 0.596 0.046
2026-07-24 2853 1301.683 -4.456 -0.341
2026-07-25 2853 1302.572 0.889 0.068
2026-07-26 2853 1302.572 0 0
2026-07-27 2869 1302.572 0 0
2026-07-28 2872 1301.683 -0.889 -0.068
2026-07-29 2874 1303.313 1.63 0.125
2026-07-30 2866 1302.868 -0.445 -0.034
2026-07-31 2861 1316.807 13.939 1.07
2026-08-01 2861 1317.11 0.303 0.023
2026-08-02 2861 1317.11 0 0
2026-08-03 2869 1317.11 0 0
2026-08-04 2881 1318.02 0.91 0.069
2026-08-05 2886 1319.083 1.063 0.081
2026-08-06 2884 1322.435 3.352 0.254
2026-08-07 2895 1320.452 -1.983 -0.15
2026-08-08 2894 1322.588 2.136 0.162
2026-08-09 2894 1322.588 0 0
2026-08-10 2899 1322.588 0 0
2026-08-11 2891 1322.588 0 0
2026-08-12 2888 1321.214 -1.374 -0.104
2026-08-13 2886 1321.214 0 0
=======
2026-05-11 2868 1347.816 0 0
2026-05-12 2867 1347.816 0 0
2026-05-13 2854 1348.451 0 0
2026-05-14 2850 1343.387 0 0
2026-05-15 2862 1340.241 0 0
2026-05-16 2852 1336.954 0 0
2026-05-17 2853 1331.356 0 0
2026-05-18 2851 1331.356 0 0
2026-05-19 2855 1331.356 0 0
2026-05-20 2855 1332.596 0 0
2026-05-21 2875 1327.496 0 0
2026-05-22 2860 1330.119 0 0
2026-05-23 2862 1330.119 0 0
2026-05-24 2867 1327.65 0 0
2026-05-25 2872 1327.65 0 0
2026-05-26 2864 1327.65 0 0
2026-05-27 2866 1327.65 0 0
2026-05-28 2845 1330.582 0 0
2026-05-29 2852 1330.892 0 0
2026-05-30 2853 1333.217 0 0
2026-05-31 2854 1335.862 0 0
2026-06-01 2852 1335.862 0 0
2026-06-02 2847 1335.862 0 0
2026-06-03 2848 1329.809 0 0
2026-06-04 2830 1332.906 0 0
2026-06-05 2836 1329.192 0 0
2026-06-06 2828 1331.356 0 0
2026-06-07 2838 1323.2 0 0
2026-06-09 2822 1323.2 0 0
2026-06-10 2829 1321.214 0 0
2026-06-11 2814 1323.506 0 0
2026-06-12 2835 1322.435 0 0
2026-06-13 2835 1318.475 0 0
2026-06-14 2834 1324.884 0 0
2026-06-16 2855 1324.884 0 0
2026-06-17 2853 1328.729 0 0
2026-06-18 2846 1328.729 0 0
2026-06-19 2848 1326.573 0 0
2026-06-20 2866 1314.84 0 0
2026-06-21 2866 1314.84 0 0
2026-06-22 2862 1314.84 0 0
2026-06-23 2863 1314.84 0 0
2026-06-24 2858 1310.175 0 0
2026-06-25 2873 1303.017 0 0
2026-06-26 2871 1298.14 0 0
2026-06-27 2867 1302.275 0 0
2026-06-28 2865 1304.353 0 0
2026-06-29 2870 1304.353 0 0
2026-06-30 2876 1304.353 0 0
2026-07-01 2879 1307.481 0 0
2026-07-02 2873 1308.677 0 0
2026-07-03 2885 1304.204 0 0
2026-07-04 2885 1309.875 0 0
2026-07-05 2885 1309.875 0 0
2026-07-06 2883 1309.875 0 0
2026-07-07 2881 1309.875 0 0
2026-07-08 2875 1307.034 0 0
2026-07-09 2858 1308.827 0 0
2026-07-10 2876 1305.692 0 0
2026-07-11 2871 1308.677 0 0
2026-07-12 2874 1307.631 0 0
2026-07-13 2869 1307.631 0 0
2026-07-14 2867 1307.631 0 0
2026-07-15 2875 1305.543 0 0
2026-07-16 2869 1310.025 0 0
2026-07-17 2865 1309.126 0 0
2026-07-18 2855 1309.875 0 0
2026-07-19 2857 1309.576 0 0
2026-07-20 2859 1309.576 0 0
2026-07-21 2854 1309.576 0 0
2026-07-22 2868 1305.692 0 0
2026-07-23 2862 1305.543 0 0
2026-07-24 2852 1306.139 0 0
2026-07-25 2853 1301.683 0 0
2026-07-26 2853 1302.572 0 0
2026-07-27 2858 1302.572 0 0
2026-07-28 2870 1302.572 0 0
2026-07-29 2875 1301.683 0 0
2026-07-30 2871 1303.313 0 0
2026-07-31 2882 1302.868 0 0
2026-08-01 2861 1316.807 0 0
2026-08-02 2861 1317.11 0 0
2026-08-03 2865 1317.11 0 0
2026-08-04 2875 1317.11 0 0
2026-08-05 2884 1318.02 0 0
2026-08-06 2891 1319.083 0 0
2026-08-07 2881 1322.435 0 0
2026-08-08 2895 1320.452 0 0
2026-08-09 2894 1322.588 0 0
2026-08-10 2895 1322.588 0 0
2026-08-11 2897 1322.588 0 0
2026-08-12 2893 1322.588 0 0
2026-08-13 2888 1321.214 0 0
2026-08-14 2887 1321.214 0 0
>>>>>>> 2b550085baac25c543016ca743053a87bf115d5d
2026-08-15 2892 1321.519 0 0
2026-08-16 2889 1325.651 0 0
2026-08-17 2888 1325.651 0 0
2026-08-18 2893 1325.651 0 0
2026-08-19 2889 1326.419 0 0
2026-08-20 2889 1325.805 0 0
2026-08-21 2879 1335.083 0 0
2026-08-22 2881 1337.423 0 0
2026-08-24 2889 1336.174 0 0
2026-08-25 2881 1336.174 0 0
2026-08-26 2890 1335.394 0 0
2026-08-27 2897 1335.862 0 0
2026-08-28 2893 1333.062 0 0
2026-08-29 2890 1333.062 0 0
