2025-06-11 1436 2650.284 0 0
2025-06-12 1436 2650.542 0.258 0.01
2025-06-13 1476 2569.142 -81.4 -3.071
2025-06-14 1470 2569.464 0.322 0.013
2025-06-15 1468 2569.464 0 0
2025-06-16 1445 2627.793 58.329 2.27
2025-06-17 1486 2545.661 -82.132 -3.126
2025-06-18 1254 3054.853 509.192 20.002
2025-06-19 1414 2666.207 -388.646 -12.722
2025-06-20 1458 2570.558 -95.649 -3.587
2025-06-21 1457 2571.596 1.038 0.04
2025-06-22 1457 2571.596 0 0
2025-06-23 1451 2593.275 21.679 0.843
2025-06-24 1429 2650.511 57.236 2.207
2025-06-25 1444 2635.173 -15.338 -0.579
2025-06-26 1499 2532.226 -102.947 -3.907
2025-06-27 1504 2532.171 -0.055 -0.002
2025-06-28 1504 2532.03 -0.141 -0.006
2025-06-29 1504 2532.03 0 0
2025-06-30 1515 2523.639 -8.391 -0.331
2025-07-01 1476 2600.648 77.009 3.052
2025-07-02 1514 2536.269 -64.379 -2.475
2025-07-03 1508 2546.153 9.884 0.39
2025-07-04 1518 2525.903 -20.25 -0.795
2025-07-05 1518 2525.903 0 0
2025-07-06 1519 2525.903 0 0
2025-07-07 1523 2504.755 -21.148 -0.837
2025-07-08 1516 2530.018 25.263 1.009
2025-07-09 1490 2572.929 42.911 1.696
2025-07-10 1480 2604.924 31.995 1.244
2025-07-11 1516 2534.312 -70.612 -2.711
2025-07-12 1516 2536.609 2.297 0.091
2025-07-13 1516 2536.609 0 0
2025-07-14 1523 2513.244 -23.365 -0.921
2025-07-15 1519 2513.84 0.596 0.024
2025-07-16 1527 2499.262 -14.578 -0.58
2025-07-17 1526 2507.676 8.414 0.337
2025-07-18 1527 2513.191 5.515 0.22
2025-07-19 1527 2514.241 1.05 0.042
2025-07-20 1527 2514.241 0 0
2025-07-21 1573 2430.134 -84.107 -3.345
2025-07-22 1568 2439.515 9.381 0.386
2025-07-23 1569 2432.337 -7.178 -0.294
2025-07-24 1549 2497.197 64.86 2.667
2025-07-25 1554 2484.963 -12.234 -0.49
2025-07-26 1555 2480.421 -4.542 -0.183
2025-07-27 1555 2480.421 0 0
2025-07-28 1564 2460.042 -20.379 -0.822
2025-07-29 1479 2611.664 151.622 6.163
2025-07-30 1439 2698.171 86.507 3.312
2025-07-31 1464 2621.369 -76.802 -2.846
2025-08-01 1550 2460.681 -160.688 -6.13
2025-08-02 1553 2454.471 -6.21 -0.252
2025-08-03 1553 2454.471 0 0
2025-08-04 1557 2450.747 -3.724 -0.152
2025-08-05 1542 2485.6 34.853 1.422
2025-08-06 1538 2506.255 20.655 0.831
2025-08-07 1536 2508.017 1.762 0.07
2025-08-08 1513 2557.478 49.461 1.972
2025-08-09 1515 2555.911 -1.567 -0.061
2025-08-10 1515 2555.911 0 0
2025-08-11 1426 2735.806 179.895 7.038
2025-08-12 1398 2787.857 52.051 1.903
2025-08-13 1430 2753.077 -34.78 -1.248
2025-08-14 1398 2799.397 46.32 1.682
2025-08-15 1172 3360.246 560.849 20.035
2025-08-16 1175 3356.129 -4.117 -0.123
2025-08-17 1176 3356.129 0 0
2025-08-18 966 4027.295 671.166 19.998
2025-08-19 871 4488.278 460.983 11.446
2025-08-20 916 4306.918 -181.36 -4.041
2025-08-21 944 4144.177 -162.741 -3.779
2025-08-22 987 3965.159 -179.018 -4.32
2025-08-23 992 3963.723 -1.436 -0.036
2025-08-24 992 3963.723 0 0
2025-08-25 931 4236.857 273.134 6.891
2025-08-26 954 4125.34 -111.517 -2.632
2025-08-27 895 4442.007 316.667 7.676
2025-08-28 748 5279.042 837.035 18.844
2025-08-29 824 4847.346 -431.696 -8.178
2025-08-30 824 4851.016 3.67 0.076
2025-08-31 824 4851.016 0 0
2025-09-01 810 4922.543 71.527 1.474
2025-09-02 759 5267.377 344.834 7.005
2025-09-03 774 5137.318 -130.059 -2.469
2025-09-04 770 5154.713 17.395 0.339
2025-09-05 782 5084.343 -70.37 -1.365
2025-09-06 784 5086.053 1.71 0.034
2025-09-07 784 5086.053 0 0
2025-09-08 835 4828.289 -257.764 -5.068
2025-09-09 866 4653.417 -174.872 -3.622
2025-09-10 838 4807.167 153.75 3.304
2025-09-11 845 4788.027 -19.14 -0.398
2025-09-12 843 4796.736 8.709 0.182
2025-09-13 841 4797.477 0.741 0.015
2025-09-14 841 4797.477 0 0
2025-09-15 859 4710.313 -87.164 -1.817
2025-09-16 874 4659.9 -50.413 -1.07
2025-09-17 872 4710.011 50.111 1.075
2025-09-18 818 4958.27 248.259 5.271
2025-09-19 880 4654.32 -303.95 -6.13
2025-09-20 879 4650.918 -3.402 -0.073
2025-09-21 879 4650.918 0 0
2025-09-22 880 4634.307 -16.611 -0.357
2025-09-23 886 4563.627 -70.68 -1.525
2025-09-24 892 4534.541 -29.086 -0.637
2025-09-25 865 4710.022 175.481 3.87
2025-09-26 906 4461.181 -248.841 -5.283
2025-09-27 907 4455.428 -5.753 -0.129
2025-09-28 907 4455.428 0 0
2025-09-29 915 4411.167 -44.261 -0.993
2025-09-30 925 4383.13 -28.037 -0.636
2025-10-01 925 4384.054 0.924 0.021
2025-10-02 936 4384.054 0 0
2025-10-03 929 4384.054 0 0
2025-10-04 932 4384.054 0 0
2025-10-05 932 4384.054 0 0
2025-10-06 929 4384.054 0 0
2025-10-07 930 4384.054 0 0
2025-10-08 929 4384.054 0 0
2025-10-09 945 4325.21 -58.844 -1.342
2025-10-10 961 4195.877 -129.333 -2.99
2025-10-11 960 4197.114 1.237 0.029
2025-10-12 960 4197.114 0 0
2025-10-13 963 4182.789 -14.325 -0.341
2025-10-14 978 4074.872 -107.917 -2.58
2025-10-15 968 4164.784 89.912 2.206
2025-10-16 937 4290.903 126.119 3.028
2025-10-17 990 4066.26 -224.643 -5.235
2025-10-18 989 4065.404 -0.856 -0.021
2025-10-19 990 4065.404 0 0
2025-10-20 976 4122.827 57.423 1.412
2025-10-21 968 4180.351 57.524 1.395
2025-10-22 962 4204.031 23.68 0.566
2025-10-23 972 4160.744 -43.287 -1.03
2025-10-24 964 4220.022 59.278 1.425
2025-10-25 964 4219.371 -0.651 -0.015
2025-10-26 964 4219.371 0 0
2025-10-27 885 4566.172 346.801 8.219
2025-10-28 934 4362.401 -203.771 -4.463
2025-10-29 888 4551.663 189.262 4.338
2025-10-30 871 4649.303 97.64 2.145
2025-10-31 882 4539.696 -109.607 -2.357
2025-11-01 882 4538.037 -1.659 -0.037
2025-11-02 882 4538.037 0 0
2025-11-03 922 4433.098 -104.939 -2.312
2025-11-04 917 4402.355 -30.743 -0.693
2025-11-05 946 4267.349 -135.006 -3.067
2025-11-06 937 4303.717 36.368 0.852
2025-11-07 966 4173.063 -130.654 -3.036
2025-11-08 964 4173.004 -0.059 -0.001
2025-11-09 964 4173.004 0 0
2025-11-10 973 4154.003 -19.001 -0.455
2025-11-11 1004 4009.371 -144.632 -3.482
2025-11-12 997 4047.994 38.623 0.963
2025-11-13 1008 3999.071 -48.923 -1.209
2025-11-14 1015 3942.963 -56.108 -1.403
2025-11-15 1016 3940.575 -2.388 -0.061
2025-11-16 1016 3940.575 0 0
2025-11-17 994 4034.664 94.089 2.388
2025-11-18 1009 3956.753 -77.911 -1.931
2025-11-19 972 4121.451 164.698 4.162
2025-11-20 997 3993.319 -128.132 -3.109
2025-11-21 1087 3637.853 -355.466 -8.902
2025-11-22 1083 3641.127 3.274 0.09
2025-11-23 1083 3641.127 0 0
2025-11-24 1074 3671.49 30.363 0.834
2025-11-25 1031 3805.373 133.883 3.647
2025-11-26 1017 3883.761 78.388 2.06
2025-11-27 954 4239.323 355.562 9.155
2025-11-28 937 4321.846 82.523 1.947
2025-11-29 939 4322.457 0.611 0.014
2025-11-30 939 4322.457 0 0
2025-12-01 951 4263.287 -59.17 -1.369
2025-12-02 912 4416.219 152.932 3.587
2025-12-03 929 4337.281 -78.938 -1.787
2025-12-04 952 4246.383 -90.898 -2.096
2025-12-05 1006 3989.322 -257.061 -6.054
2025-12-06 1005 3988.363 -0.959 -0.024
2025-12-07 1005 3988.363 0 0
2025-12-08 1014 3900.867 -87.496 -2.194
2025-12-09 1016 3894.005 -6.862 -0.176
2025-12-10 1004 3987.673 93.668 2.405
2025-12-11 1041 3819.789 -167.884 -4.21
2025-12-12 1036 3846.961 27.172 0.711
2025-12-13 1038 3848.433 1.472 0.038
2025-12-14 1038 3848.433 0 0
2025-12-15 1058 3744.154 -104.279 -2.71
2025-12-16 1089 3681.66 -62.494 -1.669
2025-12-17 1068 3721.326 39.666 1.077
2025-12-18 1112 3634.011 -87.315 -2.346
2025-12-19 1118 3652.853 18.842 0.518
2025-12-20 1121 3653.165 0.312 0.009
2025-12-21 1121 3653.165 0 0
2025-12-22 1114 3692.977 39.812 1.09
2025-12-23 1123 3664.998 -27.979 -0.758
2025-12-24 1118 3679.575 14.577 0.398
2025-12-25 1088 3730.729 51.154 1.39
2025-12-26 1109 3696.745 -33.984 -0.911
2025-12-27 1098 3700.912 4.167 0.113
2025-12-28 1098 3700.912 0 0
2025-12-29 1120 3654.477 -46.435 -1.255
2025-12-30 1119 3658.503 4.026 0.11
2025-12-31 1132 3609.55 -48.953 -1.338
2026-01-01 1132 3610.324 0.774 0.021
2026-01-02 1138 3610.324 0 0
2026-01-03 1137 3610.324 0 0
2026-01-05 1077 3774.011 163.687 4.534
2026-01-06 1086 3767.395 -6.616 -0.175
2026-01-07 1093 3758.564 -8.831 -0.234
2026-01-08 1127 3681.596 -76.968 -2.048
2026-01-09 1098 3721.8 40.204 1.092
2026-01-10 1096 3721 -0.8 -0.021
2026-01-11 1096 3721 0 0
2026-01-12 1040 3914.664 193.664 5.205
2026-01-13 1041 3905.211 -9.453 -0.241
2026-01-14 1052 3854.282 -50.929 -1.304
2026-01-15 1070 3825.917 -28.365 -0.736
2026-01-16 1077 3812.14 -13.777 -0.36
2026-01-17 1071 3812.578 0.438 0.011
2026-01-18 1070 3812.578 0 0
2026-01-19 1095 3738.287 -74.291 -1.949
2026-01-20 1114 3681.413 -56.874 -1.521
2026-01-21 1066 3796.646 115.233 3.13
2026-01-22 1119 3698.731 -97.915 -2.579
2026-01-23 1125 3677.379 -21.352 -0.577
2026-01-24 1126 3676.693 -0.686 -0.019
2026-01-25 1126 3676.693 0 0
2026-01-26 1152 3608.834 -67.859 -1.846
2026-01-27 1186 3533.681 -75.153 -2.082
2026-01-28 1184 3547.884 14.203 0.402
2026-01-29 1198 3511.9 -35.984 -1.014
2026-01-30 1214 3449.492 -62.408 -1.777
2026-01-31 1214 3448.4 -1.092 -0.032
2026-02-01 1211 3448.4 0 0
2026-02-02 1225 3405.273 -43.127 -1.251
2026-02-03 1227 3388.41 -16.863 -0.495
2026-02-04 1239 3391.084 2.674 0.079
2026-02-05 1235 3375.113 -15.971 -0.471
2026-02-06 1214 3456.508 81.395 2.412
2026-02-07 1215 3456.857 0.349 0.01
2026-02-08 1215 3456.857 0 0
2026-02-09 1220 3444.321 -12.536 -0.363
2026-02-10 1222 3460.829 16.508 0.479
2026-02-11 1236 3416.228 -44.601 -1.289
2026-02-12 1226 3445.104 28.876 0.845
2026-02-13 1212 3496.889 51.785 1.503
2026-02-14 1209 3492.082 -4.807 -0.137
2026-02-15 1208 3492.082 0 0
2026-02-16 1208 3492.082 0 0
2026-02-17 1209 3492.082 0 0
2026-02-18 1208 3492.082 0 0
2026-02-19 1203 3492.082 0 0
2026-02-20 1208 3492.082 0 0
2026-02-21 1212 3492.082 0 0
2026-02-22 1213 3492.082 0 0
2026-02-23 1214 3492.082 0 0
2026-02-24 1233 3450.121 -41.961 -1.202
2026-02-25 1229 3474.326 24.205 0.702
2026-02-26 1234 3440.84 -33.486 -0.964
2026-02-27 1229 3427.306 -13.534 -0.393
2026-02-28 1236 3419.408 -7.898 -0.23
2026-03-01 1241 3419.408 0 0
2026-03-02 1180 3623.858 204.45 5.979
2026-03-03 1276 3281.269 -342.589 -9.454
2026-03-04 1290 3225.901 -55.368 -1.687
2026-03-05 1275 3271.425 45.524 1.411
2026-03-06 1270 3295.245 23.82 0.728
2026-03-07 1269 3296.105 0.86 0.026
2026-03-08 1269 3296.105 0 0
2026-03-09 1297 3215.142 -80.963 -2.456
2026-03-10 1293 3278.909 63.767 1.983
2026-03-11 1282 3305.449 26.54 0.809
2026-03-12 1299 3240.894 -64.555 -1.953
2026-03-13 1277 3279.203 38.309 1.182
2026-03-14 1283 3266.091 -13.112 -0.4
2026-03-15 1283 3266.091 0 0
2026-03-16 1299 3217.854 -48.237 -1.477
2026-03-17 1310 3193.538 -24.316 -0.756
2026-03-18 1274 3282.576 89.038 2.788
2026-03-19 1313 3173.508 -109.068 -3.323
2026-03-20 1368 3031.1 -142.408 -4.487
2026-03-21 1363 3039.513 8.413 0.278
2026-03-22 1363 3039.513 0 0
2026-03-23 1445 2827.254 -212.259 -6.983
2026-03-24 1406 2913.702 86.448 3.058
2026-03-25 1416 2919.558 5.856 0.201
2026-03-26 1447 2848.296 -71.262 -2.441
2026-03-27 1411 2909.578 61.282 2.152
2026-03-28 1412 2900.063 -9.515 -0.327
2026-03-29 1412 2900.063 0 0
2026-03-30 1385 2958.036 57.973 1.999
2026-03-31 1394 2925.201 -32.835 -1.11
2026-04-01 1374 3031.628 106.427 3.638
2026-04-02 1433 2872.212 -159.416 -5.258
2026-04-03 1461 2801.421 -70.791 -2.465
2026-04-04 1461 2801.421 0 0
2026-04-05 1461 2801.421 0 0
2026-04-06 1461 2801.421 0 0
2026-04-07 1436 2855.175 53.754 1.919
2026-04-08 1393 2980.133 124.958 4.377
2026-04-09 1403 2972.016 -8.117 -0.272
2026-04-10 1389 3031.377 59.361 1.997
2026-04-11 1387 3034.748 3.371 0.111
2026-04-12 1387 3034.748 0 0
2026-04-13 1386 3036.634 1.886 0.062
2026-04-14 1369 3097.011 60.377 1.988
2026-04-15 1385 3070.994 -26.017 -0.84
2026-04-16 1387 3074.639 3.645 0.119
2026-04-17 1386 3088.295 13.656 0.444
2026-04-18 1390 3085.173 -3.122 -0.101
2026-04-19 1390 3085.173 0 0
2026-04-20 1382 3115.224 30.051 0.974
2026-04-21 1400 3060.891 -54.333 -1.744
2026-04-22 1387 3093.235 32.344 1.057
2026-04-23 1392 3063.682 -29.553 -0.955
2026-04-24 1398 3022.444 -41.238 -1.346
2026-04-25 1397 3022.134 -0.31 -0.01
2026-04-26 1397 3022.134 0 0
2026-04-27 1383 3073.996 51.862 1.716
2026-04-28 1411 2984.602 -89.394 -2.908
2026-04-29 1402 3004.71 20.108 0.674
2026-04-30 1392 3031.423 26.713 0.889
2026-05-01 1395 3031.246 -0.177 -0.006
2026-05-02 1397 3031.246 0 0
2026-05-04 1399 3031.246 0 0
2026-05-05 1387 3086.885 55.639 1.836
2026-05-06 1390 3086.885 0 0
2026-05-07 1377 3131.742 44.857 1.453
2026-05-08 1371 3161.62 29.878 0.954
2026-05-09 1372 3161.48 -0.14 -0.004
2026-05-10 1372 3161.48 0 0
<<<<<<< HEAD
2026-05-11 1272 3413.659 252.179 7.977
2026-05-12 1302 3319.037 -94.622 -2.772
2026-05-13 1240 3484.72 165.683 4.992
2026-05-14 1279 3365.878 -118.842 -3.41
2026-05-15 1265 3405.896 40.018 1.189
2026-05-16 1266 3396.636 -9.26 -0.272
2026-05-17 1266 3396.636 0 0
2026-05-18 1295 3303.513 -93.123 -2.742
2026-05-19 1298 3277.589 -25.924 -0.785
2026-05-20 1316 3227.958 -49.631 -1.514
2026-05-21 1317 3226.867 -1.091 -0.034
2026-05-22 1419 2981.159 -245.708 -7.614
2026-05-23 1420 2986.161 5.002 0.168
2026-05-24 1420 2986.161 0 0
2026-05-26 1488 2853.221 -132.94 -4.452
2026-05-27 1524 2779.267 -73.954 -2.592
2026-05-28 1495 2823.573 44.306 1.594
2026-05-29 1553 2708.872 -114.701 -4.062
2026-05-31 1552 2713.475 4.603 0.17
2026-06-01 1559 2718.235 4.76 0.175
2026-06-02 1586 2650.54 -67.695 -2.49
2026-06-03 1527 2773.223 122.683 4.629
2026-06-04 1572 2678.133 -95.09 -3.429
2026-06-05 1611 2583.551 -94.582 -3.532
2026-06-06 1602 2585.65 2.099 0.081
2026-06-07 1602 2585.65 0 0
2026-06-08 1667 2467.63 -118.02 -4.564
2026-06-09 1641 2513.902 46.272 1.875
2026-06-10 1587 2593.018 79.116 3.147
2026-06-11 1591 2589.236 -3.782 -0.146
2026-06-12 1660 2479.965 -109.271 -4.22
2026-06-13 1666 2485.871 5.906 0.238
2026-06-15 1683 2484.759 -1.112 -0.045
2026-06-16 1764 2365.024 -119.735 -4.819
2026-06-17 1802 2304.52 -60.504 -2.558
2026-06-18 1774 2343.034 38.514 1.671
2026-06-19 1771 2341.267 -1.767 -0.075
2026-06-20 1771 2341.267 0 0
2026-06-21 1771 2341.267 0 0
2026-06-23 1890 2186.415 -154.852 -6.614
2026-06-24 1899 2174.961 -11.454 -0.524
2026-06-25 1894 2178.616 3.655 0.168
2026-06-26 1979 2082.785 -95.831 -4.399
2026-06-27 1980 2082.418 -0.367 -0.018
2026-06-28 1980 2082.418 0 0
2026-06-29 1956 2108.793 26.375 1.267
2026-06-30 1888 2192.201 83.408 3.955
2026-07-01 1913 2171.42 -20.781 -0.948
2026-07-02 1960 2124.817 -46.603 -2.146
2026-07-03 1942 2151.222 26.405 1.243
2026-07-04 1942 2151.222 0 0
2026-07-05 1942 2151.222 0 0
2026-07-06 1980 2107.701 -43.521 -2.023
2026-07-07 1993 2074.847 -32.854 -1.559
2026-07-08 1927 2130.355 55.508 2.675
2026-07-09 1926 2147.962 17.607 0.826
2026-07-10 1890 2191.217 43.255 2.014
2026-07-11 1889 2196.098 4.881 0.223
2026-07-12 1889 2196.098 0 0
2026-07-13 1988 2074.093 -122.005 -5.556
2026-07-14 2045 2009.19 -64.903 -3.129
2026-07-15 1997 2065.305 56.115 2.793
2026-07-16 1772 2336.534 271.229 13.133
2026-07-17 1874 2195.444 -141.09 -6.038
2026-07-18 1877 2192.464 -2.98 -0.136
2026-07-19 1876 2192.464 0 0
2026-07-20 1888 2160.45 -32.014 -1.46
2026-07-21 1986 2069.578 -90.872 -4.206
2026-07-22 2001 2051.104 -18.474 -0.893
2026-07-23 2036 2013.635 -37.469 -1.827
2026-07-24 2109 1948.048 -65.587 -3.257
2026-07-25 2109 1947.013 -1.035 -0.053
2026-07-26 2109 1947.013 0 0
2026-07-27 1997 2059.268 112.255 5.765
2026-07-28 2020 2020.36 -38.908 -1.889
2026-07-29 1941 2115.806 95.446 4.724
2026-07-30 2069 1984.485 -131.321 -6.207
2026-07-31 2025 2031.408 46.923 2.364
2026-08-01 2021 2034.118 2.71 0.133
2026-08-02 2021 2034.118 0 0
2026-08-03 1991 2090.785 56.667 2.786
2026-08-04 1937 2155.785 65 3.109
2026-08-05 1914 2184.51 28.725 1.332
2026-08-06 1961 2132.016 -52.494 -2.403
2026-08-07 1956 2147.07 15.054 0.706
2026-08-08 1958 2147.579 0.509 0.024
2026-08-09 1957 2147.579 0 0
2026-08-10 1980 2122.912 -24.667 -1.149
2026-08-11 1923 2189.751 66.839 3.148
2026-08-12 1926 2190.854 1.103 0.05
2026-08-13 1918 2191.527 0.673 0.031
=======
2026-05-11 1299 3356.339 0 0
2026-05-12 1294 3356.339 0 0
2026-05-13 1302 3306.867 0 0
2026-05-14 1281 3362.366 0 0
2026-05-15 1278 3378.216 0 0
2026-05-16 1265 3405.896 0 0
2026-05-17 1266 3396.636 0 0
2026-05-18 1293 3295.621 0 0
2026-05-19 1303 3260.424 0 0
2026-05-20 1307 3259.103 0 0
2026-05-21 1324 3209.488 0 0
2026-05-22 1400 3023.61 0 0
2026-05-23 1419 2981.159 0 0
2026-05-24 1420 2986.161 0 0
2026-05-25 1446 2925.303 0 0
2026-05-26 1493 2829.352 0 0
2026-05-27 1517 2783.195 0 0
2026-05-28 1493 2821.202 0 0
2026-05-29 1545 2719.993 0 0
2026-05-30 1553 2708.872 0 0
2026-05-31 1552 2713.475 0 0
2026-06-01 1539 2765.84 0 0
2026-06-02 1586 2644.131 0 0
2026-06-03 1492 2844.23 0 0
2026-06-04 1555 2705.56 0 0
2026-06-05 1598 2616.444 0 0
2026-06-06 1611 2583.551 0 0
2026-06-07 1602 2585.65 0 0
2026-06-09 1630 2533.937 0 0
2026-06-10 1633 2514.377 0 0
2026-06-11 1623 2538.445 0 0
2026-06-12 1624 2543.755 0 0
2026-06-13 1660 2479.965 0 0
2026-06-14 1666 2485.871 0 0
2026-06-16 1752 2380.711 0 0
2026-06-17 1800 2310.186 0 0
2026-06-18 1766 2350.932 0 0
2026-06-19 1774 2343.034 0 0
2026-06-20 1771 2341.267 0 0
2026-06-21 1771 2341.267 0 0
2026-06-22 1847 2252.635 0 0
2026-06-23 1869 2216.42 0 0
2026-06-24 1912 2159.152 0 0
2026-06-25 1876 2200.124 0 0
2026-06-26 1953 2101.271 0 0
2026-06-27 1979 2082.785 0 0
2026-06-28 1980 2082.418 0 0
2026-06-29 1968 2096.474 0 0
2026-06-30 1915 2156.807 0 0
2026-07-01 1884 2204.218 0 0
2026-07-02 1904 2187.091 0 0
2026-07-03 1950 2138.413 0 0
2026-07-04 1942 2151.222 0 0
2026-07-05 1942 2151.222 0 0
2026-07-06 1947 2144.575 0 0
2026-07-07 1971 2108.017 0 0
2026-07-08 1989 2071.685 0 0
2026-07-09 1968 2091.001 0 0
2026-07-10 1868 2219.361 0 0
2026-07-11 1890 2191.217 0 0
2026-07-12 1889 2196.098 0 0
2026-07-13 1933 2128.282 0 0
2026-07-14 2026 2022.755 0 0
2026-07-15 1991 2075.076 0 0
2026-07-16 1880 2208.876 0 0
2026-07-17 1863 2217.724 0 0
2026-07-18 1874 2195.444 0 0
2026-07-19 1877 2192.464 0 0
2026-07-20 1897 2155.22 0 0
2026-07-21 1985 2050.462 0 0
2026-07-22 1960 2101.96 0 0
2026-07-23 2011 2035.231 0 0
2026-07-24 2042 2004.914 0 0
2026-07-25 2109 1948.048 0 0
2026-07-26 2109 1947.013 0 0
2026-07-27 1987 2061.329 0 0
2026-07-28 2020 2027.082 0 0
2026-07-29 2037 2009.25 0 0
2026-07-30 1991 2057.082 0 0
2026-07-31 1992 2076.399 0 0
2026-08-01 2025 2031.408 0 0
2026-08-02 2021 2034.118 0 0
2026-08-03 1965 2103.36 0 0
2026-08-04 2004 2070.251 0 0
2026-08-05 1940 2151.65 0 0
2026-08-06 1935 2161.766 0 0
2026-08-07 2022 2056.111 0 0
2026-08-08 1956 2147.07 0 0
2026-08-09 1958 2147.579 0 0
2026-08-10 1977 2125.299 0 0
2026-08-11 2021 2073.42 0 0
2026-08-12 1936 2177.179 0 0
2026-08-13 1938 2170.156 0 0
2026-08-14 1945 2155.7 0 0
>>>>>>> 2b550085baac25c543016ca743053a87bf115d5d
2026-08-15 1977 2117.802 0 0
2026-08-16 1986 2118.776 0 0
2026-08-17 1984 2118.776 0 0
2026-08-18 1992 2114.156 0 0
2026-08-19 2088 2012.727 0 0
2026-08-20 2235 1879.649 0 0
2026-08-21 2224 1899.268 0 0
2026-08-22 2187 1935.512 0 0
