2026-03-10 3147 1152.695 0 0
2026-03-11 3143 1160.377 7.682 0.666
2026-03-12 3130 1160.766 0.389 0.034
2026-03-13 3121 1159.938 -0.828 -0.071
2026-03-14 3122 1155.3 -4.638 -0.4
2026-03-15 3122 1155.3 0 0
2026-03-16 3126 1155.3 0 0
2026-03-17 3128 1155.736 0.436 0.038
2026-03-18 3124 1155.736 0 0
2026-03-19 3093 1159.736 4 0.346
2026-03-20 3097 1155.585 -4.151 -0.358
2026-03-21 3081 1158.792 3.207 0.278
2026-03-22 3081 1158.792 0 0
2026-03-23 3055 1158.792 0 0
2026-03-24 3085 1154.765 -4.027 -0.348
2026-03-25 3096 1157.766 3.001 0.26
2026-03-27 3081 1157.766 0 0
2026-03-28 3083 1153.98 -3.786 -0.327
2026-03-29 3083 1153.98 0 0
2026-03-30 3074 1153.98 0 0
2026-03-31 3072 1153.596 -0.384 -0.033
2026-04-01 3092 1154.364 0.768 0.067
2026-04-02 3078 1160.057 5.693 0.493
2026-04-03 3076 1156.825 -3.232 -0.279
2026-04-04 3076 1156.825 0 0
2026-04-05 3076 1156.825 0 0
2026-04-06 3080 1156.825 0 0
2026-04-07 3078 1156.825 0 0
2026-04-08 3104 1156.825 0 0
2026-04-09 3095 1168.025 11.2 0.968
2026-04-10 3105 1165.686 -2.339 -0.2
2026-04-11 3110 1166.983 1.297 0.111
2026-04-12 3110 1166.983 0 0
2026-04-13 3112 1166.983 0 0
2026-04-14 3122 1166.931 -0.052 -0.004
2026-04-15 3135 1169.893 2.962 0.254
2026-04-16 3141 1169.601 -0.292 -0.025
2026-04-17 3147 1169.344 -0.257 -0.022
2026-04-18 3155 1168.162 -1.182 -0.101
2026-04-19 3155 1168.162 0 0
2026-04-20 3161 1168.162 0 0
2026-04-21 3152 1169.344 1.182 0.101
2026-04-22 3140 1169.962 0.618 0.053
2026-04-23 3130 1168.967 -0.995 -0.085
2026-04-24 3124 1166.966 -2.001 -0.171
2026-04-25 3123 1166.846 -0.12 -0.01
2026-04-26 3123 1166.846 0 0
2026-04-27 3121 1166.846 0 0
2026-04-28 3115 1168.642 1.796 0.154
2026-04-29 3112 1166.488 -2.154 -0.184
2026-04-30 3116 1167.034 0.546 0.047
2026-05-01 3119 1166.966 -0.068 -0.006
2026-05-02 3120 1166.966 0 0
2026-05-04 3113 1166.966 0 0
2026-05-05 3121 1166.966 0 0
2026-05-06 3125 1166.966 0 0
2026-05-07 3141 1170.219 3.253 0.279
2026-05-08 3139 1172.473 2.254 0.193
2026-05-09 3138 1172.421 -0.052 -0.004
2026-05-10 3138 1172.421 0 0
<<<<<<< HEAD
2026-05-11 3143 1172.421 0 0
2026-05-12 3123 1173.526 1.105 0.094
2026-05-13 3116 1173.698 0.172 0.015
2026-05-14 3120 1174.372 0.674 0.057
2026-05-15 3106 1175.082 0.71 0.06
2026-05-16 3106 1171.887 -3.195 -0.272
2026-05-17 3106 1171.887 0 0
2026-05-18 3107 1171.887 0 0
2026-05-19 3106 1173.06 1.173 0.1
2026-05-20 3111 1172.077 -0.983 -0.084
2026-05-21 3113 1171.681 -0.396 -0.034
2026-05-22 3123 1171.681 0 0
2026-05-23 3120 1173.647 1.966 0.168
2026-05-24 3120 1173.647 0 0
2026-05-26 3123 1173.647 0 0
2026-05-27 3113 1174.926 1.279 0.109
2026-05-28 3119 1175.914 0.988 0.084
2026-05-29 3113 1176.174 0.26 0.022
2026-05-31 3111 1178.172 1.998 0.17
2026-06-01 3108 1178.172 0 0
2026-06-02 3100 1178.764 0.592 0.05
2026-06-03 3092 1179.287 0.523 0.044
2026-06-04 3089 1177.424 -1.863 -0.158
2026-06-05 3073 1176.816 -0.608 -0.052
2026-06-06 3071 1177.772 0.956 0.081
2026-06-07 3071 1177.772 0 0
2026-06-08 3061 1177.772 0 0
2026-06-09 3065 1175.376 -2.396 -0.203
2026-06-10 3059 1177.876 2.5 0.213
2026-06-11 3063 1176.59 -1.286 -0.109
2026-06-12 3071 1176.625 0.035 0.003
2026-06-13 3078 1179.427 2.802 0.238
2026-06-15 3098 1179.427 0 0
2026-06-16 3088 1180.16 0.733 0.062
2026-06-17 3086 1180.107 -0.053 -0.004
2026-06-18 3085 1180.212 0.105 0.009
2026-06-19 3082 1179.322 -0.89 -0.075
2026-06-20 3082 1179.322 0 0
2026-06-21 3082 1179.322 0 0
2026-06-23 3076 1176.851 -2.471 -0.21
2026-06-24 3077 1175.03 -1.821 -0.155
2026-06-25 3072 1171.973 -3.057 -0.26
2026-06-26 3075 1172.853 0.88 0.075
2026-06-27 3088 1172.646 -0.207 -0.018
2026-06-28 3088 1172.646 0 0
2026-06-29 3091 1172.646 0 0
2026-06-30 3092 1173.923 1.277 0.109
2026-07-01 3094 1175.255 1.332 0.113
2026-07-02 3088 1173.819 -1.436 -0.122
2026-07-03 3111 1175.03 1.211 0.103
2026-07-04 3111 1175.03 0 0
2026-07-05 3111 1175.03 0 0
2026-07-06 3115 1175.03 0 0
2026-07-07 3107 1173.992 -1.038 -0.088
2026-07-08 3093 1173.474 -0.518 -0.044
2026-07-09 3091 1172.818 -0.656 -0.056
2026-07-10 3099 1173.819 1.001 0.085
2026-07-11 3098 1176.434 2.615 0.223
2026-07-12 3098 1176.434 0 0
2026-07-13 3078 1176.434 0 0
2026-07-14 3082 1175.914 -0.52 -0.044
2026-07-15 3093 1176.573 0.659 0.056
2026-07-16 3085 1177.737 1.164 0.099
2026-07-17 3073 1178.294 0.557 0.047
2026-07-18 3073 1176.695 -1.599 -0.136
2026-07-19 3072 1176.695 0 0
2026-07-20 3070 1176.695 0 0
2026-07-21 3074 1178.555 1.86 0.158
2026-07-22 3071 1178.52 -0.035 -0.003
2026-07-23 3072 1177.216 -1.304 -0.111
2026-07-24 3056 1177.824 0.608 0.052
2026-07-25 3059 1177.198 -0.626 -0.053
2026-07-26 3059 1177.198 0 0
2026-07-27 3072 1177.198 0 0
2026-07-28 3063 1178.364 1.166 0.099
2026-07-29 3074 1178.399 0.035 0.003
2026-07-30 3061 1178.642 0.243 0.021
2026-07-31 3084 1180.265 1.623 0.138
2026-08-01 3075 1181.839 1.574 0.133
2026-08-02 3075 1181.839 0 0
2026-08-03 3083 1181.839 0 0
2026-08-04 3096 1180.649 -1.19 -0.101
2026-08-05 3101 1180.876 0.227 0.019
2026-08-06 3104 1181.489 0.613 0.052
2026-08-07 3111 1181.279 -0.21 -0.018
2026-08-08 3113 1181.559 0.28 0.024
2026-08-09 3113 1181.559 0 0
2026-08-10 3117 1181.559 0 0
2026-08-11 3117 1181.559 0 0
2026-08-12 3112 1182.154 0.595 0.05
2026-08-13 3115 1182.259 0.105 0.009
=======
2026-05-11 3141 1172.421 0 0
2026-05-12 3136 1172.421 0 0
2026-05-13 3117 1173.526 0 0
2026-05-14 3113 1173.698 0 0
2026-05-15 3122 1174.372 0 0
2026-05-16 3106 1175.082 0 0
2026-05-17 3106 1171.887 0 0
2026-05-18 3106 1171.887 0 0
2026-05-19 3106 1171.887 0 0
2026-05-20 3102 1173.06 0 0
2026-05-21 3116 1172.077 0 0
2026-05-22 3123 1171.681 0 0
2026-05-23 3123 1171.681 0 0
2026-05-24 3120 1173.647 0 0
2026-05-25 3115 1173.647 0 0
2026-05-26 3119 1173.647 0 0
2026-05-27 3121 1173.647 0 0
2026-05-28 3110 1174.926 0 0
2026-05-29 3116 1175.914 0 0
2026-05-30 3113 1176.174 0 0
2026-05-31 3111 1178.172 0 0
2026-06-01 3118 1178.172 0 0
2026-06-02 3104 1178.172 0 0
2026-06-03 3098 1178.764 0 0
2026-06-04 3088 1179.287 0 0
2026-06-05 3088 1177.424 0 0
2026-06-06 3073 1176.816 0 0
2026-06-07 3071 1177.772 0 0
2026-06-09 3063 1177.772 0 0
2026-06-10 3062 1175.376 0 0
2026-06-11 3058 1177.876 0 0
2026-06-12 3069 1176.59 0 0
2026-06-13 3071 1176.625 0 0
2026-06-14 3078 1179.427 0 0
2026-06-16 3097 1179.427 0 0
2026-06-17 3089 1180.16 0 0
2026-06-18 3083 1180.107 0 0
2026-06-19 3086 1180.212 0 0
2026-06-20 3082 1179.322 0 0
2026-06-21 3082 1179.322 0 0
2026-06-22 3082 1179.322 0 0
2026-06-23 3080 1179.322 0 0
2026-06-24 3077 1176.851 0 0
2026-06-25 3074 1175.03 0 0
2026-06-26 3064 1171.973 0 0
2026-06-27 3075 1172.853 0 0
2026-06-28 3088 1172.646 0 0
2026-06-29 3087 1172.646 0 0
2026-06-30 3093 1172.646 0 0
2026-07-01 3096 1173.923 0 0
2026-07-02 3100 1175.255 0 0
2026-07-03 3099 1173.819 0 0
2026-07-04 3111 1175.03 0 0
2026-07-05 3111 1175.03 0 0
2026-07-06 3114 1175.03 0 0
2026-07-07 3107 1175.03 0 0
2026-07-08 3099 1173.992 0 0
2026-07-09 3085 1173.474 0 0
2026-07-10 3098 1172.818 0 0
2026-07-11 3099 1173.819 0 0
2026-07-12 3098 1176.434 0 0
2026-07-13 3090 1176.434 0 0
2026-07-14 3075 1176.434 0 0
2026-07-15 3091 1175.914 0 0
2026-07-16 3092 1176.573 0 0
2026-07-17 3081 1177.737 0 0
2026-07-18 3073 1178.294 0 0
2026-07-19 3073 1176.695 0 0
2026-07-20 3075 1176.695 0 0
2026-07-21 3074 1176.695 0 0
2026-07-22 3072 1178.555 0 0
2026-07-23 3071 1178.52 0 0
2026-07-24 3066 1177.216 0 0
2026-07-25 3056 1177.824 0 0
2026-07-26 3059 1177.198 0 0
2026-07-27 3063 1177.198 0 0
2026-07-28 3064 1177.198 0 0
2026-07-29 3071 1178.364 0 0
2026-07-30 3072 1178.399 0 0
2026-07-31 3074 1178.642 0 0
2026-08-01 3084 1180.265 0 0
2026-08-02 3075 1181.839 0 0
2026-08-03 3079 1181.839 0 0
2026-08-04 3086 1181.839 0 0
2026-08-05 3103 1180.649 0 0
2026-08-06 3101 1180.876 0 0
2026-08-07 3103 1181.489 0 0
2026-08-08 3111 1181.279 0 0
2026-08-09 3113 1181.559 0 0
2026-08-10 3115 1181.559 0 0
2026-08-11 3116 1181.559 0 0
2026-08-12 3119 1181.559 0 0
2026-08-13 3113 1182.154 0 0
2026-08-14 3118 1182.259 0 0
>>>>>>> 2b550085baac25c543016ca743053a87bf115d5d
2026-08-15 3117 1182.259 0 0
2026-08-16 3118 1182.803 0 0
2026-08-17 3117 1182.803 0 0
2026-08-18 3113 1182.803 0 0
2026-08-19 3114 1183.488 0 0
2026-08-20 3105 1182.698 0 0
2026-08-21 3102 1183.558 0 0
2026-08-22 3115 1185.987 0 0
2026-08-24 3116 1186.587 0 0
2026-08-25 3112 1186.587 0 0
2026-08-26 3115 1186.04 0 0
2026-08-27 3122 1186.199 0 0
2026-08-28 3128 1186.587 0 0
2026-08-29 3120 1186.711 0 0
2026-08-30 3128 1186.622 0 0
