2026-03-10 2781 1375.411 0 0
2026-03-11 2785 1381.862 6.451 0.469
2026-03-12 2803 1360.644 -21.218 -1.535
2026-03-13 2802 1354.46 -6.184 -0.454
2026-03-14 2796 1354.46 0 0
2026-03-15 2796 1354.46 0 0
2026-03-16 2778 1367.239 12.779 0.943
2026-03-17 2740 1388.436 21.197 1.55
2026-03-18 2764 1375.452 -12.984 -0.935
2026-03-19 2753 1373.137 -2.315 -0.168
2026-03-20 2771 1346.37 -26.767 -1.949
2026-03-21 2773 1346.37 0 0
2026-03-22 2773 1346.37 0 0
2026-03-23 2756 1349.012 2.642 0.196
2026-03-24 2826 1305.103 -43.909 -3.255
2026-03-25 2837 1306.809 1.706 0.131
2026-03-27 2937 1240.509 -66.396 -5.08
2026-03-28 2934 1240.509 0 0
2026-03-29 2934 1240.509 0 0
2026-03-30 2926 1237.519 -2.99 -0.241
2026-03-31 2848 1294.412 56.893 4.597
2026-04-01 2791 1331.01 36.598 2.827
2026-04-02 2797 1326.791 -4.219 -0.317
2026-04-03 2791 1326.791 0 0
2026-04-04 2791 1326.791 0 0
2026-04-05 2791 1326.791 0 0
2026-04-06 2772 1341.987 15.196 1.145
2026-04-07 2748 1366.031 24.044 1.792
2026-04-08 2704 1412.459 46.428 3.399
2026-04-09 2705 1418.193 5.734 0.406
2026-04-10 2716 1414.302 -3.891 -0.274
2026-04-11 2716 1414.302 0 0
2026-04-12 2716 1414.302 0 0
2026-04-13 2698 1429.785 15.483 1.095
2026-04-14 2652 1476.828 47.043 3.29
2026-04-15 2641 1493.416 16.588 1.123
2026-04-16 2652 1487.682 -5.734 -0.384
2026-04-17 2618 1512.852 25.17 1.692
2026-04-18 2620 1512.852 0 0
2026-04-19 2620 1512.852 0 0
2026-04-20 2655 1495.935 -16.917 -1.118
2026-04-21 2674 1475.332 -20.603 -1.377
2026-04-22 2629 1504.598 29.266 1.984
2026-04-23 2625 1503.759 -0.839 -0.056
2026-04-24 2598 1524.403 20.644 1.373
2026-04-25 2596 1524.403 0 0
2026-04-26 2596 1524.403 0 0
2026-04-27 2575 1549.265 24.862 1.631
2026-04-28 2576 1546.029 -3.236 -0.209
2026-04-29 2573 1545.968 -0.061 -0.004
2026-04-30 2422 1688.284 142.316 9.206
2026-05-01 2419 1692.728 4.444 0.263
2026-05-02 2423 1692.728 0 0
2026-05-04 2436 1680.399 -12.329 -0.728
2026-05-05 2422 1700.49 20.091 1.196
2026-05-06 2383 1742.433 41.943 2.467
2026-05-07 2383 1742.658 0.225 0.013
2026-05-08 2376 1751.997 9.339 0.536
2026-05-09 2376 1751.997 0 0
<<<<<<< HEAD
2026-05-10 2377 1751.997 0 0
2026-05-11 2429 1706.04 -45.957 -2.623
2026-05-12 2428 1697.356 -8.684 -0.509
2026-05-13 2346 1759.8 62.444 3.679
2026-05-14 2362 1752.796 -7.004 -0.398
2026-05-15 2370 1736.125 -16.671 -0.951
2026-05-16 2360 1736.125 0 0
2026-05-17 2360 1736.125 0 0
2026-05-18 2356 1736.022 -0.103 -0.006
2026-05-19 2405 1700.203 -35.819 -2.063
2026-05-20 2403 1702.763 2.56 0.151
2026-05-21 2407 1702.763 0 0
2026-05-22 2431 1679.293 -23.47 -1.378
2026-05-23 2433 1679.293 0 0
2026-05-24 2433 1679.293 0 0
2026-05-26 2418 1702.579 23.286 1.387
2026-05-27 2413 1702.456 -0.123 -0.007
2026-05-28 2401 1707.76 5.304 0.312
2026-05-29 2437 1667.865 -39.895 -2.336
2026-05-31 2439 1667.865 0 0
2026-06-01 2458 1651.85 -16.015 -0.96
2026-06-02 2513 1593.052 -58.798 -3.56
2026-06-03 2524 1581.644 -11.408 -0.716
2026-06-04 2463 1636.51 54.866 3.469
2026-06-05 2465 1621.826 -14.684 -0.897
2026-06-06 2462 1621.826 0 0
2026-06-07 2462 1621.826 0 0
2026-06-08 2471 1601.735 -20.091 -1.239
2026-06-09 2471 1605.974 4.239 0.265
2026-06-10 2510 1571.466 -34.508 -2.149
2026-06-11 2498 1580.948 9.482 0.603
2026-06-12 2506 1588.136 7.188 0.455
2026-06-13 2510 1588.136 0 0
2026-06-15 2483 1626.27 38.134 2.401
2026-06-16 2464 1642.429 16.159 0.994
2026-06-17 2510 1604.623 -37.806 -2.302
2026-06-18 2484 1624.284 19.661 1.225
2026-06-19 2478 1624.284 0 0
2026-06-20 2479 1624.284 0 0
2026-06-21 2479 1624.284 0 0
2026-06-23 2583 1535.646 -88.638 -5.457
2026-06-24 2580 1531.796 -3.85 -0.251
2026-06-25 2585 1522.723 -9.073 -0.592
2026-06-26 2619 1494.42 -28.303 -1.859
2026-06-27 2619 1494.42 0 0
2026-06-28 2619 1494.42 0 0
2026-06-29 2543 1561.697 67.277 4.502
2026-06-30 2540 1573.514 11.817 0.757
2026-07-01 2517 1590.717 17.203 1.093
2026-07-02 2527 1584.552 -6.165 -0.388
2026-07-03 2532 1584.552 0 0
2026-07-04 2532 1584.552 0 0
2026-07-05 2532 1584.552 0 0
2026-07-06 2498 1615.825 31.273 1.974
2026-07-07 2500 1614.371 -1.454 -0.09
2026-07-08 2509 1593.85 -20.521 -1.271
2026-07-09 2524 1582.586 -11.264 -0.707
2026-07-10 2538 1576.606 -5.98 -0.378
2026-07-11 2538 1576.606 0 0
2026-07-12 2538 1576.606 0 0
2026-07-13 2554 1558.113 -18.493 -1.173
2026-07-14 2517 1586.088 27.975 1.795
2026-07-15 2481 1635.834 49.746 3.136
2026-07-16 2540 1568.537 -67.297 -4.114
2026-07-17 2567 1537.039 -31.498 -2.008
2026-07-18 2567 1537.039 0 0
2026-07-19 2566 1537.039 0 0
2026-07-20 2539 1558.481 21.442 1.395
2026-07-21 2572 1537.96 -20.521 -1.317
2026-07-22 2585 1518.832 -19.128 -1.244
2026-07-23 2705 1420.589 -98.243 -6.468
2026-07-24 2688 1426.324 5.735 0.404
2026-07-25 2689 1426.324 0 0
2026-07-26 2689 1426.324 0 0
2026-07-27 2667 1455.61 29.286 2.053
2026-07-28 2632 1482.603 26.993 1.854
2026-07-29 2618 1495.219 12.616 0.851
2026-07-30 2635 1484.712 -10.507 -0.703
2026-07-31 2514 1577.773 93.061 6.268
2026-08-01 2518 1577.773 0 0
2026-08-02 2518 1577.773 0 0
2026-08-03 2466 1645.767 67.994 4.309
2026-08-04 2462 1660.144 14.377 0.874
2026-08-05 2531 1597.803 -62.341 -3.755
2026-08-06 2549 1581.03 -16.773 -1.05
2026-08-07 2577 1567.513 -13.517 -0.855
2026-08-08 2577 1567.513 0 0
2026-08-09 2577 1567.513 0 0
2026-08-10 2561 1578.961 11.448 0.73
2026-08-11 2631 1524.566 -54.395 -3.445
2026-08-12 2629 1522.744 -1.822 -0.12
2026-08-13 2611 1531.734 8.99 0.59
=======
2026-05-10 2376 1751.997 0 0
2026-05-11 2381 1751.997 0 0
2026-05-12 2428 1706.04 0 0
2026-05-13 2429 1697.356 0 0
2026-05-14 2345 1759.8 0 0
2026-05-15 2360 1752.796 0 0
2026-05-16 2370 1736.125 0 0
2026-05-17 2360 1736.125 0 0
2026-05-18 2356 1736.125 0 0
2026-05-19 2355 1736.022 0 0
2026-05-20 2409 1700.203 0 0
2026-05-21 2404 1702.763 0 0
2026-05-22 2414 1697.274 0 0
2026-05-23 2431 1679.293 0 0
2026-05-24 2433 1679.293 0 0
2026-05-25 2432 1679.293 0 0
2026-05-26 2440 1679.293 0 0
2026-05-27 2415 1702.579 0 0
2026-05-28 2404 1702.456 0 0
2026-05-29 2400 1707.76 0 0
2026-05-30 2437 1667.865 0 0
2026-05-31 2439 1667.865 0 0
2026-06-01 2448 1667.865 0 0
2026-06-02 2458 1651.85 0 0
2026-06-03 2520 1593.052 0 0
2026-06-04 2521 1581.644 0 0
2026-06-05 2463 1636.51 0 0
2026-06-06 2465 1621.826 0 0
2026-06-07 2462 1621.826 0 0
2026-06-09 2473 1601.735 0 0
2026-06-10 2467 1605.974 0 0
2026-06-11 2507 1571.466 0 0
2026-06-12 2511 1580.948 0 0
2026-06-13 2506 1588.136 0 0
2026-06-14 2510 1588.136 0 0
2026-06-16 2481 1626.27 0 0
2026-06-17 2462 1642.429 0 0
2026-06-18 2507 1604.623 0 0
2026-06-19 2483 1624.284 0 0
2026-06-20 2478 1624.284 0 0
2026-06-21 2479 1624.284 0 0
2026-06-22 2477 1624.284 0 0
2026-06-23 2575 1548.446 0 0
2026-06-24 2579 1535.646 0 0
2026-06-25 2579 1531.796 0 0
2026-06-26 2572 1522.723 0 0
2026-06-27 2619 1494.42 0 0
2026-06-28 2619 1494.42 0 0
2026-06-29 2625 1494.42 0 0
2026-06-30 2544 1561.697 0 0
2026-07-01 2537 1573.514 0 0
2026-07-02 2521 1590.717 0 0
2026-07-03 2531 1584.552 0 0
2026-07-04 2532 1584.552 0 0
2026-07-05 2532 1584.552 0 0
2026-07-06 2533 1584.552 0 0
2026-07-07 2497 1615.825 0 0
2026-07-08 2497 1614.371 0 0
2026-07-09 2502 1593.85 0 0
2026-07-10 2526 1582.586 0 0
2026-07-11 2538 1576.606 0 0
2026-07-12 2538 1576.606 0 0
2026-07-13 2535 1576.606 0 0
2026-07-14 2553 1558.113 0 0
2026-07-15 2518 1586.088 0 0
2026-07-16 2480 1635.834 0 0
2026-07-17 2534 1568.537 0 0
2026-07-18 2567 1537.039 0 0
2026-07-19 2567 1537.039 0 0
2026-07-20 2568 1537.039 0 0
2026-07-21 2540 1558.481 0 0
2026-07-22 2576 1537.96 0 0
2026-07-23 2581 1518.832 0 0
2026-07-24 2701 1420.589 0 0
2026-07-25 2688 1426.324 0 0
2026-07-26 2689 1426.324 0 0
2026-07-27 2695 1426.324 0 0
2026-07-28 2662 1455.61 0 0
2026-07-29 2635 1482.603 0 0
2026-07-30 2619 1495.219 0 0
2026-07-31 2647 1484.712 0 0
2026-08-01 2514 1577.773 0 0
2026-08-02 2518 1577.773 0 0
2026-08-03 2521 1577.773 0 0
2026-08-04 2470 1645.767 0 0
2026-08-05 2466 1660.144 0 0
2026-08-06 2532 1597.803 0 0
2026-08-07 2553 1581.03 0 0
2026-08-08 2577 1567.513 0 0
2026-08-09 2577 1567.513 0 0
2026-08-10 2579 1567.513 0 0
2026-08-11 2559 1578.961 0 0
2026-08-12 2632 1524.566 0 0
2026-08-13 2633 1522.744 0 0
2026-08-14 2613 1531.734 0 0
>>>>>>> 2b550085baac25c543016ca743053a87bf115d5d
2026-08-15 2617 1529.973 0 0
2026-08-16 2623 1529.973 0 0
2026-08-17 2623 1529.973 0 0
2026-08-18 2635 1521.802 0 0
2026-08-19 2633 1521.863 0 0
2026-08-20 2630 1523.788 0 0
2026-08-21 2649 1508.326 0 0
2026-08-22 2639 1524.095 0 0
2026-08-24 2640 1524.095 0 0
