2026-05-07 795 5411.09 0 0
2026-05-08 800 5392.633 -18.457 -0.341
2026-05-09 799 5392.29 -0.343 -0.006
2026-05-10 799 5392.29 0 0
2026-05-11 706 5926.682 534.392 9.91
2026-05-12 642 6378.253 451.571 7.619
2026-05-13 577 6869.841 491.588 7.707
2026-05-14 570 6981.308 111.467 1.623
2026-05-15 641 6374.984 -606.324 -8.685
2026-05-16 640 6370.941 -4.043 -0.063
2026-05-17 640 6370.941 0 0
2026-05-18 666 6150.857 -220.084 -3.454
2026-05-19 675 6094.72 -56.137 -0.913
2026-05-20 631 6422.715 327.995 5.382
2026-05-21 634 6420.991 -1.724 -0.027
2026-05-22 545 7105.776 684.785 10.665
2026-05-23 543 7145.483 39.707 0.559
2026-05-24 543 7145.483 0 0
2026-05-26 528 7301.568 156.085 2.184
2026-05-27 537 7223.859 -77.709 -1.064
2026-05-28 544 7142.885 -80.974 -1.121
2026-05-29 500 7652.146 509.261 7.13
2026-05-31 501 7673.642 21.496 0.281
2026-06-01 568 6985.899 -687.743 -8.962
2026-06-02 595 6663.202 -322.697 -4.619
2026-06-03 568 6960.357 297.155 4.46
2026-06-04 578 6845.458 -114.899 -1.651
2026-06-05 584 6734.568 -110.89 -1.62
2026-06-06 584 6722.71 -11.858 -0.176
2026-06-07 584 6722.71 0 0
2026-06-08 608 6502.518 -220.192 -3.275
2026-06-09 628 6401.769 -100.749 -1.549
2026-06-10 644 6301.521 -100.248 -1.566
2026-06-11 624 6486.91 185.389 2.942
2026-06-12 599 6632.248 145.338 2.24
2026-06-13 600 6642.002 9.754 0.147
2026-06-15 606 6637.429 -4.573 -0.069
2026-06-16 592 6795.412 157.983 2.38
2026-06-17 592 6762.229 -33.183 -0.488
2026-06-18 638 6437.565 -324.664 -4.801
2026-06-19 636 6441.646 4.081 0.063
2026-06-20 636 6441.646 0 0
2026-06-21 636 6441.646 0 0
2026-06-23 646 6276.872 -164.774 -2.558
2026-06-24 655 6216.93 -59.942 -0.955
2026-06-25 637 6341.78 124.85 2.008
2026-06-26 690 5948.546 -393.234 -6.201
2026-06-27 690 5936.712 -11.834 -0.199
2026-06-28 690 5936.712 0 0
2026-06-29 709 5841.579 -95.133 -1.602
2026-06-30 702 5913.422 71.843 1.23
2026-07-01 640 6365.648 452.226 7.647
2026-07-02 622 6424.855 59.207 0.93
2026-07-03 659 6262.505 -162.35 -2.527
2026-07-04 659 6262.505 0 0
2026-07-05 659 6262.505 0 0
2026-07-06 660 6203.66 -58.845 -0.94
2026-07-07 737 5622.65 -581.01 -9.366
2026-07-08 754 5491.379 -131.271 -2.335
2026-07-09 678 6045.592 554.213 10.092
2026-07-10 682 6027.29 -18.302 -0.303
2026-07-11 682 6027.29 0 0
2026-07-12 682 6027.29 0 0
2026-07-13 673 6067.696 40.406 0.67
2026-07-14 708 5795.189 -272.507 -4.491
2026-07-15 673 6084.282 289.093 4.988
2026-07-16 676 6062.105 -22.177 -0.364
2026-07-17 749 5484.998 -577.107 -9.52
2026-07-18 748 5470.001 -14.997 -0.273
2026-07-19 748 5470.001 0 0
2026-07-20 760 5411.928 -58.073 -1.062
2026-07-21 705 5872.59 460.662 8.512
2026-07-22 713 5759.335 -113.255 -1.929
2026-07-23 703 5825.154 65.819 1.143
2026-07-24 748 5464.957 -360.197 -6.183
2026-07-25 753 5442.895 -22.062 -0.404
2026-07-26 753 5442.895 0 0
2026-07-27 755 5491.91 49.015 0.901
2026-07-28 801 5197.432 -294.478 -5.362
2026-07-29 895 4661.024 -536.408 -10.321
2026-07-30 830 5066.628 405.604 8.702
2026-07-31 741 5550.273 483.645 9.546
2026-08-01 738 5576.634 26.361 0.475
2026-08-02 738 5576.634 0 0
2026-08-03 710 5795.852 219.218 3.931
2026-08-04 750 5562.347 -233.505 -4.029
2026-08-05 711 5859.255 296.908 5.338
2026-08-06 711 5843.303 -15.952 -0.272
2026-08-07 729 5716.849 -126.454 -2.164
2026-08-08 732 5699.433 -17.416 -0.305
2026-08-09 732 5699.433 0 0
2026-08-10 739 5663.658 -35.775 -0.628
2026-08-11 725 5726.264 62.606 1.105
2026-08-12 705 5850.858 124.594 2.176
2026-08-13 671 6122.259 271.401 4.639
2026-08-15 683 6000.582 -121.677 -1.987
2026-08-16 683 6000.582 0 0
2026-08-17 664 6145.12 144.538 2.409
2026-08-18 684 5974.618 -170.502 -2.775
2026-08-19 704 5880.524 -94.094 -1.575
2026-08-20 700 5880.924 0.4 0.007
2026-08-21 712 5838.293 -42.631 -0.725
2026-08-23 711 5860.095 21.802 0.373
2026-08-24 727 5723.972 -136.123 -2.323
2026-08-25 737 5677.078 -46.894 -0.819
2026-08-26 710 5793.844 116.766 2.057
2026-08-27 713 5811.664 17.82 0.308
2026-08-28 691 5971.996 160.332 2.759
2026-08-29 690 5985.694 13.698 0.229
2026-08-30 690 5985.694 0 0
2026-08-31 780 5409.31 -576.384 -9.629
2026-09-01 779 5445.906 0 0
2026-09-02 806 5298.71 0 0
2026-09-03 769 5507.031 0 0
2026-09-04 778 5450.943 0 0
