2025-10-29 3084 1031.11 0 0
2025-10-30 3111 1013.555 -17.555 -1.703
2025-10-31 3115 1011.884 -1.671 -0.165
2025-11-01 3122 1011.884 0 0
2025-11-02 3122 1011.884 0 0
2025-11-03 3078 1030.485 18.601 1.838
2025-11-04  995.65 -34.835 -3.38
2026-04-18 3391 1007.106 11.456 1.151
2026-04-19 3391 1007.106 0 0
2026-04-20 3385 1008.74 1.634 0.162
2026-04-21  999.585 -9.155 -0.908
2026-04-23  998.48 -1.105 -0.111
2026-04-25 3327 1035.121 36.641 3.67
2026-04-26 3327 1035.121 0 0
2026-04-27 3289 1070.52 35.399 3.42
2026-04-28 3305 1055.941 -14.579 -1.362
2026-04-29 3320 1039.475 -16.466 -1.559
2026-04-30  998.38 -41.095 -3.953
2026-05-07 3326 1049.018 50.638 5.072
2026-05-08 3311 1064.736 15.718 1.498
2026-05-09 3310 1064.736 0 0
2026-05-10 3310 1064.736 0 0
2026-05-11 3295 1082.628 17.892 1.68
2026-05-12 3277 1088.264 5.636 0.521
2026-05-13 3235 1109.601 21.337 1.961
2026-05-14 3162 1151.572 41.971 3.783
2026-05-15 3226 1107.567 -44.005 -3.821
2026-05-16 3224 1107.567 0 0
2026-05-17 3224 1107.567 0 0
2026-05-18 3245 1095.083 -12.484 -1.127
2026-05-19 3263 1088.134 -6.949 -0.635
2026-05-20 3240 1100.287 12.153 1.117
2026-05-21 3244 1100.287 0 0
2026-05-22 3301 1065.79 -34.497 -3.135
2026-05-23 3301 1065.79 0 0
2026-05-24 3301 1065.79 0 0
2026-05-26 3310 1063.851 -1.939 -0.182
2026-05-27 3316 1054.084 -9.767 -0.918
2026-05-28 3306 1061.284 7.2 0.683
2026-05-29 3314 1048.424 -12.86 -1.212
2026-05-31 3316 1048.424 0 0
2026-06-01 3227 1104.59 56.166 5.357
2026-06-02 3240 1098.285 -6.305 -0.571
2026-06-03 3289 1063.923 -34.362 -3.129
2026-06-04 3260 1080.434 16.511 1.552
2026-06-05 3329 1022.78 -57.654 -5.336
2026-06-06 3327 1022.78 0 0
2026-06-07 3327 1022.78 0 0
2026-06-08 3290 1037.739 14.959 1.463
2026-06-09 3294 1035.711 -2.028 -0.195
2026-06-10 3347 1002.804 -32.907 -3.177
2026-06-11 3311 1021.669 18.865 1.881
2026-06-12 3322 1023.015 1.346 0.132
2026-06-13 3328 1023.015 0 0
2026-06-15 3286 1053.904 30.889 3.019
2026-06-16 3325 1032.438 -21.466 -2.037
2026-06-17 3336 1020.738 -11.7 -1.133
2026-06-18 3297 1046.328 25.59 2.507
2026-06-19 3299 1046.328 0 0
2026-06-20 3299 1046.328 0 0
2026-06-21 3299 1046.328 0 0
2026-06-23 3346 1001.258 -45.07 -4.307
2026-06-24  996.944 -4.314 -0.431
2026-07-01  992.317 -4.627 -0.464
2026-07-09 3333 1014.832 22.515 2.269
2026-07-10 3295 1049.27 34.438 3.393
2026-07-11 3299 1049.27 0 0
2026-07-12 3299 1049.27 0 0
2026-07-13 3332 1017.708 -31.562 -3.008
2026-07-14 3281 1053.229 35.521 3.49
2026-07-15 3286 1055.852 2.623 0.249
2026-07-16 3317 1034.185 -21.667 -2.052
2026-07-17 3330 1014.752 -19.433 -1.879
2026-07-18 3330 1014.752 0 0
2026-07-19 3329 1014.752 0 0
2026-07-20 3325 1016.448 1.696 0.167
2026-07-21 3302 1032.928 16.48 1.621
2026-07-22 3268 1052.963 20.035 1.94
2026-07-23 3287 1038.812 -14.151 -1.344
2026-07-24 3294 1030.765 -8.047 -0.775
2026-07-25 3294 1030.765 0 0
2026-07-26 3294 1030.765 0 0
2026-07-27  987.023 -43.742 -4.244
2026-08-01 3355 1005.016 17.993 1.823
2026-08-02 3355 1005.016 0 0
2026-08-03 3323 1030.296 25.28 2.515
2026-08-04 3306 1052.887 22.591 2.193
2026-08-05 3263 1083.741 30.854 2.93
2026-08-06 3265 1082.79 -0.951 -0.088
2026-08-07 3234 1103.878 21.088 1.948
2026-08-08 3236 1103.878 0 0
2026-08-09 3236 1103.878 0 0
2026-08-10 3283 1076.763 -27.115 -2.456
2026-08-11 3279 1076.71 -0.053 -0.005
2026-08-12 3239 1104.515 27.805 2.582
2026-08-13 3229 1110.064 5.549 0.502
2026-08-15 3229 1109.234 -0.83 -0.075
2026-08-16 3229 1109.234 0 0
2026-08-17 3220 1108.175 -1.059 -0.095
2026-08-18 3263 1085.992 -22.183 -2.002
2026-08-19 3266 1076.608 -9.384 -0.864
2026-08-20 3280 1073.436 -3.172 -0.295
2026-08-21 3300 1064.449 -8.987 -0.837
2026-08-23 3304 1064.449 0 0
2026-08-24 3333 1037.949 -26.5 -2.49
2026-08-25 3312 1057.152 19.203 1.85
2026-08-26 3335 1042.91 -14.242 -1.347
2026-08-27 3214 1121.083 78.173 7.496
2026-08-28 3293 1076.898 -44.185 -3.941
2026-08-29 3294 1076.898 0 0
2026-08-30 3294 1076.898 0 0
2026-08-31 3269 1090.65 13.752 1.277
2026-09-01 3270 1090.65 0 0
