2026-05-19 1304 3257.876 0 0
2026-05-20 1169 3662.145 404.269 12.409
2026-05-21 1176 3660.907 -1.238 -0.034
2026-05-22 1044 4079.297 418.39 11.429
2026-05-23 1043 4086.141 6.844 0.168
2026-05-24 1043 4086.141 0 0
2026-05-26 1022 4142.671 56.53 1.383
2026-05-27 1032 4119.195 -23.476 -0.567
2026-05-28 982 4344.855 225.66 5.478
2026-05-29 1072 4013.157 -331.698 -7.634
2026-05-31 1071 4019.976 6.819 0.17
2026-06-01 1132 3806.864 -213.112 -5.301
2026-06-02 981 4349.494 542.63 14.254
2026-06-03 911 4688.309 338.815 7.79
2026-06-04 853 4951.829 263.52 5.621
2026-06-05 837 5007.659 55.83 1.127
2026-06-06 836 5011.727 4.068 0.081
2026-06-07 836 5011.727 0 0
2026-06-08 771 5362.197 350.47 6.993
2026-06-09 769 5360.99 -1.207 -0.023
2026-06-10 819 5065.914 -295.076 -5.504
2026-06-11 805 5139.744 73.83 1.457
2026-06-12 870 4852.789 -286.955 -5.583
2026-06-13 872 4864.345 11.556 0.238
2026-06-15 821 5114.23 249.885 5.137
2026-06-16 827 5082.759 -31.471 -0.615
2026-06-17 768 5421.993 339.234 6.674
2026-06-18 751 5555.929 133.936 2.47
2026-06-19 750 5551.739 -4.19 -0.075
2026-06-20 750 5551.739 0 0
2026-06-21 750 5551.739 0 0
2026-06-23 749 5509.755 -41.984 -0.756
2026-06-24 671 6028.113 518.358 9.408
2026-06-25 649 6277.409 249.296 4.136
2026-06-26 781 5351.433 -925.976 -14.751
2026-06-27 781 5350.489 -0.944 -0.018
2026-06-28 781 5350.489 0 0
2026-06-29 758 5466.804 116.315 2.174
2026-06-30 771 5408.32 -58.484 -1.07
2026-07-01 802 5234.165 -174.155 -3.22
2026-07-02 855 4959.978 -274.187 -5.238
2026-07-03 798 5291.438 331.46 6.683
2026-07-04 798 5291.438 0 0
2026-07-05 798 5291.438 0 0
2026-07-06 816 5181.879 -109.559 -2.07
2026-07-07 818 5123.736 -58.143 -1.122
2026-07-08 849 4965.478 -158.258 -3.089
2026-07-09 801 5243.32 277.842 5.595
2026-07-10 874 4855.096 -388.224 -7.404
2026-07-11 873 4865.911 10.815 0.223
2026-07-12 873 4865.911 0 0
2026-07-13 929 4515.909 -350.002 -7.193
2026-07-14 859 4908.828 392.919 8.701
2026-07-15 879 4824.612 -84.216 -1.716
2026-07-16 915 4633.082 -191.53 -3.97
2026-07-17 1147 3708.265 -924.817 -19.961
2026-07-18 1147 3703.231 -5.034 -0.136
2026-07-19 1147 3703.231 0 0
2026-07-20 1059 3982.37 279.139 7.538
2026-07-21 904 4659.797 677.427 17.011
2026-07-22 946 4414.244 -245.553 -5.27
2026-07-23 926 4525.939 111.695 2.53
2026-07-24 905 4568 42.061 0.929
2026-07-25 906 4565.572 -2.428 -0.053
2026-07-26 906 4565.572 0 0
2026-07-27 835 5023.951 458.379 10.04
2026-07-28 962 4324.64 -699.311 -13.92
2026-07-29 1006 4180.157 -144.483 -3.341
2026-07-30 1179 3591.469 -588.688 -14.083
2026-07-31 1117 3839.919 248.45 6.918
2026-08-01 1117 3845.041 5.122 0.133
2026-08-02 1117 3845.041 0 0
2026-08-03 1126 3807.529 -37.512 -0.976
2026-08-04 922 4564.434 756.905 19.879
2026-08-05 875 4870.323 305.889 6.702
2026-08-06 860 4910.374 40.051 0.822
2026-08-07 810 5202.406 292.032 5.947
2026-08-08 810 5203.639 1.233 0.024
2026-08-09 810 5203.639 0 0
2026-08-10 847 5013.776 -189.863 -3.649
2026-08-11 882 4833.36 -180.416 -3.598
2026-08-12 801 5271.926 438.566 9.074
2026-08-13 810 5187.962 -83.964 -1.593
2026-08-15 811 5211.418 23.456 0.452
2026-08-16 810 5211.418 0 0
2026-08-17 794 5291.245 79.827 1.532
2026-08-18 747 5569.001 277.756 5.249
2026-08-19 810 5211.048 -357.953 -6.428
2026-08-20 769 5433.174 222.126 4.263
2026-08-21 768 5463.641 30.467 0.561
2026-08-23 770 5466.405 2.764 0.051
2026-08-24 791 5334.042 -132.363 -2.421
2026-08-25 811 5197.492 -136.55 -2.56
2026-08-26 796 5315.848 118.356 2.277
2026-08-27 769 5458.825 142.977 2.69
2026-08-28 792 5365.273 -93.552 -1.714
2026-08-29 793 5364.874 -0.399 -0.007
2026-08-30 793 5364.874 0 0
2026-08-31 725 5748.439 383.565 7.15
2026-09-01 735 5677.912 0 0
2026-09-02 722 5714.001 0 0
2026-09-03 695 5937.972 0 0
2026-09-04 697 5968.691 0 0
2026-09-05 725 5804.662 0 0
