2026-03-26 2064 1980 0 0
2026-03-27 2055 1980 0 0
2026-03-28 2042 1980 0 0
2026-03-29 2042 1980 0 0
2026-03-30 2041 1980 0 0
2026-03-31 2034 1980 0 0
2026-04-01 2057 1980 0 0
2026-04-02 2053 1980 0 0
2026-04-03 2050 1980 0 0
2026-04-04 2050 1980 0 0
2026-04-05 2050 1980 0 0
2026-04-06 2054 1980 0 0
2026-04-07 2051 1980 0 0
2026-04-08 2082 1980 0 0
2026-04-09 2094 1980 0 0
2026-04-10 2099 1980 0 0
2026-04-11 2100 1980 0 0
2026-04-12 2100 1980 0 0
2026-04-13 2103 1980 0 0
2026-04-14 2105 1980 0 0
2026-04-15 2121 1980 0 0
2026-04-16 2130 1980 0 0
2026-04-17 2132 1980 0 0
2026-04-18 2136 1980 0 0
2026-04-19 2136 1980 0 0
2026-04-20 2135 1980 0 0
2026-04-21 2130 1980 0 0
2026-04-22 2129 1980 0 0
2026-04-23 2114 1980 0 0
2026-04-24 2119 1980 0 0
2026-04-25 2117 1980 0 0
2026-04-26 2117 1980 0 0
2026-04-27 2118 1980 0 0
2026-04-28 2119 1980 0 0
2026-04-29 2107 1980 0 0
2026-04-30 2108 1980 0 0
2026-05-01 2110 1980 0 0
2026-05-02 2113 1980 0 0
2026-05-04 2117 1980 0 0
<<<<<<< HEAD
2026-05-05 2129 1980 0 0
2026-05-06 2134 1980 0 0
2026-05-07 2138 1980 0 0
2026-05-08 2145 1980 0 0
2026-05-09 2140 1980 0 0
2026-05-10 2140 1980 0 0
2026-05-11 2142 1980 0 0
2026-05-12 2127 1980 0 0
2026-05-13 2126 1980 0 0
2026-05-14 2128 1980 0 0
2026-05-15 2118 1980 0 0
2026-05-16 2109 1980 0 0
2026-05-17 2109 1980 0 0
2026-05-18 2112 1980 0 0
2026-05-19 2112 1980 0 0
2026-05-20 2114 1980 0 0
2026-05-21 2116 1980 0 0
2026-05-22 2115 1980 0 0
2026-05-23 2115 1980 0 0
2026-05-24 2115 1980 0 0
2026-05-26 2119 1980 0 0
2026-05-27 2108 1980 0 0
2026-05-28 2117 1980 0 0
2026-05-29 2110 1980 0 0
2026-05-31 2121 1980 0 0
2026-06-01 2116 1980 0 0
2026-06-02 2109 1980 0 0
2026-06-03 2102 1980 0 0
2026-06-04 2106 1980 0 0
2026-06-05 2088 1980 0 0
2026-06-06 2087 1980 0 0
2026-06-07 2087 1980 0 0
2026-06-08 2082 1980 0 0
2026-06-09 2083 1980 0 0
2026-06-10 2077 1980 0 0
2026-06-11 2070 1980 0 0
2026-06-12 2079 1980 0 0
2026-06-13 2094 1980 0 0
2026-06-15 2103 1980 0 0
2026-06-16 2109 1980 0 0
2026-06-17 2107 1980 0 0
2026-06-18 2104 1980 0 0
2026-06-19 2101 1980 0 0
2026-06-20 2101 1980 0 0
2026-06-21 2101 1980 0 0
2026-06-23 2091 1980 0 0
2026-06-24 2085 1980 0 0
2026-06-25 2081 1980 0 0
2026-06-26 2082 1980 0 0
2026-06-27 2083 1980 0 0
2026-06-28 2083 1980 0 0
2026-06-29 2086 1980 0 0
2026-06-30 2091 1980 0 0
2026-07-01 2096 1980 0 0
2026-07-02 2100 1980 0 0
2026-07-03 2106 1980 0 0
2026-07-04 2106 1980 0 0
2026-07-05 2106 1980 0 0
2026-07-06 2113 1980 0 0
2026-07-07 2095 1980 0 0
2026-07-08 2074 1980 0 0
2026-07-09 2085 1980 0 0
2026-07-10 2091 1980 0 0
2026-07-11 2094 1980 0 0
2026-07-12 2094 1980 0 0
2026-07-13 2085 1980 0 0
2026-07-14 2085 1980 0 0
2026-07-15 2090 1980 0 0
2026-07-16 2096 1980 0 0
2026-07-17 2085 1980 0 0
2026-07-18 2086 1980 0 0
2026-07-19 2085 1980 0 0
2026-07-20 2076 1980 0 0
2026-07-21 2091 1980 0 0
2026-07-22 2089 1980 0 0
2026-07-23 2085 1980 0 0
2026-07-24 2070 1980 0 0
2026-07-25 2069 1980 0 0
2026-07-26 2069 1980 0 0
2026-07-27 2088 1980 0 0
2026-07-28 2075 1980 0 0
2026-07-29 2075 1980 0 0
2026-07-30 2078 1980 0 0
2026-07-31 2096 1980 0 0
2026-08-01 2097 1980 0 0
2026-08-02 2097 1980 0 0
2026-08-03 2108 1980 0 0
2026-08-04 2112 1980 0 0
2026-08-05 2120 1980 0 0
2026-08-06 2120 1980 0 0
2026-08-07 2126 1980 0 0
2026-08-08 2130 1980 0 0
2026-08-09 2130 1980 0 0
2026-08-10 2134 1980 0 0
2026-08-11 2134 1980 0 0
2026-08-12 2133 1980 0 0
2026-08-13 2128 1980 0 0
=======
2026-05-05 2117 1980.0 0 0
2026-05-06 2127 1980.0 0 0
2026-05-07 2134 1980.0 0 0
2026-05-08 2142 1980.0 0 0
2026-05-09 2145 1980.0 0 0
2026-05-10 2140 1980.0 0 0
2026-05-11 2144 1980.0 0 0
2026-05-12 2141 1980.0 0 0
2026-05-13 2130 1980.0 0 0
2026-05-14 2118 1980.0 0 0
2026-05-15 2127 1980.0 0 0
2026-05-16 2118 1980.0 0 0
2026-05-17 2109 1980.0 0 0
2026-05-18 2102 1980.0 0 0
2026-05-19 2108 1980.0 0 0
2026-05-20 2106 1980.0 0 0
2026-05-21 2115 1980.0 0 0
2026-05-22 2117 1980.0 0 0
2026-05-23 2115 1980.0 0 0
2026-05-24 2115 1980.0 0 0
2026-05-25 2118 1980.0 0 0
2026-05-26 2123 1980.0 0 0
2026-05-27 2113 1980.0 0 0
2026-05-28 2112 1980.0 0 0
2026-05-29 2109 1980.0 0 0
2026-05-30 2110 1980.0 0 0
2026-05-31 2121 1980.0 0 0
2026-06-01 2120 1980.0 0 0
2026-06-02 2116 1980.0 0 0
2026-06-03 2110 1980.0 0 0
2026-06-04 2103 1980.0 0 0
2026-06-05 2103 1980.0 0 0
2026-06-06 2088 1980.0 0 0
2026-06-07 2087 1980.0 0 0
2026-06-09 2085 1980.0 0 0
2026-06-10 2082 1980.0 0 0
2026-06-11 2070 1980.0 0 0
2026-06-12 2082 1980.0 0 0
2026-06-13 2079 1980.0 0 0
2026-06-14 2094 1980.0 0 0
2026-06-16 2102 1980.0 0 0
2026-06-17 2105 1980.0 0 0
2026-06-18 2103 1980.0 0 0
2026-06-19 2103 1980.0 0 0
2026-06-20 2101 1980.0 0 0
2026-06-21 2101 1980.0 0 0
2026-06-22 2097 1980.0 0 0
2026-06-23 2100 1980.0 0 0
2026-06-24 2092 1980.0 0 0
2026-06-25 2082 1980.0 0 0
2026-06-26 2078 1980.0 0 0
2026-06-27 2082 1980.0 0 0
2026-06-28 2083 1980.0 0 0
2026-06-29 2083 1980.0 0 0
2026-06-30 2091 1980.0 0 0
2026-07-01 2101 1980.0 0 0
2026-07-02 2096 1980.0 0 0
2026-07-03 2105 1980.0 0 0
2026-07-04 2106 1980.0 0 0
2026-07-05 2106 1980.0 0 0
2026-07-06 2110 1980.0 0 0
2026-07-07 2103 1980.0 0 0
2026-07-08 2087 1980.0 0 0
2026-07-09 2071 1980.0 0 0
2026-07-10 2090 1980.0 0 0
2026-07-11 2091 1980.0 0 0
2026-07-12 2094 1980.0 0 0
2026-07-13 2088 1980.0 0 0
2026-07-14 2084 1980.0 0 0
2026-07-15 2086 1980.0 0 0
2026-07-16 2089 1980.0 0 0
2026-07-17 2088 1980.0 0 0
2026-07-18 2085 1980.0 0 0
2026-07-19 2086 1980.0 0 0
2026-07-20 2079 1980.0 0 0
2026-07-21 2075 1980.0 0 0
2026-07-22 2089 1980.0 0 0
2026-07-23 2092 1980.0 0 0
2026-07-24 2072 1980.0 0 0
2026-07-25 2070 1980.0 0 0
2026-07-26 2069 1980.0 0 0
2026-07-27 2080 1980.0 0 0
2026-07-28 2081 1980.0 0 0
2026-07-29 2080 1980.0 0 0
2026-07-30 2081 1980.0 0 0
2026-07-31 2089 1980.0 0 0
2026-08-01 2096 1980.0 0 0
2026-08-02 2097 1980.0 0 0
2026-08-03 2092 1980.0 0 0
2026-08-04 2107 1980.0 0 0
2026-08-05 2113 1980.0 0 0
2026-08-06 2118 1980.0 0 0
2026-08-07 2115 1980.0 0 0
2026-08-08 2126 1980.0 0 0
2026-08-09 2130 1980.0 0 0
2026-08-10 2124 1980.0 0 0
2026-08-11 2130 1980.0 0 0
2026-08-12 2133 1980.0 0 0
2026-08-13 2135 1980.0 0 0
2026-08-14 2129 1980.0 0 0
>>>>>>> 2b550085baac25c543016ca743053a87bf115d5d
2026-08-15 2130 1980.0 0 0
2026-08-16 2138 1980.0 0 0
2026-08-17 2137 1980.0 0 0
2026-08-18 2135 1980.0 0 0
2026-08-19 2133 1980.0 0 0
2026-08-20 2120 1980.0 0 0
