<<<<<<< HEAD
2026-05-20 2771 1394.752 0 0
2026-05-21 2773 1394.549 -0.203 -0.015
2026-05-22 2731 1426.202 31.653 2.27
2026-05-23 2731 1426.978 0.776 0.054
2026-05-24 2731 1426.978 0 0
2026-05-26 2748 1410.708 -16.27 -1.14
2026-05-27 2810 1367.23 -43.478 -3.082
2026-05-28 2882 1318.038 -49.192 -3.598
2026-05-29 2882 1313.644 -4.394 -0.333
2026-05-31 2883 1314.448 0.804 0.061
2026-06-01 2869 1321.511 7.063 0.537
2026-06-02 2881 1311.709 -9.802 -0.742
2026-06-03 2933 1281.195 -30.514 -2.326
2026-06-04 2961 1256.778 -24.417 -1.906
2026-06-05 2960 1246.298 -10.48 -0.834
2026-06-06 2959 1246.784 0.486 0.039
2026-06-07 2959 1246.784 0 0
2026-06-08 3023 1196.409 -50.375 -4.04
2026-06-09 3035 1191.648 -4.761 -0.398
2026-06-10 3082 1161.374 -30.274 -2.541
2026-06-11 3042 1184.804 23.43 2.017
2026-06-12 2941 1260.302 75.498 6.372
2026-06-13 2940 1261.767 1.465 0.116
2026-06-15 2914 1290.479 28.712 2.276
2026-06-16 2939 1274.083 -16.396 -1.271
2026-06-17 2945 1272.749 -1.334 -0.105
2026-06-18 2992 1238.659 -34.09 -2.678
2026-06-19 2987 1238.017 -0.642 -0.052
2026-06-20 2987 1238.017 0 0
2026-06-21 2987 1238.017 0 0
2026-06-23 3101 1164.029 -73.988 -5.976
2026-06-24 3125 1151.998 -12.031 -1.034
2026-06-25 3168 1110.574 -41.424 -3.596
2026-06-26 3127 1140.537 29.963 2.698
2026-06-27 3128 1140.356 -0.181 -0.016
2026-06-28 3128 1140.356 0 0
2026-06-29 3135 1139.971 -0.385 -0.034
2026-06-30 3169 1118.829 -21.142 -1.855
2026-07-01 3169 1121.879 3.05 0.273
2026-07-02 3082 1175.122 53.243 4.746
2026-07-03 2948 1272.75 97.628 8.308
2026-07-04 2948 1272.75 0 0
2026-07-05 2948 1272.75 0 0
2026-07-06 2977 1251.004 -21.746 -1.709
2026-07-07 3004 1222.286 -28.718 -2.296
2026-07-08 2968 1241.373 19.087 1.562
2026-07-09 3023 1207.365 -34.008 -2.74
2026-07-10 2965 1249.514 42.149 3.491
2026-07-11 2964 1250.524 1.01 0.081
2026-07-12 2964 1250.524 0 0
2026-07-13 2963 1239.788 -10.736 -0.859
2026-07-14 2909 1280.385 40.597 3.275
2026-07-15 2968 1242.225 -38.16 -2.98
2026-07-16 2913 1284.195 41.97 3.379
2026-07-17 2954 1239.054 -45.141 -3.515
2026-07-18 2954 1238.206 -0.848 -0.068
2026-07-19 2953 1238.206 0 0
2026-07-20 2947 1241.155 2.949 0.238
2026-07-21 2874 1300.523 59.368 4.783
2026-07-22 2719 1410.189 109.666 8.432
2026-07-23 2682 1438.176 27.987 1.985
2026-07-24 2738 1393.417 -44.759 -3.112
2026-07-25 2738 1393.03 -0.387 -0.028
2026-07-26 2738 1393.03 0 0
2026-07-27 2730 1408.818 15.788 1.133
2026-07-28 2755 1383.097 -25.721 -1.826
2026-07-29 2732 1406.89 23.793 1.72
2026-07-30 2772 1373.15 -33.74 -2.398
2026-07-31 2720 1420.974 47.824 3.483
2026-08-01 2722 1421.975 1.001 0.07
2026-08-02 2722 1421.975 0 0
2026-08-03 2707 1440.845 18.87 1.327
2026-08-04 2726 1432.939 -7.906 -0.549
2026-08-05 2620 1524.571 91.632 6.395
2026-08-06 2560 1571.66 47.089 3.089
2026-08-07 2494 1637.438 65.778 4.185
2026-08-08 2494 1637.467 0.029 0.002
2026-08-09 2494 1637.467 0 0
2026-08-10 2490 1646.154 8.687 0.531
2026-08-11 2584 1559.557 -86.597 -5.261
2026-08-12 2557 1578.701 19.144 1.228
2026-08-13 2686 1482.504 -96.197 -6.093
=======
2026-05-21 2727 1425.567 0 0
2026-05-22 2725 1427.084 0 0
2026-05-23 2731 1426.202 0 0
2026-05-24 2731 1426.978 0 0
2026-05-25 2730 1423.229 0 0
2026-05-26 2759 1404.327 0 0
2026-05-27 2813 1367.724 0 0
2026-05-28 2881 1314.204 0 0
2026-05-29 2879 1317.713 0 0
2026-05-30 2882 1313.644 0 0
2026-05-31 2883 1314.448 0 0
2026-06-01 2866 1326.347 0 0
2026-06-02 2900 1300.09 0 0
2026-06-03 2929 1288.644 0 0
2026-06-04 2959 1259.283 0 0
2026-06-05 2968 1242.453 0 0
2026-06-06 2960 1246.298 0 0
2026-06-07 2959 1246.784 0 0
2026-06-09 3043 1190.209 0 0
2026-06-10 3125 1137.343 0 0
2026-06-11 3064 1171.657 0 0
2026-06-12 2959 1245.334 0 0
2026-06-13 2941 1260.302 0 0
2026-06-14 2940 1261.767 0 0
2026-06-16 2926 1277.307 0 0
2026-06-17 2951 1268.134 0 0
2026-06-18 3009 1225.085 0 0
2026-06-19 2987 1238.659 0 0
2026-06-20 2987 1238.017 0 0
2026-06-21 2987 1238.017 0 0
2026-06-22 3103 1167.502 0 0
2026-06-23 3087 1173.954 0 0
2026-06-24 3136 1146.491 0 0
2026-06-25 3176 1105.828 0 0
2026-06-26 3178 1099.657 0 0
2026-06-27 3127 1140.537 0 0
2026-06-28 3128 1140.356 0 0
2026-06-29 3129 1142.102 0 0
2026-06-30 3185 1101.637 0 0
2026-07-01 3169 1119.852 0 0
2026-07-02 3078 1183.233 0 0
2026-07-03 2929 1281.971 0 0
2026-07-04 2948 1272.75 0 0
2026-07-05 2948 1272.75 0 0
2026-07-06 2972 1254.343 0 0
2026-07-07 3013 1220.384 0 0
2026-07-08 2976 1239.923 0 0
2026-07-09 3068 1181.372 0 0
2026-07-10 2931 1272.177 0 0
2026-07-11 2965 1249.514 0 0
2026-07-12 2964 1250.524 0 0
2026-07-13 2983 1235.969 0 0
2026-07-14 2930 1258.709 0 0
2026-07-15 2931 1265.21 0 0
2026-07-16 2930 1272.494 0 0
2026-07-17 2943 1248.767 0 0
2026-07-18 2954 1239.054 0 0
2026-07-19 2954 1238.206 0 0
2026-07-20 2952 1240.506 0 0
2026-07-21 2926 1253.792 0 0
2026-07-22 2739 1403.45 0 0
2026-07-23 2651 1464.427 0 0
2026-07-24 2736 1391.823 0 0
2026-07-25 2738 1393.417 0 0
2026-07-26 2738 1393.03 0 0
2026-07-27 2719 1411.102 0 0
2026-07-28 2755 1383.308 0 0
2026-07-29 2733 1402.225 0 0
2026-07-30 2714 1417.425 0 0
2026-07-31 2703 1428.153 0 0
2026-08-01 2720 1420.974 0 0
2026-08-02 2722 1421.975 0 0
2026-08-03 2692 1446.283 0 0
2026-08-04 2719 1427.248 0 0
2026-08-05 2633 1511.683 0 0
2026-08-06 2506 1620.739 0 0
2026-08-07 2549 1582.876 0 0
2026-08-08 2494 1637.438 0 0
2026-08-09 2494 1637.467 0 0
2026-08-10 2481 1651.342 0 0
2026-08-11 2481 1653.617 0 0
2026-08-12 2560 1578.726 0 0
2026-08-13 2612 1534.412 0 0
2026-08-14 2670 1497.806 0 0
>>>>>>> 2b550085baac25c543016ca743053a87bf115d5d
2026-08-15 2635 1521.143 0 0
2026-08-16 2640 1521.373 0 0
2026-08-17 2640 1521.373 0 0
2026-08-18 2596 1551.306 0 0
2026-08-19 2607 1548.125 0 0
2026-08-20 2598 1544.751 0 0
2026-08-21 2525 1604.722 0 0
2026-08-22 2454 1687.163 0 0
2026-08-24 2456 1687.852 0 0
2026-08-25 2471 1665.336 0 0
2026-08-26 2540 1597.1 0 0
