2025-10-30  999.765 0 0
2025-11-04  982.609 -17.156 -1.716
2026-04-28 3362 1012.181 29.572 3.01
2026-04-29  997.89 -14.291 -1.412
2026-05-08 3378 1019.582 21.692 2.174
2026-05-09 3377 1019.582 0 0
2026-05-10 3377 1019.582 0 0
<<<<<<< HEAD
2026-05-11 3345 1035.04 15.458 1.516
2026-05-12 3338 1039.926 4.886 0.472
2026-05-13 3322 1058.337 18.411 1.77
2026-05-14 3261 1094.467 36.13 3.414
2026-05-15 3314 1056.478 -37.989 -3.471
2026-05-16 3313 1056.478 0 0
2026-05-17 3313 1056.478 0 0
2026-05-18 3317 1045.54 -10.938 -1.035
2026-05-19 3320 1039.306 -6.234 -0.596
2026-05-20 3319 1049.733 10.427 1.003
2026-05-21 3324 1049.733 0 0
2026-05-22 3356 1020.056 -29.677 -2.827
2026-05-23 3362 1020.056 0 0
2026-05-24 3362 1020.056 0 0
2026-05-26 3368 1018.343 -1.713 -0.168
2026-05-27 3374 1010.103 -8.24 -0.809
2026-05-28 3363 1016.119 6.016 0.596
2026-05-29 3375 1004.78 -11.339 -1.116
2026-05-31 3383 1004.78 0 0
2026-06-01 3313 1052.978 48.198 4.797
2026-06-02 3318 1047.363 -5.615 -0.533
2026-06-03 3348 1017.942 -29.421 -2.809
2026-06-04 3329 1032.197 14.255 1.4
2026-06-05  982.759 -49.438 -4.79
2026-06-16  991.181 8.422 0.857
2026-06-19 3361 1003.14 11.959 1.207
2026-06-20 3361 1003.14 0 0
2026-06-21 3361 1003.14 0 0
2026-07-11 3369 1004.124 0.984 0.098
2026-07-12 3369 1004.124 0 0
2026-07-13  977.035 -27.089 -2.698
2026-07-15 3352 1009.738 32.703 3.347
2026-07-16  991.145 -18.593 -1.841
2026-07-23  996.103 4.958 0.5
2026-08-05 3328 1034.238 38.135 3.828
2026-08-06 3329 1033.4 -0.838 -0.081
2026-08-07 3314 1051.52 18.12 1.753
2026-08-08 3317 1051.52 0 0
2026-08-09 3317 1051.52 0 0
2026-08-10 3341 1028.15 -23.37 -2.222
2026-08-11 3342 1027.968 -0.182 -0.018
2026-08-12 3317 1051.994 24.026 2.337
2026-08-13 3310 1056.405 4.411 0.419
=======
2026-05-11 3374 1019.582 0 0
2026-05-12 3344 1035.04 0 0
2026-05-13 3338 1039.926 0 0
2026-05-14 3311 1058.337 0 0
2026-05-15 3260 1094.467 0 0
2026-05-16 3314 1056.478 0 0
2026-05-17 3313 1056.478 0 0
2026-05-18 3304 1056.478 0 0
2026-05-19 3317 1045.54 0 0
2026-05-20 3320 1039.306 0 0
2026-05-21 3319 1049.733 0 0
2026-05-22 3339 1035.296 0 0
2026-05-23 3356 1020.056 0 0
2026-05-24 3362 1020.056 0 0
2026-05-25 3363 1020.056 0 0
2026-05-26 3364 1020.056 0 0
2026-05-27 3364 1018.343 0 0
2026-05-28 3371 1010.103 0 0
2026-05-29 3365 1016.119 0 0
2026-05-30 3375 1004.78 0 0
2026-05-31 3383 1004.78 0 0
2026-06-01 3381 1004.78 0 0
2026-06-02 3309 1052.978 0 0
2026-06-03 3317 1047.363 0 0
2026-06-04 3345 1017.942 0 0
2026-06-05 3326 1032.197 0 0
2026-06-06 3382 982.759 0 0
2026-06-17 3379 991.181 0 0
2026-06-20 3361 1003.14 0 0
2026-06-21 3361 1003.14 0 0
2026-06-22 3351 1003.14 0 0
2026-06-23 3364 995.702 0 0
2026-07-12 3369 1004.124 0 0
2026-07-13 3363 1004.124 0 0
2026-07-14 3376 977.035 0 0
2026-07-16 3352 1009.738 0 0
2026-07-17 3374 991.145 0 0
2026-07-24 3357 996.103 0 0
2026-08-06 3324 1034.238 0 0
2026-08-07 3326 1033.4 0 0
2026-08-08 3314 1051.52 0 0
2026-08-09 3317 1051.52 0 0
2026-08-10 3321 1051.52 0 0
2026-08-11 3343 1028.15 0 0
2026-08-12 3340 1027.968 0 0
2026-08-13 3319 1051.994 0 0
2026-08-14 3310 1056.405 0 0
>>>>>>> 2b550085baac25c543016ca743053a87bf115d5d
2026-08-15 3303 1055.895 0 0
