2025-10-25 3113 1007.164 0 0
2025-10-26 3113 1007.164 0 0
2025-10-27  983.801 -23.363 -2.32
2026-01-09 3149 1022.258 38.457 3.909
2026-01-10 3158 1019.853 -2.405 -0.235
2026-01-11 3158 1019.853 0 0
2026-01-12 3116 1043.381 23.528 2.307
2026-01-13 3074 1082.781 39.4 3.776
2026-01-14 3111 1047.066 -35.715 -3.298
2026-01-15 3116 1051.257 4.191 0.4
2026-01-16 3068 1087.476 36.219 3.445
2026-01-17 3069 1085.341 -2.135 -0.196
2026-01-18 3068 1085.341 0 0
2026-01-19 3120 1043.288 -42.053 -3.875
2026-01-20 3122 1038.436 -4.852 -0.465
2026-01-21 3142 1027.036 -11.4 -1.098
2026-01-22 3112 1051.023 23.987 2.336
2026-01-23 3116 1055.809 4.786 0.455
2026-01-24 3119 1053.144 -2.665 -0.252
2026-01-25 3119 1053.144 0 0
2026-01-26 3109 1060.406 7.262 0.69
2026-01-27 3130 1047.657 -12.749 -1.202
2026-01-28 3104 1066.095 18.438 1.76
2026-01-29 3019 1127.177 61.082 5.73
2026-01-30 3034 1109.113 -18.064 -1.603
2026-01-31 3036 1107.389 -1.724 -0.155
2026-02-01 3035 1107.389 0 0
2026-02-02 3017 1109.803 2.414 0.218
2026-02-03 2988 1139.182 29.379 2.647
2026-02-04 2958 1166.019 26.837 2.356
2026-02-05 2977 1145.958 -20.061 -1.72
2026-02-06 2961 1155.658 9.7 0.846
2026-02-07 2963 1153.694 -1.964 -0.17
2026-02-08 2965 1153.694 0 0
2026-02-09 2925 1187.399 33.705 2.921
2026-02-10 2945 1179.048 -8.351 -0.703
2026-02-11 2952 1177.286 -1.762 -0.149
2026-02-12 2938 1183.042 5.756 0.489
2026-02-13 2924 1192.219 9.177 0.776
2026-02-14 2922 1189.597 -2.622 -0.22
2026-02-15 2920 1189.597 0 0
2026-02-16 2895 1203.2 13.603 1.143
2026-02-17 2947 1175.993 -27.207 -2.261
2026-02-18 2932 1185.831 9.838 0.837
2026-02-19 2972 1161.072 -24.759 -2.088
2026-02-20 2976 1151.374 -9.698 -0.835
2026-02-21 2984 1149.226 -2.148 -0.187
2026-02-22 2984 1149.226 0 0
2026-02-23 2968 1157.209 7.983 0.695
2026-02-24 2966 1159.651 2.442 0.211
2026-02-25 2992 1148.16 -11.491 -0.991
2026-02-26 3008 1138.448 -9.712 -0.846
2026-02-27 3032 1121.849 -16.599 -1.458
2026-02-28 3037 1120.126 -1.723 -0.154
2026-03-01 3030 1120.126 0 0
2026-03-02 3007 1131.274 11.148 0.995
2026-03-03 3026 1097.332 -33.942 -3
2026-03-04 3006 1106.685 9.353 0.852
2026-03-05 3032 1083.932 -22.753 -2.056
2026-03-06 3085 1044.944 -38.988 -3.597
2026-03-07 3082 1043.158 -1.786 -0.171
2026-03-08 3082 1043.158 0 0
2026-03-09 3043 1072.54 29.382 2.817
2026-03-10 3236 1093.43 20.89 1.948
2026-03-11 3141 1160.94 67.51 6.174
2026-03-12 3102 1181.8 20.86 1.797
2026-03-13 3096 1178.675 -3.125 -0.264
2026-03-14 3091 1176.669 -2.006 -0.17
2026-03-15 3091 1176.669 0 0
2026-03-16 3152 1138.651 -38.018 -3.231
2026-03-17 3138 1147.239 8.588 0.754
2026-03-18 3180 1126.634 -20.605 -1.796
2026-03-19 3114 1152.238 25.604 2.273
2026-03-20 3106 1149.573 -2.665 -0.231
2026-03-21 3108 1149.902 0.329 0.029
2026-03-22 3108 1149.902 0 0
2026-03-23 3084 1149.902 0 0
2026-03-24 3127 1130.089 -19.813 -1.723
2026-03-25 3064 1169.338 39.249 3.473
2026-03-27 3155 1114.882 -54.456 -4.657
2026-03-28 3153 1112.063 -2.819 -0.253
2026-03-29 3153 1112.063 0 0
2026-03-30 3127 1122.297 10.234 0.92
2026-03-31 3112 1131.482 9.185 0.818
2026-04-01 3119 1140.67 9.188 0.812
2026-04-02 3069 1163.492 22.822 2.001
2026-04-03 3106 1143.625 -19.867 -1.708
2026-04-04 3106 1143.625 0 0
2026-04-05 3106 1143.625 0 0
2026-04-06 3106 1143.625 0 0
2026-04-07 3128 1132.412 -11.213 -0.98
2026-04-08 3041 1196.779 64.367 5.684
2026-04-09 3006 1218.806 22.027 1.841
2026-04-10 2970 1235.492 16.686 1.369
2026-04-11 2980 1232.879 -2.613 -0.211
2026-04-12 2980 1232.879 0 0
2026-04-13 3002 1221.91 -10.969 -0.89
2026-04-14 2993 1233.203 11.293 0.924
2026-04-15 3012 1234.705 1.502 0.122
2026-04-16 3040 1222.963 -11.742 -0.951
2026-04-17 2992 1252.251 29.288 2.395
2026-04-18 2998 1249.908 -2.343 -0.187
2026-04-19 2998 1249.908 0 0
2026-04-20 3028 1235.861 -14.047 -1.124
2026-04-21 3037 1229.732 -6.129 -0.496
2026-04-22 2998 1245.75 16.018 1.303
2026-04-23 2987 1244.68 -1.07 -0.086
2026-04-24 2985 1240.097 -4.583 -0.368
2026-04-25 2987 1237.254 -2.843 -0.229
2026-04-26 2987 1237.254 0 0
2026-04-27 3011 1225.594 -11.66 -0.942
2026-04-28 3071 1190.671 -34.923 -2.849
2026-04-29 3084 1185.165 -5.506 -0.462
2026-04-30 3048 1207.278 22.113 1.866
2026-05-01 3062 1204.21 -3.068 -0.254
2026-05-02 3054 1204.365 0.155 0.013
2026-05-04 3076 1191.97 -12.395 -1.029
2026-05-05 2987 1249.422 57.452 4.82
2026-05-06 2968 1264.908 15.486 1.239
2026-05-07 2980 1269.076 4.168 0.33
2026-05-08 2974 1277.545 8.469 0.667
2026-05-09 2977 1274.27 -3.275 -0.256
2026-05-10 2977 1274.27 0 0
2026-05-11 3004 1250.353 -23.917 -1.877
2026-05-12 2979 1260.08 9.727 0.778
2026-05-13 2906 1308.753 48.673 3.863
2026-05-14 2872 1331.374 22.621 1.728
2026-05-15 2900 1303.951 -27.423 -2.06
2026-05-16 2900 1300.741 -3.21 -0.246
2026-05-17 2900 1300.741 0 0
2026-05-18 2966 1261.549 -39.192 -3.013
2026-05-19 2968 1260.583 -0.966 -0.077
2026-05-20 2972 1261.487 0.904 0.072
2026-05-21 2974 1260.864 -0.623 -0.049
2026-05-22 2977 1260.864 0 0
2026-05-23 2985 1256.999 -3.865 -0.307
2026-05-24 2985 1256.999 0 0
2026-05-26 3081 1196.546 -60.453 -4.809
2026-05-27 3083 1192.18 -4.366 -0.365
2026-05-28 3087 1192.278 0.098 0.008
2026-05-29 3089 1192.348 0.07 0.006
2026-05-31 3085 1192.522 0.174 0.015
2026-06-01 3101 1187.184 -5.338 -0.448
2026-06-02 3039 1215.836 28.652 2.413
2026-06-03 3025 1216.035 0.199 0.016
2026-06-04 3069 1190.823 -25.212 -2.073
2026-06-05 3031 1203.502 12.679 1.065
2026-06-06 3029 1200.434 -3.068 -0.255
2026-06-07 3029 1200.434 0 0
2026-06-08 3019 1200.434 0 0
2026-06-09 2990 1219.73 19.296 1.607
2026-06-10 3007 1209.402 -10.328 -0.847
2026-06-11 3006 1208.935 -0.467 -0.039
2026-06-12 3019 1206.955 -1.98 -0.164
2026-06-13 3029 1204.093 -2.862 -0.237
2026-06-15 2969 1246.458 42.365 3.518
2026-06-16 3014 1221.832 -24.626 -1.976
2026-06-17 3037 1210.753 -11.079 -0.907
2026-06-18 2993 1238.241 27.488 2.27
2026-06-19 3040 1209.254 -28.987 -2.341
2026-06-20 3040 1209.254 0 0
2026-06-21 3040 1209.254 0 0
2026-06-23 3024 1207.261 -1.993 -0.165
2026-06-24 3068 1180.514 -26.747 -2.216
2026-06-25 3051 1184.52 4.006 0.339
2026-06-26 3057 1181.065 -3.455 -0.292
2026-06-27 3064 1178.286 -2.779 -0.235
2026-06-28 3064 1178.286 0 0
2026-06-29 3098 1167.777 -10.509 -0.892
2026-06-30 3124 1150.104 -17.673 -1.513
2026-07-01 3138 1147.496 -2.608 -0.227
2026-07-02 3166 1126.233 -21.263 -1.853
2026-07-03 3180 1124.046 -2.187 -0.194
2026-07-04 3180 1124.046 0 0
2026-07-05 3180 1124.046 0 0
2026-07-06 3128 1166.021 41.975 3.734
2026-07-07 3109 1172.563 6.542 0.561
2026-07-08 3087 1176.601 4.038 0.344
2026-07-09 3135 1144.043 -32.558 -2.767
2026-07-10 3110 1166.016 21.973 1.921
2026-07-11 3119 1163.294 -2.722 -0.233
2026-07-12 3119 1163.294 0 0
2026-07-13 3096 1168.508 5.214 0.448
2026-07-14 3045 1198.596 30.088 2.575
2026-07-15 3050 1197.696 -0.9 -0.075
2026-07-16 2975 1232.938 35.242 2.942
2026-07-17 3033 1201.721 -31.217 -2.532
2026-07-18 3034 1198.919 -2.802 -0.233
2026-07-19 3033 1198.919 0 0
2026-07-20 2950 1240.475 41.556 3.466
2026-07-21 3002 1219.244 -21.231 -1.712
2026-07-22 2965 1238.814 19.57 1.605
2026-07-23 3010 1210.992 -27.822 -2.246
2026-07-24 3055 1180.1 -30.892 -2.551
2026-07-25 3057 1177.358 -2.742 -0.232
2026-07-26 3057 1177.358 0 0
2026-07-27 3059 1186.229 8.871 0.753
2026-07-28 3022 1204.608 18.379 1.549
2026-07-29 3041 1194.961 -9.647 -0.801
2026-07-30 3048 1184.176 -10.785 -0.903
2026-07-31 3044 1205.149 20.973 1.771
2026-08-01 3038 1202.364 -2.785 -0.231
2026-08-02 3038 1202.364 0 0
2026-08-03 3096 1169.224 -33.14 -2.756
2026-08-04 3081 1188.888 19.664 1.682
2026-08-05 3103 1178.25 -10.638 -0.895
2026-08-06 3108 1177.564 -0.686 -0.058
2026-08-07 3101 1187.352 9.788 0.831
2026-08-08 3104 1184.631 -2.721 -0.229
2026-08-09 3104 1184.631 0 0
2026-08-10 3119 1180.229 -4.402 -0.372
2026-08-11 3145 1159.686 -20.543 -1.741
2026-08-12 3119 1178.618 18.932 1.633
2026-08-13 3155 1156.195 -22.423 -1.902
2026-08-15 3170 1148 -8.195 -0.709
2026-08-16 3170 1148 0 0
2026-08-17 3127 1169.197 21.197 1.846
2026-08-18 3028 1235.995 66.798 5.713
2026-08-19 2961 1269.136 33.141 2.681
2026-08-20 2991 1252.618 -16.518 -1.302
2026-08-21 2977 1268.21 15.592 1.245
2026-08-23 2982 1265.307 -2.903 -0.229
2026-08-24 2994 1252.928 -12.379 -0.978
2026-08-25 2978 1267.772 14.844 1.185
2026-08-26 2976 1269.493 1.721 0.136
2026-08-27 2995 1255.933 -13.56 -1.068
2026-08-28 2997 1260.559 4.626 0.368
2026-08-29 2997 1257.685 -2.874 -0.228
2026-08-30 2997 1257.685 0 0
2026-08-31 3035 1228.666 -29.019 -2.307
2026-09-01 3034 1228.666 0 0
2026-09-02 3014 1236.462 0 0
