2026-04-18 3374 1016.225 0 0
2026-04-19 3374 1016.225 0 0
2026-04-20 3321 1062.034 45.809 4.508
2026-04-21 3227 1117.127 55.093 5.187
2026-04-22 3177 1153.906 36.779 3.292
2026-04-23 3174 1141.68 -12.226 -1.06
2026-04-24 3151 1150.507 8.827 0.773
2026-04-25 3150 1150.507 0 0
2026-04-26 3150 1150.507 0 0
2026-04-27 3164 1141.629 -8.878 -0.772
2026-04-28 3149 1151.37 9.741 0.853
2026-04-29 3166 1138.231 -13.139 -1.141
2026-04-30 3127 1159.994 21.763 1.912
2026-05-01 3126 1163.088 3.094 0.267
2026-05-02 3127 1163.088 0 0
2026-05-04 3115 1165.878 2.79 0.24
2026-05-05 3063 1204.636 38.758 3.324
2026-05-06 3023 1226.907 22.271 1.849
2026-05-07 3117 1181.605 -45.302 -3.692
2026-05-08 3088 1192.664 11.059 0.936
2026-05-09 3097 1192.664 0 0
2026-05-10 3097 1192.664 0 0
2026-05-11 3091 1197.077 4.413 0.37
2026-05-12 3107 1180.996 -16.081 -1.343
2026-05-13 3081 1202.708 21.712 1.838
2026-05-14 3095 1190.533 -12.175 -1.012
2026-05-15 3131 1163.443 -27.09 -2.275
2026-05-16 3128 1163.443 0 0
2026-05-17 3128 1163.443 0 0
2026-05-18 3133 1159.588 -3.855 -0.331
2026-05-19 3178 1133.158 -26.43 -2.279
2026-05-20 3138 1158.167 25.009 2.207
2026-05-21 3141 1158.167 0 0
2026-05-22 3045 1217.674 59.507 5.138
2026-05-23 3037 1217.674 0 0
2026-05-24 3037 1217.674 0 0
2026-05-26 2966 1270.738 53.064 4.358
2026-05-27 2905 1309.952 39.214 3.086
2026-05-28 2872 1322.787 12.835 0.98
2026-05-29 2873 1319.743 -3.044 -0.23
2026-05-31 2874 1319.743 0 0
2026-06-01 2862 1327.048 7.305 0.554
2026-06-02 2799 1376.865 49.817 3.754
2026-06-03 2773 1395.736 18.871 1.371
2026-06-04 2741 1404.462 8.726 0.625
2026-06-05 2796 1362.102 -42.36 -3.016
2026-06-06 2796 1362.102 0 0
2026-06-07 2796 1362.102 0 0
2026-06-08 2786 1355.507 -6.595 -0.484
2026-06-09 2777 1368.697 13.19 0.973
2026-06-10 2779 1361.291 -7.406 -0.541
2026-06-11 2697 1418.159 56.868 4.178
2026-06-12 2690 1434.443 16.284 1.148
2026-06-13 2699 1434.443 0 0
2026-06-15 2789 1380.822 -53.621 -3.738
2026-06-16 2782 1391.475 10.653 0.771
2026-06-17 2802 1370.371 -21.104 -1.517
2026-06-18 2950 1267.795 -102.576 -7.485
2026-06-19 2938 1267.795 0 0
2026-06-20 2938 1267.795 0 0
2026-06-21 2938 1267.795 0 0
2026-06-23 2981 1236.241 -31.554 -2.489
2026-06-24 2992 1224.776 -11.465 -0.927
2026-06-25 2918 1273.325 48.549 3.964
2026-06-26 2959 1245.372 -27.953 -2.195
2026-06-27 2959 1245.372 0 0
2026-06-28 2959 1245.372 0 0
2026-06-29 3055 1188.2 -57.172 -4.591
2026-06-30 3111 1164.052 -24.148 -2.032
2026-07-01 3165 1124.99 -39.062 -3.356
2026-07-02 3175 1118.04 -6.95 -0.618
2026-07-03 3186 1118.04 0 0
2026-07-04 3186 1118.04 0 0
2026-07-05 3186 1118.04 0 0
2026-07-06 3150 1151.928 33.888 3.031
2026-07-07 3118 1164.864 12.936 1.123
2026-07-08 3116 1160.501 -4.363 -0.375
2026-07-09 3164 1126.512 -33.989 -2.929
2026-07-10 3126 1158.776 32.264 2.864
2026-07-11 3129 1158.776 0 0
2026-07-12 3129 1158.776 0 0
2026-07-13 3061 1187.794 29.018 2.504
2026-07-14 3070 1183.786 -4.008 -0.337
2026-07-15 3055 1194.998 11.212 0.947
2026-07-16 3061 1192.055 -2.943 -0.246
2026-07-17 3046 1194.744 2.689 0.226
2026-07-18 3044 1194.744 0 0
2026-07-19 3043 1194.744 0 0
2026-07-20 3085 1169.277 -25.467 -2.132
2026-07-21 3060 1184.649 15.372 1.315
2026-07-22 3009 1210.622 25.973 2.192
2026-07-23 2991 1220.413 9.791 0.809
2026-07-24 2922 1253.591 33.178 2.719
2026-07-25 2924 1253.591 0 0
2026-07-26 2924 1253.591 0 0
2026-07-27 2922 1269.621 16.03 1.279
2026-07-28 2846 1317.663 48.042 3.784
2026-07-29 2912 1280.123 -37.54 -2.849
2026-07-30 2901 1280.934 0.811 0.063
2026-07-31 2923 1274.644 -6.29 -0.491
2026-08-01 2924 1274.644 0 0
2026-08-02 2924 1274.644 0 0
2026-08-03 2883 1310.764 36.12 2.834
2026-08-04 2842 1344.854 34.09 2.601
2026-08-05 2846 1349.217 4.363 0.324
2026-08-06 2875 1326.49 -22.727 -1.684
2026-08-07 2874 1331.411 4.921 0.371
2026-08-08 2875 1331.411 0 0
2026-08-09 2875 1331.411 0 0
2026-08-10 2841 1362.61 31.199 2.343
2026-08-11 2865 1337.701 -24.909 -1.828
2026-08-12 2870 1335.114 -2.587 -0.193
2026-08-13 2885 1321.671 -13.443 -1.007
2026-08-15 2927 1297.523 -24.148 -1.827
2026-08-16 2927 1297.523 0 0
2026-08-17 2923 1309.647 12.124 0.934
2026-08-18 2981 1267.288 -42.359 -3.234
2026-08-19 3122 1171.915 -95.373 -7.526
2026-08-20 3220 1110.989 -60.926 -5.199
2026-08-21 3155 1160.095 49.106 4.42
2026-08-23 3157 1160.095 0 0
2026-08-24 3143 1163.088 2.993 0.258
2026-08-25 3133 1172.27 9.182 0.789
2026-08-26 3095 1196.722 24.452 2.086
2026-08-27 3100 1196.418 -0.304 -0.025
2026-08-28 3111 1190.457 -5.961 -0.498
2026-08-29 3121 1190.457 0 0
2026-08-30 3121 1190.457 0 0
2026-08-31 3132 1180.083 -10.374 -0.871
2026-09-01 3136 1180.083 0 0
2026-09-02 3115 1187.54 0 0
2026-09-03 2984 1256.279 0 0
2026-09-04 3010 1248.112 0 0
2026-09-05 3037 1227.972 0 0
