2026-03-10 2275 1801.686 0 0
2026-03-11 2299 1778.507 -23.179 -1.287
2026-03-12 2383 1696.158 -82.349 -4.63
2026-03-13 2370 1699.072 2.914 0.172
2026-03-14 2371 1687.242 -11.83 -0.696
2026-03-15 2371 1687.242 0 0
2026-03-16 2360 1700.56 13.318 0.789
2026-03-17 2362 1704.767 4.207 0.247
2026-03-18 2416 1647.326 -57.441 -3.369
2026-03-19 2443 1607.533 -39.793 -2.416
2026-03-20 2459 1580.62 -26.913 -1.674
2026-03-21 2451 1587.632 7.012 0.444
2026-03-22 2451 1587.632 0 0
2026-03-23 2429 1596.862 9.23 0.581
2026-03-24 2415 1617.784 20.922 1.31
2026-03-25 2390 1648.257 30.473 1.884
2026-03-27 2387 1651.324 3.067 0.186
2026-03-28 2398 1639.721 -11.603 -0.703
2026-03-29 2398 1639.721 0 0
2026-03-30 2385 1644.798 5.077 0.31
2026-03-31 2373 1654.814 10.016 0.609
2026-04-01 2391 1659.691 4.877 0.295
2026-04-02 2356 1694.553 34.862 2.101
2026-04-03 2366 1681.191 -13.362 -0.789
2026-04-04 2366 1681.191 0 0
2026-04-05 2366 1681.191 0 0
2026-04-06 2367 1681.191 0 0
2026-04-07 2420 1625.498 -55.693 -3.313
2026-04-08 2420 1647.807 22.309 1.372
2026-04-09 2396 1681.001 33.194 2.014
2026-04-10 2393 1683.914 2.913 0.173
2026-04-11 2397 1686.688 2.774 0.165
2026-04-12 2397 1686.688 0 0
2026-04-13 2404 1678.485 -8.203 -0.486
2026-04-14 2405 1686.005 7.52 0.448
2026-04-15 2406 1701.613 15.608 0.926
2026-04-16 2433 1686.524 -15.089 -0.887
2026-04-17 2403 1714.608 28.084 1.665
2026-04-18 2393 1725.615 11.007 0.642
2026-04-19 2393 1725.615 0 0
2026-04-20 2402 1723.537 -2.078 -0.12
2026-04-21 2422 1703.196 -20.341 -1.18
2026-04-22 2451 1679.002 -24.194 -1.421
2026-04-23 2387 1724.626 45.624 2.717
2026-04-24 2398 1713.199 -11.427 -0.663
2026-04-25 2405 1707.533 -5.666 -0.331
2026-04-26 2405 1707.533 0 0
2026-04-27 2411 1698.27 -9.263 -0.542
2026-04-28 2414 1694.13 -4.14 -0.244
2026-04-29 2448 1658.138 -35.992 -2.125
2026-04-30 2437 1673.324 15.186 0.916
2026-05-01 2424 1689.584 16.26 0.972
2026-05-02 2419 1696.308 6.724 0.398
2026-05-04 2412 1702.54 6.232 0.367
2026-05-05 2408 1714.573 12.033 0.707
2026-05-06 2413 1710.437 -4.136 -0.241
2026-05-07 2445 1694.013 -16.424 -0.96
2026-05-08 2454 1682.578 -11.435 -0.675
2026-05-09 2455 1681.279 -1.299 -0.077
2026-05-10 2455 1681.279 0 0
<<<<<<< HEAD
2026-05-11 2440 1697.935 16.656 0.991
2026-05-12 2413 1709.607 11.672 0.687
2026-05-13 2423 1699.817 -9.79 -0.573
2026-05-14 2424 1696.993 -2.824 -0.166
2026-05-15 2392 1714.293 17.3 1.019
2026-05-16 2391 1707.316 -6.977 -0.407
2026-05-17 2392 1707.316 0 0
2026-05-18 2404 1694.967 -12.349 -0.723
2026-05-19 2357 1742.164 47.197 2.785
2026-05-20 2404 1702.555 -39.609 -2.274
2026-05-21 2402 1709.476 6.921 0.407
2026-05-22 2363 1744.426 34.95 2.044
2026-05-23 2361 1747.09 2.664 0.153
2026-05-24 2361 1747.09 0 0
2026-05-26 2374 1731.647 -15.443 -0.884
2026-05-27 2382 1730.909 -0.738 -0.043
2026-05-28 2388 1724.744 -6.165 -0.356
2026-05-29 2375 1735.105 10.361 0.601
2026-05-31 2361 1743.099 7.994 0.461
2026-06-01 2433 1678.885 -64.214 -3.684
2026-06-02 2481 1622.922 -55.963 -3.333
2026-06-03 2462 1637.752 14.83 0.914
2026-06-04 2407 1693.984 56.232 3.433
2026-06-05 2376 1705.254 11.27 0.665
2026-06-06 2393 1692.371 -12.883 -0.755
2026-06-07 2393 1692.371 0 0
2026-06-08 2400 1675.05 -17.321 -1.023
2026-06-09 2432 1645.813 -29.237 -1.745
2026-06-10 2407 1675.678 29.865 1.815
2026-06-11 2407 1677.424 1.746 0.104
2026-06-12 2402 1688.361 10.937 0.652
2026-06-13 2402 1697.054 8.693 0.515
2026-06-15 2431 1681.811 -15.243 -0.898
2026-06-16 2430 1683.324 1.513 0.09
2026-06-17 2414 1698.371 15.047 0.894
2026-06-18 2451 1653.698 -44.673 -2.63
2026-06-19 2465 1638.975 -14.723 -0.89
2026-06-20 2466 1638.975 0 0
2026-06-21 2466 1638.975 0 0
2026-06-23 2431 1658.279 19.304 1.178
2026-06-24 2386 1696.162 37.883 2.284
2026-06-25 2367 1709.129 12.967 0.764
2026-06-26 2370 1708.733 -0.396 -0.023
2026-06-27 2368 1710.211 1.478 0.086
2026-06-28 2368 1710.211 0 0
2026-06-29 2365 1721.213 11.002 0.643
2026-06-30 2398 1697.258 -23.955 -1.392
2026-07-01 2426 1676.386 -20.872 -1.23
2026-07-02 2365 1737.718 61.332 3.659
2026-07-03 2365 1745.452 7.734 0.445
2026-07-04 2365 1745.452 0 0
2026-07-05 2365 1745.452 0 0
2026-07-06 2417 1705.118 -40.334 -2.311
2026-07-07 2379 1727.765 22.647 1.328
2026-07-08 2384 1714.568 -13.197 -0.764
2026-07-09 2395 1702.21 -12.358 -0.721
2026-07-10 2388 1709.86 7.65 0.449
2026-07-11 2389 1707.744 -2.116 -0.124
2026-07-12 2389 1707.744 0 0
2026-07-13 2406 1683.705 -24.039 -1.408
2026-07-14 2444 1663.245 -20.46 -1.215
2026-07-15 2438 1679.32 16.075 0.966
2026-07-16 2416 1687.754 8.434 0.502
2026-07-17 2382 1699.26 11.506 0.682
2026-07-18 2376 1703.262 4.002 0.236
2026-07-19 2375 1703.262 0 0
2026-07-20 2392 1688.216 -15.046 -0.883
2026-07-21 2400 1684.294 -3.922 -0.232
2026-07-22 2402 1682.929 -1.365 -0.081
2026-07-23 2311 1767.607 84.678 5.032
2026-07-24 2281 1783.907 16.3 0.922
2026-07-25 2281 1781.725 -2.182 -0.122
2026-07-26 2281 1781.725 0 0
2026-07-27 2264 1806.471 24.746 1.389
2026-07-28 2224 1846.55 40.079 2.219
2026-07-29 2233 1837.113 -9.437 -0.511
2026-07-30 2312 1769.509 -67.604 -3.68
2026-07-31 2293 1796.552 27.043 1.528
2026-08-01 2297 1793.222 -3.33 -0.185
2026-08-02 2298 1793.222 0 0
2026-08-03 2295 1800.222 7 0.39
2026-08-04 2289 1813.535 13.313 0.74
2026-08-05 2257 1850.915 37.38 2.061
2026-08-06 2261 1847.479 -3.436 -0.186
2026-08-07 2252 1860.471 12.992 0.703
2026-08-08 2250 1864.844 4.373 0.235
2026-08-09 2250 1864.844 0 0
2026-08-10 2229 1893.872 29.028 1.557
2026-08-11 2247 1871.851 -22.021 -1.163
2026-08-12 2269 1848.573 -23.278 -1.244
2026-08-13 2278 1833.788 -14.785 -0.8
=======
2026-05-11 2457 1681.279 0 0
2026-05-12 2445 1697.935 0 0
2026-05-13 2416 1709.607 0 0
2026-05-14 2414 1699.817 0 0
2026-05-15 2426 1696.993 0 0
2026-05-16 2392 1714.293 0 0
2026-05-17 2391 1707.316 0 0
2026-05-18 2387 1707.316 0 0
2026-05-19 2406 1694.967 0 0
2026-05-20 2359 1742.164 0 0
2026-05-21 2405 1702.555 0 0
2026-05-22 2385 1720.784 0 0
2026-05-23 2363 1744.426 0 0
2026-05-24 2361 1747.09 0 0
2026-05-25 2360 1747.09 0 0
2026-05-26 2371 1747.09 0 0
2026-05-27 2352 1750.178 0 0
2026-05-28 2408 1700.0 0 0
2026-05-29 2384 1724.744 0 0
2026-05-30 2375 1735.105 0 0
2026-05-31 2361 1743.099 0 0
2026-06-01 2364 1743.099 0 0
2026-06-02 2430 1678.885 0 0
2026-06-03 2482 1622.922 0 0
2026-06-04 2460 1637.752 0 0
2026-06-05 2409 1693.984 0 0
2026-06-06 2376 1705.254 0 0
2026-06-07 2393 1692.371 0 0
2026-06-09 2405 1675.05 0 0
2026-06-10 2428 1645.813 0 0
2026-06-11 2404 1675.678 0 0
2026-06-12 2416 1677.424 0 0
2026-06-13 2402 1688.361 0 0
2026-06-14 2402 1697.054 0 0
2026-06-16 2433 1681.811 0 0
2026-06-17 2428 1683.324 0 0
2026-06-18 2406 1698.371 0 0
2026-06-19 2450 1653.698 0 0
2026-06-20 2465 1638.975 0 0
2026-06-21 2466 1638.975 0 0
2026-06-22 2464 1638.975 0 0
2026-06-23 2463 1634.941 0 0
2026-06-24 2432 1658.279 0 0
2026-06-25 2386 1696.162 0 0
2026-06-26 2362 1709.129 0 0
2026-06-27 2370 1708.733 0 0
2026-06-28 2368 1710.211 0 0
2026-06-29 2367 1710.211 0 0
2026-06-30 2368 1721.213 0 0
2026-07-01 2406 1697.258 0 0
2026-07-02 2429 1676.386 0 0
2026-07-03 2366 1737.718 0 0
2026-07-04 2365 1745.452 0 0
2026-07-05 2365 1745.452 0 0
2026-07-06 2370 1745.452 0 0
2026-07-07 2411 1705.118 0 0
2026-07-08 2374 1727.765 0 0
2026-07-09 2379 1714.568 0 0
2026-07-10 2401 1702.21 0 0
2026-07-11 2388 1709.86 0 0
2026-07-12 2389 1707.744 0 0
2026-07-13 2382 1707.744 0 0
2026-07-14 2408 1683.705 0 0
2026-07-15 2447 1663.245 0 0
2026-07-16 2438 1679.32 0 0
2026-07-17 2404 1687.754 0 0
2026-07-18 2382 1699.26 0 0
2026-07-19 2376 1703.262 0 0
2026-07-20 2379 1703.262 0 0
2026-07-21 2393 1688.216 0 0
2026-07-22 2403 1684.294 0 0
2026-07-23 2406 1682.929 0 0
2026-07-24 2305 1767.607 0 0
2026-07-25 2281 1783.907 0 0
2026-07-26 2281 1781.725 0 0
2026-07-27 2289 1781.725 0 0
2026-07-28 2263 1806.471 0 0
2026-07-29 2228 1846.55 0 0
2026-07-30 2234 1837.113 0 0
2026-07-31 2324 1769.509 0 0
2026-08-01 2293 1796.552 0 0
2026-08-02 2297 1793.222 0 0
2026-08-03 2296 1793.222 0 0
2026-08-04 2295 1800.222 0 0
2026-08-05 2298 1813.535 0 0
2026-08-06 2260 1850.915 0 0
2026-08-07 2264 1847.479 0 0
2026-08-08 2252 1860.471 0 0
2026-08-09 2250 1864.844 0 0
2026-08-10 2252 1864.844 0 0
2026-08-11 2227 1893.872 0 0
2026-08-12 2246 1871.851 0 0
2026-08-13 2270 1848.573 0 0
2026-08-14 2276 1833.788 0 0
>>>>>>> 2b550085baac25c543016ca743053a87bf115d5d
2026-08-15 2313 1803.428 0 0
2026-08-16 2320 1803.873 0 0
2026-08-17 2320 1803.873 0 0
2026-08-18 2321 1808.859 0 0
2026-08-19 2303 1833.32 0 0
2026-08-20 2266 1855.808 0 0
2026-08-21 2226 1898.061 0 0
