2026-03-10 2771 1381.631 0 0
2026-03-11 2778 1385.474 3.843 0.278
2026-03-12 2700 1429.67 44.196 3.19
2026-03-13 2744 1390.914 -38.756 -2.711
2026-03-14 2746 1385.352 -5.562 -0.4
2026-03-15 2746 1385.352 0 0
2026-03-16 2844 1314.884 -70.468 -5.087
2026-03-17 2856 1309.871 -5.013 -0.381
2026-03-18 2857 1305.137 -4.734 -0.361
2026-03-19 2969 1231.418 -73.719 -5.648
2026-03-20 3034 1189.291 -42.127 -3.421
2026-03-21 3030 1192.591 3.3 0.277
2026-03-22 3030 1192.591 0 0
2026-03-23 3041 1165.57 -27.021 -2.266
2026-03-24 3017 1188.374 22.804 1.956
2026-03-25 2979 1215.866 27.492 2.313
2026-03-27 3009 1195.926 -19.94 -1.64
2026-03-28 3014 1192.014 -3.912 -0.327
2026-03-29 3014 1192.014 0 0
2026-03-30 3018 1192.166 0.152 0.013
2026-03-31 3058 1159.664 -32.502 -2.726
2026-04-01 3021 1195.905 36.241 3.125
2026-04-02 2948 1236.843 40.938 3.423
2026-04-03 3012 1200.7 -36.143 -2.922
2026-04-04 3012 1200.7 0 0
2026-04-05 3012 1200.7 0 0
2026-04-06 3013 1200.7 0 0
2026-04-07 3063 1166.236 -34.464 -2.87
2026-04-08 2979 1231.251 65.015 5.575
2026-04-09 2960 1239.817 8.566 0.696
2026-04-10 2936 1260.053 20.236 1.632
2026-04-11 2935 1261.454 1.401 0.111
2026-04-12 2935 1261.454 0 0
2026-04-13 3030 1208.873 -52.581 -4.168
2026-04-14 2999 1229.378 20.505 1.696
2026-04-15 3015 1232.473 3.095 0.252
2026-04-16 2978 1252.844 20.371 1.653
2026-04-17 3002 1246.958 -5.886 -0.47
2026-04-18 3011 1245.698 -1.26 -0.101
2026-04-19 3011 1245.698 0 0
2026-04-20 2866 1339.617 93.919 7.539
2026-04-21 2795 1387.421 47.804 3.568
2026-04-22 2790 1390.115 2.694 0.194
2026-04-23 2805 1375.365 -14.75 -1.061
2026-04-24 2766 1395.627 20.262 1.473
2026-04-25 2766 1395.484 -0.143 -0.01
2026-04-26 2766 1395.484 0 0
2026-04-27 2804 1371.824 -23.66 -1.695
2026-04-28 2792 1378.799 6.975 0.508
2026-04-29 2756 1401.987 23.188 1.682
2026-04-30 2677 1462.591 60.604 4.323
2026-05-01 2684 1462.506 -0.085 -0.006
2026-05-02 2685 1462.506 0 0
2026-05-04 2688 1462.506 0 0
2026-05-05 2598 1538.275 75.769 5.181
2026-05-06 2603 1538.275 0 0
2026-05-07 2580 1564.998 26.723 1.737
2026-05-08 2642 1517.861 -47.137 -3.012
2026-05-09 2641 1517.794 -0.067 -0.004
2026-05-10 2641 1517.794 0 0
2026-05-11 2584 1556.99 39.196 2.582
2026-05-12 2634 1516.877 -40.113 -2.576
2026-05-13 2628 1511.224 -5.653 -0.373
2026-05-14 2672 1486.648 -24.576 -1.626
2026-05-15 2519 1586.083 99.435 6.689
2026-05-16 2517 1581.771 -4.312 -0.272
2026-05-17 2517 1581.771 0 0
2026-05-18 2569 1550.264 -31.507 -1.992
2026-05-19 2545 1570.496 20.232 1.305
2026-05-20 2546 1568.908 -1.588 -0.101
2026-05-21 2549 1568.378 -0.53 -0.034
2026-05-22 2629 1509.637 -58.741 -3.745
2026-05-23 2624 1512.17 2.533 0.168
2026-05-24 2624 1512.17 0 0
2026-05-26 2659 1491.01 -21.16 -1.399
2026-05-27 2709 1441.662 -49.348 -3.31
2026-05-28 2707 1447.222 5.56 0.386
2026-05-29 2738 1414.208 -33.014 -2.281
2026-05-31 2738 1416.611 2.403 0.17
2026-06-01 2741 1414.79 -1.821 -0.129
2026-06-02 2743 1411.548 -3.242 -0.229
2026-06-03 2782 1387.93 -23.618 -1.673
2026-06-04 2746 1401.124 13.194 0.951
2026-06-05 2712 1422.36 21.236 1.516
2026-06-06 2709 1423.515 1.155 0.081
2026-06-07 2709 1423.515 0 0
2026-06-08 2783 1359.069 -64.446 -4.527
2026-06-09 2772 1371.091 12.022 0.885
2026-06-10 2819 1327.435 -43.656 -3.184
2026-06-11 2848 1306.203 -21.232 -1.599
2026-06-12 2846 1315.563 9.36 0.717
2026-06-13 2847 1318.695 3.132 0.238
2026-06-15 2763 1399.645 80.95 6.139
2026-06-16 2743 1416.638 16.993 1.214
2026-06-17 2771 1395.528 -21.11 -1.49
2026-06-18 2726 1426.557 31.029 2.223
2026-06-19 2717 1425.481 -1.076 -0.075
2026-06-20 2717 1425.481 0 0
2026-06-21 2717 1425.481 0 0
2026-06-23 2827 1333.564 -91.917 -6.448
2026-06-24 2928 1265.478 -68.086 -5.106
2026-06-25 2932 1258.729 -6.749 -0.533
2026-06-26 2968 1241.084 -17.645 -1.402
2026-06-27 2968 1240.865 -0.219 -0.018
2026-06-28 2968 1240.865 0 0
2026-06-29 2926 1262.495 21.63 1.743
2026-06-30 2934 1265.221 2.726 0.216
2026-07-01 2959 1252.46 -12.761 -1.009
2026-07-02 2943 1263.297 10.837 0.865
2026-07-03 2894 1304.759 41.462 3.282
2026-07-04 2894 1304.759 0 0
2026-07-05 2894 1304.759 0 0
2026-07-06 2903 1299.249 -5.51 -0.422
2026-07-07 2936 1261.026 -38.223 -2.942
2026-07-08 2998 1219.052 -41.974 -3.329
2026-07-09 3001 1217.867 -1.185 -0.097
2026-07-10 3029 1209.061 -8.806 -0.723
2026-07-11 3025 1211.754 2.693 0.223
2026-07-12 3025 1211.754 0 0
2026-07-13 3126 1144.634 -67.12 -5.539
2026-07-14 3172 1123.866 -20.768 -1.814
2026-07-15 3262 1069.653 -54.213 -4.824
2026-07-16 3242 1080.449 10.796 1.009
2026-07-17 3294 1039.295 -41.154 -3.809
2026-07-18 3293 1037.885 -1.41 -0.136
2026-07-19 3292 1037.885 0 0
2026-07-20 3272 1050.016 12.131 1.169
2026-07-21 3221 1082.391 32.375 3.083
2026-07-22 3233 1075.716 -6.675 -0.617
2026-07-23 3177 1109.191 33.475 3.112
2026-07-24 3192 1085.992 -23.199 -2.092
2026-07-25 3198 1085.415 -0.577 -0.053
2026-07-26 3198 1085.415 0 0
2026-07-27 3200 1091.62 6.205 0.572
2026-07-28 3219 1084.785 -6.835 -0.626
2026-07-29 3141 1131.664 46.879 4.322
2026-07-30 3107 1151.522 19.858 1.755
2026-07-31 3088 1176.924 25.402 2.206
2026-08-01 3079 1178.494 1.57 0.133
2026-08-02 3079 1178.494 0 0
2026-08-03 2988 1237.941 59.447 5.044
2026-08-04 2940 1276.284 38.343 3.097
2026-08-05 2901 1309.142 32.858 2.575
2026-08-06 2910 1306.653 -2.489 -0.19
2026-08-07 2893 1322.945 16.292 1.247
2026-08-08 2891 1323.258 0.313 0.024
2026-08-09 2891 1323.258 0 0
2026-08-10 2861 1344.475 21.217 1.603
2026-08-11 2920 1305.717 -38.758 -2.883
2026-08-12 2897 1316.753 11.036 0.845
2026-08-13 2869 1334.823 18.07 1.372
2026-08-15 2866 1343.26 8.437 0.632
2026-08-16 2866 1343.26 0 0
2026-08-17 2850 1360.563 17.303 1.288
2026-08-18 2856 1350.56 -10.003 -0.735
2026-08-19 2871 1334.494 -16.066 -1.19
2026-08-20 2857 1357.687 23.193 1.738
2026-08-21 2815 1389.976 32.289 2.378
2026-08-23 2815 1390.679 0.703 0.051
2026-08-24 2906 1317.023 -73.656 -5.296
2026-08-25 2889 1337.356 20.333 1.544
2026-08-26 2898 1334.894 -2.462 -0.184
2026-08-27 2899 1332.75 -2.144 -0.161
2026-08-28 2932 1305.326 -27.424 -2.058
2026-08-29 2933 1305.229 -0.097 -0.007
2026-08-30 2933 1305.229 0 0
2026-08-31 2909 1319.402 14.173 1.086
2026-09-01 2952 1286.23 0 0
2026-09-02 3042 1222.399 0 0
2026-09-03 3030 1225.814 0 0
2026-09-04 3035 1228.726 0 0
