2025-12-18 758 5319.423 0 0
2025-12-19 748 5409.093 89.67 1.686
2025-12-20 748 5409.093 0 0
2025-12-21 748 5409.093 0 0
2025-12-22 751 5431.198 22.105 0.409
2025-12-23 735 5490.422 59.224 1.09
2025-12-24 735 5517.513 27.091 0.493
2025-12-25 734 5517.513 0 0
2025-12-26 733 5511.261 -6.252 -0.113
2025-12-27 733 5511.261 0 0
2025-12-28 733 5511.261 0 0
2025-12-29 751 5422.487 -88.774 -1.611
2025-12-30 746 5419.152 -3.335 -0.062
2025-12-31 743 5422.487 3.335 0.062
2026-01-01 743 5422.487 0 0
2026-01-02 758 5364.971 -57.516 -1.061
2026-01-03 757 5364.971 0 0
2026-01-05 772 5297.452 -67.519 -1.259
2026-01-06 771 5329.544 32.092 0.606
2026-01-07 770 5357.052 27.508 0.516
2026-01-08 766 5391.228 34.176 0.638
2026-01-09 769 5360.803 -30.425 -0.564
2026-01-10 770 5360.803 0 0
2026-01-11 771 5360.803 0 0
2026-01-12 755 5452.495 91.692 1.71
2026-01-13 758 5457.913 5.418 0.099
2026-01-14 747 5481.253 23.34 0.428
2026-01-15 755 5452.078 -29.175 -0.532
2026-01-16 743 5510.845 58.767 1.078
2026-01-17 745 5510.845 0 0
2026-01-18 744 5510.845 0 0
2026-01-19 739 5510.845 0 0
2026-01-20 735 5512.095 1.25 0.023
2026-01-21 746 5476.668 -35.427 -0.643
2026-01-22 729 5587.533 110.865 2.024
2026-01-23 729 5589.2 1.667 0.03
2026-01-24 731 5589.2 0 0
2026-01-25 731 5589.2 0 0
2026-01-26 743 5540.853 -48.347 -0.865
2026-01-27 735 5602.12 61.267 1.106
2026-01-28 749 5519.18 -82.94 -1.481
2026-01-29 750 5494.59 -24.59 -0.446
2026-01-30 743 5514.179 19.589 0.357
2026-01-31 741 5514.179 0 0
2026-02-01 741 5514.179 0 0
2026-02-02 731 5548.355 34.176 0.62
2026-02-03 727 5535.851 -12.504 -0.225
2026-02-04 727 5546.271 10.42 0.188
2026-02-05 715 5597.535 51.264 0.924
2026-02-06 718 5643.381 45.846 0.819
2026-02-07 719 5643.381 0 0
2026-02-08 719 5643.381 0 0
2026-02-09 723 5646.299 2.918 0.052
2026-02-10 740 5559.608 -86.691 -1.535
2026-02-11 737 5549.189 -10.419 -0.187
2026-02-12 735 5530.433 -18.756 -0.338
2026-02-13 741 5528.766 -1.667 -0.03
2026-02-14 739 5528.766 0 0
2026-02-15 739 5528.766 0 0
2026-02-16 738 5528.766 0 0
2026-02-17 733 5595.868 67.102 1.214
2026-02-18 724 5660.469 64.601 1.154
2026-02-19 730 5655.885 -4.584 -0.081
2026-02-20 714 5747.577 91.692 1.621
2026-02-21 717 5747.577 0 0
2026-02-22 717 5747.577 0 0
2026-02-23 716 5740.908 -6.669 -0.116
2026-02-24 718 5755.496 14.588 0.254
2026-02-25 727 5680.058 -75.438 -1.311
2026-02-26 727 5709.65 29.592 0.521
2026-02-27 741 5652.134 -57.516 -1.007
2026-02-28 744 5652.134 0 0
2026-03-01 743 5652.134 0 0
2026-03-02 748 5582.948 -69.186 -1.224
2026-03-03 748 5522.098 -60.85 -1.09
2026-03-04 759 5459.163 -62.935 -1.14
2026-03-05 752 5507.927 48.764 0.893
2026-03-06 750 5498.758 -9.169 -0.166
2026-03-07 751 5498.758 0 0
2026-03-08 751 5498.758 0 0
2026-03-09 756 5481.253 -17.505 -0.318
2026-03-10 760 5459.163 -22.09 -0.403
2026-03-11 760 5438.741 -20.422 -0.374
2026-03-12 769 5383.726 -55.015 -1.012
2026-03-13 762 5399.98 16.254 0.302
2026-03-14 757 5399.98 0 0
2026-03-15 757 5399.98 0 0
2026-03-16 759 5412.067 12.087 0.224
2026-03-17 759 5429.155 17.088 0.316
2026-03-18 753 5433.323 4.168 0.077
2026-03-19 738 5488.755 55.432 1.02
2026-03-20 737 5452.912 -35.843 -0.653
2026-03-21 736 5452.912 0 0
2026-03-22 735 5452.912 0 0
2026-03-23 733 5442.492 -10.42 -0.191
2026-03-24 737 5423.737 -18.755 -0.345
2026-03-25 744 5450.411 26.674 0.492
2026-03-27 750 5395.813 -54.598 -1.002
2026-03-28 745 5395.813 0 0
2026-03-29 746 5395.813 0 0
2026-03-30 735 5448.327 52.514 0.973
2026-03-31 726 5526.682 78.355 1.438
2026-04-01 735 5505.843 -20.839 -0.377
2026-04-02 735 5517.513 11.67 0.212
2026-04-03 733 5517.513 0 0
2026-04-04 733 5517.513 0 0
2026-04-05 733 5517.513 0 0
2026-04-06 735 5500.842 -16.671 -0.302
2026-04-07 743 5469.166 -31.676 -0.576
2026-04-08 747 5520.014 50.848 0.93
2026-04-09 739 5576.279 56.265 1.019
2026-04-10 744 5572.528 -3.751 -0.067
2026-04-11 743 5572.528 0 0
2026-04-12 743 5572.528 0 0
2026-04-13 731 5640.047 67.519 1.212
2026-04-14 734 5658.802 18.755 0.333
2026-04-15 736 5669.639 10.837 0.192
2026-04-16 748 5628.377 -41.262 -0.728
2026-04-17 746 5657.552 29.175 0.518
2026-04-18 748 5657.552 0 0
2026-04-19 748 5657.552 0 0
2026-04-20 746 5683.392 25.84 0.457
2026-04-21 750 5652.134 -31.258 -0.55
2026-04-22 749 5637.546 -14.588 -0.258
2026-04-23 745 5598.786 -38.76 -0.688
2026-04-24 760 5537.519 -61.267 -1.094
2026-04-25 759 5537.519 0 0
2026-04-26 759 5537.519 0 0
2026-04-27 758 5557.107 19.588 0.354
2026-04-28 761 5515.846 -41.261 -0.742
2026-04-29 768 5480.836 -35.01 -0.635
2026-04-30 763 5525.432 44.596 0.814
2026-05-01 767 5537.102 11.67 0.211
2026-05-02 767 5537.102 0 0
2026-05-04 771 5513.762 -23.34 -0.422
2026-05-05 763 5560.858 47.096 0.854
2026-05-06 786 5422.903 -137.955 -2.481
2026-05-07 792 5416.652 -6.251 -0.115
2026-05-08 814 5319.125 -97.527 -1.801
2026-05-09 813 5319.125 0 0
2026-05-10 813 5319.125 0 0
<<<<<<< HEAD
2026-05-11 812 5307.871 -11.254 -0.212
2026-05-12 815 5278.697 -29.174 -0.55
2026-05-13 813 5285.365 6.668 0.126
2026-05-14 809 5293.284 7.919 0.15
2026-05-15 820 5180.336 -112.948 -2.134
2026-05-16 815 5180.336 0 0
2026-05-17 815 5180.336 0 0
2026-05-18 818 5173.251 -7.085 -0.137
2026-05-19 806 5243.27 70.019 1.353
2026-05-20 812 5182.837 -60.433 -1.153
2026-05-21 817 5182.837 0 0
2026-05-22 806 5214.512 31.675 0.611
2026-05-23 811 5214.512 0 0
2026-05-24 811 5214.512 0 0
2026-05-26 817 5179.086 -35.426 -0.679
2026-05-27 820 5165.749 -13.337 -0.258
2026-05-28 810 5205.76 40.011 0.775
2026-05-29 810 5195.757 -10.003 -0.192
2026-05-31 812 5195.757 0 0
2026-06-01 822 5161.998 -33.759 -0.65
2026-06-02 841 5055.301 -106.697 -2.067
2026-06-03 816 5108.649 53.348 1.055
2026-06-04 816 5107.816 -0.833 -0.016
2026-06-05 827 5072.806 -35.01 -0.685
2026-06-06 828 5072.806 0 0
2026-06-07 828 5072.806 0 0
2026-06-08 811 5080.725 7.919 0.156
2026-06-09 796 5172.834 92.109 1.813
2026-06-10 794 5194.923 22.089 0.427
2026-06-11 793 5219.514 24.591 0.473
2026-06-12 800 5197.841 -21.673 -0.415
2026-06-13 803 5197.841 0 0
2026-06-15 800 5227.849 30.008 0.577
2026-06-16 801 5217.846 -10.003 -0.191
2026-06-17 810 5189.922 -27.924 -0.535
2026-06-18 811 5169.916 -20.006 -0.385
2026-06-19 812 5169.916 0 0
2026-06-20 812 5169.916 0 0
2026-06-21 812 5169.916 0 0
2026-06-23 809 5143.242 -26.674 -0.516
2026-06-24 807 5174.501 31.259 0.608
2026-06-25 793 5246.188 71.687 1.385
2026-06-26 789 5292.034 45.846 0.874
2026-06-27 790 5292.034 0 0
2026-06-28 790 5292.034 0 0
2026-06-29 784 5322.876 30.842 0.583
2026-06-30 790 5315.79 -7.086 -0.133
2026-07-01 772 5411.233 95.443 1.795
2026-07-02 762 5472.084 60.851 1.125
2026-07-03 762 5472.084 0 0
2026-07-04 762 5472.084 0 0
2026-07-05 762 5472.084 0 0
2026-07-06 767 5453.745 -18.339 -0.335
2026-07-07 758 5464.582 10.837 0.199
2026-07-08 779 5351.634 -112.948 -2.067
2026-07-09 775 5374.557 22.923 0.428
2026-07-10 779 5382.476 7.919 0.147
2026-07-11 780 5382.476 0 0
2026-07-12 780 5382.476 0 0
2026-07-13 779 5363.304 -19.172 -0.356
2026-07-14 791 5283.281 -80.023 -1.492
2026-07-15 789 5315.79 32.509 0.615
2026-07-16 770 5385.393 69.603 1.309
2026-07-17 775 5330.378 -55.015 -1.022
2026-07-18 776 5330.378 0 0
2026-07-19 776 5330.378 0 0
2026-07-20 785 5292.45 -37.928 -0.712
2026-07-21 782 5301.203 8.753 0.165
2026-07-22 796 5221.597 -79.606 -1.502
2026-07-23 790 5240.353 18.756 0.359
2026-07-24 780 5287.032 46.679 0.891
2026-07-25 782 5287.032 0 0
2026-07-26 782 5287.032 0 0
2026-07-27 782 5326.627 39.595 0.749
2026-07-28 771 5360.386 33.759 0.634
2026-07-29 773 5342.464 -17.922 -0.334
2026-07-30 781 5302.453 -40.011 -0.749
2026-07-31 783 5309.122 6.669 0.126
2026-08-01 784 5309.122 0 0
2026-08-02 784 5309.122 0 0
2026-08-03 779 5358.719 49.597 0.934
2026-08-04 773 5424.154 65.435 1.221
2026-08-05 811 5200.133 -224.021 -4.13
2026-08-06 820 5110.317 -89.816 -1.727
2026-08-07 815 5140.325 30.008 0.587
2026-08-08 815 5140.325 0 0
2026-08-09 815 5140.325 0 0
2026-08-10 833 5081.142 -59.183 -1.151
2026-08-11 818 5132.406 51.264 1.009
2026-08-12 815 5151.578 19.172 0.374
2026-08-13 815 5154.912 3.334 0.065
=======
2026-05-11 814 5319.125 0 0
2026-05-12 813 5307.871 0 0
2026-05-13 814 5278.697 0 0
2026-05-14 808 5285.365 0 0
2026-05-15 806 5293.284 0 0
2026-05-16 820 5180.336 0 0
2026-05-17 815 5180.336 0 0
2026-05-18 815 5180.336 0 0
2026-05-19 817 5173.251 0 0
2026-05-20 808 5243.27 0 0
2026-05-21 812 5182.837 0 0
2026-05-22 806 5218.263 0 0
2026-05-23 806 5214.512 0 0
2026-05-24 811 5214.512 0 0
2026-05-25 811 5214.512 0 0
2026-05-26 811 5214.512 0 0
2026-05-27 818 5179.086 0 0
2026-05-28 819 5165.749 0 0
2026-05-29 813 5205.76 0 0
2026-05-30 810 5195.757 0 0
2026-05-31 812 5195.757 0 0
2026-06-01 815 5195.757 0 0
2026-06-02 821 5161.998 0 0
2026-06-03 842 5055.301 0 0
2026-06-04 815 5108.649 0 0
2026-06-05 818 5107.816 0 0
2026-06-06 827 5072.806 0 0
2026-06-07 828 5072.806 0 0
2026-06-09 809 5080.725 0 0
2026-06-10 796 5172.834 0 0
2026-06-11 794 5194.923 0 0
2026-06-12 798 5219.514 0 0
2026-06-13 800 5197.841 0 0
2026-06-14 803 5197.841 0 0
2026-06-16 803 5227.849 0 0
2026-06-17 803 5217.846 0 0
2026-06-18 808 5189.922 0 0
2026-06-19 811 5169.916 0 0
2026-06-20 812 5169.916 0 0
2026-06-21 812 5169.916 0 0
2026-06-22 813 5169.916 0 0
2026-06-23 821 5118.652 0 0
2026-06-24 812 5143.242 0 0
2026-06-25 806 5174.501 0 0
2026-06-26 793 5246.188 0 0
2026-06-27 789 5292.034 0 0
2026-06-28 790 5292.034 0 0
2026-06-29 792 5292.034 0 0
2026-06-30 787 5322.876 0 0
2026-07-01 790 5315.79 0 0
2026-07-02 771 5411.233 0 0
2026-07-03 760 5472.084 0 0
2026-07-04 762 5472.084 0 0
2026-07-05 762 5472.084 0 0
2026-07-06 761 5472.084 0 0
2026-07-07 764 5453.745 0 0
2026-07-08 757 5464.582 0 0
2026-07-09 780 5351.634 0 0
2026-07-10 777 5374.557 0 0
2026-07-11 779 5382.476 0 0
2026-07-12 780 5382.476 0 0
2026-07-13 777 5382.476 0 0
2026-07-14 778 5363.304 0 0
2026-07-15 792 5283.281 0 0
2026-07-16 788 5315.79 0 0
2026-07-17 767 5385.393 0 0
2026-07-18 775 5330.378 0 0
2026-07-19 776 5330.378 0 0
2026-07-20 777 5330.378 0 0
2026-07-21 783 5292.45 0 0
2026-07-22 785 5301.203 0 0
2026-07-23 797 5221.597 0 0
2026-07-24 786 5240.353 0 0
2026-07-25 780 5287.032 0 0
2026-07-26 782 5287.032 0 0
2026-07-27 783 5287.032 0 0
2026-07-28 781 5326.627 0 0
2026-07-29 772 5360.386 0 0
2026-07-30 774 5342.464 0 0
2026-07-31 782 5302.453 0 0
2026-08-01 783 5309.122 0 0
2026-08-02 784 5309.122 0 0
2026-08-03 783 5309.122 0 0
2026-08-04 779 5358.719 0 0
2026-08-05 773 5424.154 0 0
2026-08-06 811 5200.133 0 0
2026-08-07 821 5110.317 0 0
2026-08-08 815 5140.325 0 0
2026-08-09 815 5140.325 0 0
2026-08-10 816 5140.325 0 0
2026-08-11 833 5081.142 0 0
2026-08-12 819 5132.406 0 0
2026-08-13 814 5151.578 0 0
2026-08-14 816 5154.912 0 0
>>>>>>> 2b550085baac25c543016ca743053a87bf115d5d
2026-08-15 816 5161.581 0 0
2026-08-16 818 5161.581 0 0
2026-08-17 817 5161.581 0 0
2026-08-18 825 5125.737 0 0
2026-08-19 824 5094.062 0 0
2026-08-20 827 5085.31 0 0
2026-08-21 843 5029.877 0 0
2026-08-22 827 5099.897 0 0
2026-08-23 827 5099.897 0 0
2026-08-24 828 5099.897 0 0
2026-08-25 820 5118.235 0 0
2026-08-26 820 5157.413 0 0
2026-08-27 827 5113.234 0 0
