2026-03-10 1983 2106.72 0 0
2026-03-11 1988 2103.459 -3.261 -0.155
2026-03-12 1878 2211.612 108.153 5.142
2026-03-13 1858 2232.382 20.77 0.939
2026-03-14 1864 2216.838 -15.544 -0.696
2026-03-15 1864 2216.838 0 0
2026-03-16 1911 2164.464 -52.374 -2.363
2026-03-17 1845 2242.544 78.08 3.607
2026-03-18 1822 2272.153 29.609 1.32
2026-03-19 1814 2263.014 -9.139 -0.402
2026-03-20 1825 2240.637 -22.377 -0.989
2026-03-21 1810 2250.576 9.939 0.444
2026-03-22 1810 2250.576 0 0
2026-03-23 1805 2238.087 -12.489 -0.555
2026-03-24 1777 2280.613 42.526 1.9
2026-03-25 1760 2315.066 34.453 1.511
2026-03-27 1788 2274.742 -40.324 -1.742
2026-03-28 1795 2258.759 -15.983 -0.703
2026-03-29 1794 2258.759 0 0
2026-03-30 1773 2274.319 15.56 0.689
2026-03-31 1742 2309.63 35.311 1.553
2026-04-01 1719 2352.824 43.194 1.87
2026-04-02 1706 2387.367 34.543 1.468
2026-04-03 1711 2368.543 -18.824 -0.788
2026-04-04 1711 2368.543 0 0
2026-04-05 1711 2368.543 0 0
2026-04-06 1714 2368.543 0 0
2026-04-07 1777 2280.043 -88.5 -3.736
2026-04-08 1787 2291.927 11.884 0.521
2026-04-09 1791 2307.66 15.733 0.686
2026-04-10 1729 2385.217 77.557 3.361
2026-04-11 1732 2389.146 3.929 0.165
2026-04-12 1730 2389.146 0 0
2026-04-13 1661 2490.193 101.047 4.229
2026-04-14 1582 2631.412 141.219 5.671
2026-04-15 1611 2615.676 -15.736 -0.598
2026-04-16 1653 2538.767 -76.909 -2.94
2026-04-17 1656 2534.432 -4.335 -0.171
2026-04-18 1652 2550.701 16.269 0.642
2026-04-19 1652 2550.701 0 0
2026-04-20 1665 2522.39 -28.311 -1.11
2026-04-21 1667 2524.92 2.53 0.1
2026-04-22 1687 2496.256 -28.664 -1.135
2026-04-23 1710 2459.34 -36.916 -1.479
2026-04-24 1706 2461.464 2.124 0.086
2026-04-25 1712 2453.323 -8.141 -0.331
2026-04-26 1712 2453.323 0 0
2026-04-27 1695 2473.339 20.016 0.816
2026-04-28 1698 2467.568 -5.771 -0.233
2026-04-29 1711 2444.775 -22.793 -0.924
2026-04-30 1647 2528.063 83.288 3.407
2026-05-01 1635 2552.63 24.567 0.972
2026-05-02 1626 2562.788 10.158 0.398
2026-05-04 1576 2651.695 88.907 3.469
2026-05-05 1541 2749 97.305 3.67
2026-05-06 1491 2853.476 104.476 3.801
2026-05-07 1484 2887.922 34.446 1.207
2026-05-08 1505 2851.046 -36.876 -1.277
2026-05-09 1505 2848.846 -2.2 -0.077
2026-05-10 1504 2848.846 0 0
2026-05-11 1519 2813.691 -35.155 -1.234
2026-05-12 1545 2757.481 -56.21 -1.998
2026-05-13 1558 2733.378 -24.103 -0.874
2026-05-14 1559 2728.837 -4.541 -0.166
2026-05-15 1568 2676.055 -52.782 -1.934
2026-05-16 1568 2665.164 -10.891 -0.407
2026-05-17 1568 2665.164 0 0
2026-05-18 1562 2690.759 25.595 0.96
2026-05-19 1555 2705.276 14.517 0.54
2026-05-20 1539 2741.638 36.362 1.344
2026-05-21 1532 2752.783 11.145 0.407
2026-05-22 1536 2748.241 -4.542 -0.165
2026-05-23 1533 2752.436 4.195 0.153
2026-05-24 1533 2752.436 0 0
2026-05-26 1511 2795.999 43.563 1.583
2026-05-27 1497 2824.67 28.671 1.025
2026-05-28 1491 2832.055 7.385 0.261
2026-05-29 1570 2669.996 -162.059 -5.722
2026-05-31 1572 2682.298 12.302 0.461
2026-06-01 1651 2559.596 -122.702 -4.575
2026-06-02 1691 2496.736 -62.86 -2.456
2026-06-03 1743 2409.212 -87.524 -3.506
2026-06-04 1714 2450.621 41.409 1.719
2026-06-05 1722 2420.581 -30.04 -1.226
2026-06-06 1731 2402.294 -18.287 -0.755
2026-06-07 1731 2402.294 0 0
2026-06-08 1723 2395.782 -6.512 -0.271
2026-06-09 1733 2386.109 -9.673 -0.404
2026-06-10 1746 2344.145 -41.964 -1.759
2026-06-11 1765 2322.796 -21.349 -0.911
2026-06-12 1774 2311.999 -10.797 -0.465
2026-06-13 1774 2323.903 11.904 0.515
2026-06-15 1773 2345.035 21.132 0.909
2026-06-16 1784 2327.03 -18.005 -0.768
2026-06-17 1757 2366.872 39.842 1.712
2026-06-18 1762 2358.654 -8.218 -0.347
2026-06-19 1757 2362.199 3.545 0.15
2026-06-20 1757 2362.199 0 0
2026-06-21 1757 2362.199 0 0
2026-06-23 1769 2321.776 -40.423 -1.711
2026-06-24 1732 2388.421 66.645 2.87
2026-06-25 1728 2396.83 8.409 0.352
2026-06-26 1710 2424.049 27.219 1.136
2026-06-27 1708 2426.146 2.097 0.087
2026-06-28 1708 2426.146 0 0
2026-06-29 1699 2451.155 25.009 1.031
2026-06-30 1653 2530.203 79.048 3.225
2026-07-01 1620 2584.993 54.79 2.165
2026-07-02 1653 2537.444 -47.549 -1.839
2026-07-03 1615 2597.524 60.08 2.368
2026-07-04 1615 2597.524 0 0
2026-07-05 1615 2597.524 0 0
2026-07-06 1625 2581.272 -16.252 -0.626
2026-07-07 1655 2534.877 -46.395 -1.797
2026-07-08 1717 2417.3 -117.577 -4.638
2026-07-09 1677 2475.922 58.622 2.425
2026-07-10 1664 2502.549 26.627 1.075
2026-07-11 1667 2499.451 -3.098 -0.124
2026-07-12 1667 2499.451 0 0
2026-07-13 1664 2485.544 -13.907 -0.556
2026-07-14 1656 2502.266 16.722 0.673
2026-07-15 1677 2478.097 -24.169 -0.966
2026-07-16 1710 2430.131 -47.966 -1.936
2026-07-17 1711 2392.86 -37.271 -1.534
2026-07-18 1708 2398.495 5.635 0.235
2026-07-19 1707 2398.495 0 0
2026-07-20 1733 2370.847 -27.648 -1.153
2026-07-21 1607 2565.279 194.432 8.201
2026-07-22 1659 2487.853 -77.426 -3.018
2026-07-23 1659 2486.001 -1.852 -0.074
2026-07-24 1662 2471.542 -14.459 -0.582
2026-07-25 1664 2468.519 -3.023 -0.122
2026-07-26 1664 2468.519 0 0
2026-07-27 1702 2417.27 -51.249 -2.076
2026-07-28 1702 2415.244 -2.026 -0.084
2026-07-29 1702 2426.228 10.984 0.455
2026-07-30 1637 2513.452 87.224 3.595
2026-07-31 1667 2495.77 -17.682 -0.703
2026-08-01 1671 2491.143 -4.627 -0.185
2026-08-02 1674 2491.143 0 0
2026-08-03 1674 2491.44 0.297 0.012
2026-08-04 1680 2488.344 -3.096 -0.124
2026-08-05 1713 2446.33 -42.014 -1.688
2026-08-06 1722 2446.23 -0.1 -0.004
2026-08-07 1704 2460.09 13.86 0.567
2026-08-08 1703 2465.872 5.782 0.235
2026-08-09 1701 2465.872 0 0
2026-08-10 1691 2486.826 20.954 0.85
2026-08-11 1681 2490.07 3.244 0.13
2026-08-12 1705 2459.152 -30.918 -1.242
2026-08-13 1687 2493.586 34.434 1.4
2026-08-15 1690 2496.16 2.574 0.103
2026-08-16 1689 2496.16 0 0
2026-08-17 1697 2482.937 -13.223 -0.53
2026-08-18 1683 2487.622 4.685 0.189
2026-08-19 1658 2527.025 39.403 1.584
2026-08-20 1633 2582.27 55.245 2.186
2026-08-21 1627 2593.885 11.615 0.45
2026-08-23 1634 2585.789 -8.096 -0.312
2026-08-24 1669 2525.677 -60.112 -2.325
2026-08-25 1647 2568.717 43.04 1.704
2026-08-26 1673 2531.172 -37.545 -1.462
2026-08-27 1666 2539.715 8.543 0.338
2026-08-28 1651 2559.443 19.728 0.777
2026-08-29 1659 2549.294 -10.149 -0.397
2026-08-30 1659 2549.294 0 0
2026-08-31 1679 2510.705 -38.589 -1.514
2026-09-01 1678 2510.705 0 0
2026-09-02 1683 2492.181 0 0
2026-09-03 1660 2525.339 0 0
2026-09-04 1644 2567.889 0 0
