<<<<<<< HEAD
2026-07-10 678 6050.656 0 0
2026-07-11 677 6050.656 0 0
2026-07-12 677 6050.656 0 0
2026-07-13 688 5958.424 -92.232 -1.524
2026-07-14 690 5957.692 -0.732 -0.012
2026-07-15 706 5854.48 -103.212 -1.732
2026-07-16 702 5872.78 18.3 0.313
2026-07-17 697 5859.604 -13.176 -0.224
2026-07-18 697 5859.604 0 0
2026-07-19 697 5859.604 0 0
2026-07-20 697 5902.06 42.456 0.725
2026-07-21 685 5976.724 74.664 1.265
2026-07-22 683 5992.828 16.104 0.269
2026-07-23 672 6025.768 32.94 0.55
2026-07-24 685 5913.04 -112.728 -1.871
2026-07-25 687 5913.04 0 0
2026-07-26 687 5913.04 0 0
2026-07-27 692 5899.864 -13.176 -0.223
2026-07-28 717 5729.308 -170.556 -2.891
2026-07-29 726 5686.852 -42.456 -0.741
2026-07-30 748 5503.852 -183 -3.218
2026-07-31 753 5497.996 -5.856 -0.106
2026-08-01 752 5497.996 0 0
2026-08-02 752 5497.996 0 0
2026-08-03 753 5506.78 8.784 0.16
2026-08-04 731 5694.904 188.124 3.416
2026-08-05 733 5691.976 -2.928 -0.051
2026-08-06 732 5659.036 -32.94 -0.579
2026-08-07 738 5646.592 -12.444 -0.22
2026-08-08 739 5646.592 0 0
2026-08-09 739 5646.592 0 0
2026-08-10 747 5590.96 -55.632 -0.985
2026-08-11 730 5704.42 113.46 2.029
2026-08-12 724 5702.224 -2.196 -0.038
2026-08-13 732 5686.852 -15.372 -0.27
=======
2026-07-11 678 6050.656 0 0
2026-07-12 677 6050.656 0 0
2026-07-13 677 6050.656 0 0
2026-07-14 689 5958.424 0 0
2026-07-15 692 5957.692 0 0
2026-07-16 707 5854.48 0 0
2026-07-17 699 5872.78 0 0
2026-07-18 697 5859.604 0 0
2026-07-19 697 5859.604 0 0
2026-07-20 696 5859.604 0 0
2026-07-21 699 5902.06 0 0
2026-07-22 686 5976.724 0 0
2026-07-23 682 5992.828 0 0
2026-07-24 672 6025.768 0 0
2026-07-25 685 5913.04 0 0
2026-07-26 687 5913.04 0 0
2026-07-27 688 5913.04 0 0
2026-07-28 690 5899.864 0 0
2026-07-29 718 5729.308 0 0
2026-07-30 725 5686.852 0 0
2026-07-31 752 5503.852 0 0
2026-08-01 753 5497.996 0 0
2026-08-02 752 5497.996 0 0
2026-08-03 753 5497.996 0 0
2026-08-04 755 5506.78 0 0
2026-08-05 733 5694.904 0 0
2026-08-06 732 5691.976 0 0
2026-08-07 735 5659.036 0 0
2026-08-08 738 5646.592 0 0
2026-08-09 739 5646.592 0 0
2026-08-10 738 5646.592 0 0
2026-08-11 747 5590.96 0 0
2026-08-12 729 5704.42 0 0
2026-08-13 725 5702.224 0 0
2026-08-14 732 5686.852 0 0
>>>>>>> 2b550085baac25c543016ca743053a87bf115d5d
2026-08-15 736 5660.5 0 0
2026-08-16 738 5660.5 0 0
2026-08-17 738 5660.5 0 0
2026-08-18 756 5535.328 0 0
2026-08-19 773 5379.412 0 0
2026-08-20 767 5424.796 0 0
2026-08-21 797 5292.304 0 0
2026-08-22 804 5273.272 0 0
2026-08-23 806 5273.272 0 0
2026-08-24 806 5273.272 0 0
2026-08-25 813 5198.608 0 0
2026-08-26 773 5419.672 0 0
2026-08-27 767 5457.736 0 0
2026-08-28 792 5359.648 0 0
