2026-03-02 2543 1500 0 0
2026-03-03 2521 1500 0 0
2026-03-04 2501 1500 0 0
2026-03-05 2511 1500 0 0
2026-03-06 2512 1500 0 0
2026-03-07 2510 1500 0 0
2026-03-08 2510 1500 0 0
2026-03-09 2498 1500 0 0
2026-03-10 2616 1500 0 0
2026-03-11 2621 1500 0 0
2026-03-12 2602 1500 0 0
2026-03-13 2588 1500 0 0
2026-03-14 2584 1500 0 0
2026-03-15 2584 1500 0 0
2026-03-16 2584 1500 0 0
2026-03-17 2591 1500 0 0
2026-03-18 2589 1500 0 0
2026-03-19 2571 1500 0 0
2026-03-20 2561 1500 0 0
2026-03-21 2564 1500 0 0
2026-03-22 2564 1500 0 0
2026-03-23 2554 1500 0 0
2026-03-24 2553 1500 0 0
2026-03-25 2565 1500 0 0
2026-03-27 2558 1500 0 0
2026-03-28 2552 1500 0 0
2026-03-29 2552 1500 0 0
2026-03-30 2548 1500 0 0
2026-03-31 2552 1500 0 0
2026-04-01 2567 1500 0 0
2026-04-02 2567 1500 0 0
2026-04-03 2570 1500 0 0
2026-04-04 2570 1500 0 0
2026-04-05 2569 1500 0 0
2026-04-06 2570 1500 0 0
2026-04-07 2571 1500 0 0
2026-04-08 2596 1500 0 0
2026-04-09 2597 1500 0 0
2026-04-10 2599 1500 0 0
2026-04-11 2599 1500 0 0
2026-04-12 2599 1500 0 0
2026-04-13 2610 1500 0 0
2026-04-14 2612 1500 0 0
2026-04-15 2621 1500 0 0
2026-04-16 2625 1500 0 0
2026-04-17 2635 1500 0 0
2026-04-18 2634 1500 0 0
2026-04-19 2634 1500 0 0
2026-04-20 2640 1500 0 0
2026-04-21 2638 1500 0 0
2026-04-22 2636 1500 0 0
2026-04-23 2628 1500 0 0
2026-04-24 2626 1500 0 0
2026-04-25 2625 1500 0 0
2026-04-26 2625 1500 0 0
2026-04-27 2631 1500 0 0
2026-04-28 2618 1500 0 0
2026-04-29 2636 1500 0 0
2026-04-30 2627 1500 0 0
2026-05-01 2629 1500 0 0
2026-05-02 2630 1500 0 0
2026-05-04 2630 1500 0 0
<<<<<<< HEAD
2026-05-05 2644 1500 0 0
2026-05-06 2648 1500 0 0
2026-05-07 2659 1500 0 0
2026-05-08 2664 1500 0 0
2026-05-09 2664 1500 0 0
2026-05-10 2664 1500 0 0
2026-05-11 2670 1500 0 0
2026-05-12 2655 1500 0 0
2026-05-13 2648 1500 0 0
2026-05-14 2640 1500 0 0
2026-05-15 2635 1500 0 0
2026-05-16 2632 1500 0 0
2026-05-17 2632 1500 0 0
2026-05-18 2627 1500 0 0
2026-05-19 2634 1500 0 0
2026-05-20 2640 1500 0 0
2026-05-21 2642 1500 0 0
2026-05-22 2637 1500 0 0
2026-05-23 2637 1500 0 0
2026-05-24 2637 1500 0 0
2026-05-26 2642 1500 0 0
2026-05-27 2635 1500 0 0
2026-05-28 2638 1500 0 0
2026-05-29 2632 1500 0 0
2026-05-31 2636 1500 0 0
2026-06-01 2642 1500 0 0
2026-06-02 2634 1500 0 0
2026-06-03 2634 1500 0 0
2026-06-04 2627 1500 0 0
2026-06-05 2621 1500 0 0
2026-06-06 2622 1500 0 0
2026-06-07 2622 1500 0 0
2026-06-08 2606 1500 0 0
2026-06-09 2612 1500 0 0
2026-06-10 2604 1500 0 0
2026-06-11 2609 1500 0 0
2026-06-12 2611 1500 0 0
2026-06-13 2615 1500 0 0
2026-06-15 2628 1500 0 0
2026-06-16 2642 1500 0 0
2026-06-17 2637 1500 0 0
2026-06-18 2637 1500 0 0
2026-06-19 2632 1500 0 0
2026-06-20 2632 1500 0 0
2026-06-21 2632 1500 0 0
2026-06-23 2623 1500 0 0
2026-06-24 2618 1500 0 0
2026-06-25 2608 1500 0 0
2026-06-26 2605 1500 0 0
2026-06-27 2604 1500 0 0
2026-06-28 2604 1500 0 0
2026-06-29 2612 1500 0 0
2026-06-30 2614 1500 0 0
2026-07-01 2626 1500 0 0
2026-07-02 2627 1500 0 0
2026-07-03 2631 1500 0 0
2026-07-04 2631 1500 0 0
2026-07-05 2631 1500 0 0
2026-07-06 2634 1500 0 0
2026-07-07 2631 1500 0 0
2026-07-08 2615 1500 0 0
2026-07-09 2620 1500 0 0
2026-07-10 2625 1500 0 0
2026-07-11 2626 1500 0 0
2026-07-12 2626 1500 0 0
2026-07-13 2620 1500 0 0
2026-07-14 2622 1500 0 0
2026-07-15 2626 1500 0 0
2026-07-16 2627 1500 0 0
2026-07-17 2609 1500 0 0
2026-07-18 2610 1500 0 0
2026-07-19 2609 1500 0 0
2026-07-20 2598 1500 0 0
2026-07-21 2611 1500 0 0
2026-07-22 2606 1500 0 0
2026-07-23 2607 1500 0 0
2026-07-24 2592 1500 0 0
2026-07-25 2591 1500 0 0
2026-07-26 2591 1500 0 0
2026-07-27 2611 1500 0 0
2026-07-28 2596 1500 0 0
2026-07-29 2603 1500 0 0
2026-07-30 2602 1500 0 0
2026-07-31 2623 1500 0 0
2026-08-01 2626 1500 0 0
2026-08-02 2626 1500 0 0
2026-08-03 2634 1500 0 0
2026-08-04 2643 1500 0 0
2026-08-05 2650 1500 0 0
2026-08-06 2640 1500 0 0
2026-08-07 2649 1500 0 0
2026-08-08 2651 1500 0 0
2026-08-09 2651 1500 0 0
2026-08-10 2659 1500 0 0
2026-08-11 2655 1500 0 0
2026-08-12 2660 1500 0 0
2026-08-13 2656 1500 0 0
=======
2026-05-05 2629 1500.0 0 0
2026-05-06 2642 1500.0 0 0
2026-05-07 2655 1500.0 0 0
2026-05-08 2659 1500.0 0 0
2026-05-09 2667 1500.0 0 0
2026-05-10 2667 1500.0 0 0
2026-05-11 2674 1500.0 0 0
2026-05-12 2668 1500.0 0 0
2026-05-13 2653 1500.0 0 0
2026-05-14 2638 1500.0 0 0
2026-05-15 2651 1500.0 0 0
2026-05-16 2638 1500.0 0 0
2026-05-17 2635 1500.0 0 0
2026-05-18 2639 1500.0 0 0
2026-05-19 2632 1500.0 0 0
2026-05-20 2633 1500.0 0 0
2026-05-21 2641 1500.0 0 0
2026-05-22 2638 1500.0 0 0
2026-05-23 2640 1500.0 0 0
2026-05-24 2638 1500.0 0 0
2026-05-25 2641 1500.0 0 0
2026-05-26 2637 1500.0 0 0
2026-05-27 2642 1500.0 0 0
2026-05-28 2633 1500.0 0 0
2026-05-29 2634 1500.0 0 0
2026-05-30 2633 1500.0 0 0
2026-05-31 2637 1500.0 0 0
2026-06-01 2645 1500.0 0 0
2026-06-02 2642 1500.0 0 0
2026-06-03 2642 1500.0 0 0
2026-06-04 2626 1500.0 0 0
2026-06-05 2630 1500.0 0 0
2026-06-06 2622 1500.0 0 0
2026-06-07 2623 1500.0 0 0
2026-06-09 2610 1500.0 0 0
2026-06-10 2604 1500.0 0 0
2026-06-11 2604 1500.0 0 0
2026-06-12 2619 1500.0 0 0
2026-06-13 2612 1500.0 0 0
2026-06-14 2616 1500.0 0 0
2026-06-16 2635 1500.0 0 0
2026-06-17 2644 1500.0 0 0
2026-06-18 2637 1500.0 0 0
2026-06-19 2634 1500.0 0 0
2026-06-20 2633 1500.0 0 0
2026-06-21 2633 1500.0 0 0
2026-06-22 2631 1500.0 0 0
2026-06-23 2633 1500.0 0 0
2026-06-24 2621 1500.0 0 0
2026-06-25 2619 1500.0 0 0
2026-06-26 2598 1500.0 0 0
2026-06-27 2606 1500.0 0 0
2026-06-28 2605 1500.0 0 0
2026-06-29 2611 1500.0 0 0
2026-06-30 2610 1500.0 0 0
2026-07-01 2626 1500.0 0 0
2026-07-02 2622 1500.0 0 0
2026-07-03 2631 1500.0 0 0
2026-07-04 2632 1500.0 0 0
2026-07-05 2632 1500.0 0 0
2026-07-06 2637 1500.0 0 0
2026-07-07 2637 1500.0 0 0
2026-07-08 2625 1500.0 0 0
2026-07-09 2613 1500.0 0 0
2026-07-10 2628 1500.0 0 0
2026-07-11 2626 1500.0 0 0
2026-07-12 2627 1500.0 0 0
2026-07-13 2624 1500.0 0 0
2026-07-14 2622 1500.0 0 0
2026-07-15 2627 1500.0 0 0
2026-07-16 2626 1500.0 0 0
2026-07-17 2623 1500.0 0 0
2026-07-18 2610 1500.0 0 0
2026-07-19 2611 1500.0 0 0
2026-07-20 2610 1500.0 0 0
2026-07-21 2603 1500.0 0 0
2026-07-22 2612 1500.0 0 0
2026-07-23 2604 1500.0 0 0
2026-07-24 2597 1500.0 0 0
2026-07-25 2593 1500.0 0 0
2026-07-26 2592 1500.0 0 0
2026-07-27 2601 1500.0 0 0
2026-07-28 2606 1500.0 0 0
2026-07-29 2602 1500.0 0 0
2026-07-30 2608 1500.0 0 0
2026-07-31 2613 1500.0 0 0
2026-08-01 2624 1500.0 0 0
2026-08-02 2627 1500.0 0 0
2026-08-03 2627 1500.0 0 0
2026-08-04 2640 1500.0 0 0
2026-08-05 2649 1500.0 0 0
2026-08-06 2651 1500.0 0 0
2026-08-07 2644 1500.0 0 0
2026-08-08 2650 1500.0 0 0
2026-08-09 2652 1500.0 0 0
2026-08-10 2656 1500.0 0 0
2026-08-11 2656 1500.0 0 0
2026-08-12 2657 1500.0 0 0
2026-08-13 2660 1500.0 0 0
2026-08-14 2656 1500.0 0 0
>>>>>>> 2b550085baac25c543016ca743053a87bf115d5d
2026-08-15 2659 1500.0 0 0
2026-08-16 2664 1500.0 0 0
2026-08-17 2664 1500.0 0 0
2026-08-18 2662 1500.0 0 0
2026-08-19 2663 1500.0 0 0
2026-08-20 2654 1500.0 0 0
2026-08-21 2659 1500.0 0 0
2026-08-22 2669 1500.0 0 0
2026-08-24 2670 1500.0 0 0
2026-08-25 2657 1500.0 0 0
