2026-03-10 3102 1175 0 0
2026-03-11 3116 1169.999 -5.001 -0.426
2026-03-12 3090 1184.398 14.399 1.231
2026-03-13 3055 1195.522 11.124 0.939
2026-03-14 3056 1189.694 -5.828 -0.487
2026-03-15 3056 1189.694 0 0
2026-03-16 3058 1189.694 0 0
2026-03-17 3075 1184.455 -5.239 -0.44
2026-03-18 3076 1184.455 0 0
2026-03-19 3053 1186.592 2.137 0.18
2026-03-20 3057 1172.73 -13.862 -1.168
2026-03-21 3087 1155.2 -17.53 -1.495
2026-03-22 3087 1155.2 0 0
2026-03-23 3064 1155.2 0 0
2026-03-24 3050 1164.682 9.482 0.821
2026-03-25 3028 1192.07 27.388 2.352
2026-03-27 3019 1192.07 0 0
2026-03-28 2983 1208.238 16.168 1.356
2026-03-29 2983 1208.238 0 0
2026-03-30 2982 1208.238 0 0
2026-03-31 2979 1209.465 1.227 0.102
2026-04-01 2974 1217.658 8.193 0.677
2026-04-02 2983 1220.187 2.529 0.208
2026-04-03 2943 1231.314 11.127 0.912
2026-04-04 2943 1231.314 0 0
2026-04-05 2943 1231.314 0 0
2026-04-06 2944 1231.314 0 0
2026-04-07 2953 1223.955 -7.359 -0.598
2026-04-08 2985 1223.955 0 0
2026-04-09 3010 1215.067 -8.888 -0.726
2026-04-10 3034 1205.684 -9.383 -0.772
2026-04-11 3040 1203.901 -1.783 -0.148
2026-04-12 3040 1203.901 0 0
2026-04-13 3043 1203.901 0 0
2026-04-14 3056 1202.629 -1.272 -0.106
2026-04-15 3083 1195.038 -7.591 -0.631
2026-04-16 3115 1177.178 -17.86 -1.495
2026-04-17 3110 1184.912 7.734 0.657
2026-04-18 3135 1173.288 -11.624 -0.981
2026-04-19 3135 1173.288 0 0
2026-04-20 3143 1173.288 0 0
2026-04-21 3125 1178.993 5.705 0.486
2026-04-22 3100 1188.479 9.486 0.805
2026-04-23 3090 1184.731 -3.748 -0.315
2026-04-24 3079 1188.272 3.541 0.299
2026-04-25 3079 1184.414 -3.858 -0.325
2026-04-26 3079 1184.414 0 0
2026-04-27 3080 1184.414 0 0
2026-04-28 3078 1186.173 1.759 0.149
2026-04-29 3068 1192.335 6.162 0.519
2026-04-30 3068 1192.237 -0.098 -0.008
2026-05-01 3051 1205.504 13.267 1.113
2026-05-02 3059 1200.468 -5.036 -0.418
2026-05-04 3057 1200.468 0 0
<<<<<<< HEAD
2026-05-05 3047 1208.547 8.079 0.673
2026-05-06 3056 1208.547 0 0
2026-05-07 3066 1207.493 -1.054 -0.087
2026-05-08 3096 1188.676 -18.817 -1.558
2026-05-09 3088 1195.824 7.148 0.601
2026-05-10 3088 1195.824 0 0
2026-05-11 3093 1195.824 0 0
2026-05-12 3056 1208.775 12.951 1.083
2026-05-13 3061 1211.057 2.282 0.189
2026-05-14 3040 1219.75 8.693 0.718
2026-05-15 3050 1211.201 -8.549 -0.701
2026-05-16 3066 1201.276 -9.925 -0.819
2026-05-17 3066 1201.276 0 0
2026-05-18 3070 1201.276 0 0
2026-05-19 3065 1202.375 1.099 0.091
2026-05-20 3079 1188.6 -13.775 -1.146
2026-05-21 3090 1182.054 -6.546 -0.551
2026-05-22 3097 1182.054 0 0
2026-05-23 3095 1184.316 2.262 0.191
2026-05-24 3096 1184.316 0 0
2026-05-26 3099 1184.316 0 0
2026-05-27 3098 1181.986 -2.33 -0.197
2026-05-28 3077 1192.556 10.57 0.894
2026-05-29 3075 1199.351 6.795 0.57
2026-05-31 3092 1187.419 -11.932 -0.995
2026-06-01 3092 1187.419 0 0
2026-06-02 3065 1201.48 14.061 1.184
2026-06-03 3059 1198.281 -3.199 -0.266
2026-06-04 3041 1205.306 7.025 0.586
2026-06-05 3036 1201.657 -3.649 -0.303
2026-06-06 3044 1190.807 -10.85 -0.903
2026-06-07 3044 1190.807 0 0
2026-06-08 3034 1190.807 0 0
2026-06-09 3051 1180.388 -10.419 -0.875
2026-06-10 3050 1179.68 -0.708 -0.06
2026-06-11 3044 1183.443 3.763 0.319
2026-06-12 3072 1176.352 -7.091 -0.599
2026-06-13 3056 1186.177 9.825 0.835
2026-06-15 3075 1186.177 0 0
2026-06-16 3096 1174.531 -11.646 -0.982
2026-06-17 3103 1169.657 -4.874 -0.415
2026-06-18 3121 1160.647 -9.01 -0.77
2026-06-19 3122 1155.974 -4.673 -0.403
2026-06-20 3122 1155.974 0 0
2026-06-21 3122 1155.974 0 0
2026-06-23 3114 1156.343 0.369 0.032
2026-06-24 3110 1158.508 2.165 0.187
2026-06-25 3102 1157.362 -1.146 -0.099
2026-06-26 3087 1167.966 10.604 0.916
2026-06-27 3069 1175.86 7.894 0.676
2026-06-28 3069 1175.86 0 0
2026-06-29 3075 1175.86 0 0
2026-06-30 3080 1176.809 0.949 0.081
2026-07-01 3085 1176.745 -0.064 -0.005
2026-07-02 3094 1170.935 -5.81 -0.494
2026-07-03 3088 1183.583 12.648 1.08
2026-07-04 3088 1183.583 0 0
2026-07-05 3088 1183.583 0 0
2026-07-06 3091 1183.583 0 0
2026-07-07 3063 1191.171 7.588 0.641
2026-07-08 3047 1196.567 5.396 0.453
2026-07-09 3044 1199.65 3.083 0.258
2026-07-10 3062 1189.407 -10.243 -0.854
2026-07-11 3047 1203.707 14.3 1.202
2026-07-12 3047 1203.707 0 0
2026-07-13 3027 1203.707 0 0
2026-07-14 3002 1212.753 9.046 0.752
2026-07-15 3028 1207.399 -5.354 -0.441
2026-07-16 3035 1205.361 -2.038 -0.169
2026-07-17 2985 1216.752 11.391 0.945
2026-07-18 2962 1231.104 14.352 1.18
2026-07-19 2961 1231.104 0 0
2026-07-20 2959 1231.104 0 0
2026-07-21 2969 1229.96 -1.144 -0.093
2026-07-22 2971 1231.795 1.835 0.149
2026-07-23 2953 1244.145 12.35 1.003
2026-07-24 2952 1238.873 -5.272 -0.424
2026-07-25 2948 1240.437 1.564 0.126
2026-07-26 2948 1240.437 0 0
2026-07-27 2967 1240.437 0 0
2026-07-28 2985 1222.321 -18.116 -1.46
2026-07-29 2979 1229.005 6.684 0.547
2026-07-30 2993 1216.847 -12.158 -0.989
2026-07-31 3029 1207.671 -9.176 -0.754
2026-08-01 3103 1162.16 -45.511 -3.768
2026-08-02 3103 1162.16 0 0
2026-08-03 3109 1162.16 0 0
2026-08-04 3139 1148.105 -14.055 -1.209
2026-08-05 3129 1161.043 12.938 1.127
2026-08-06 3137 1154.474 -6.569 -0.566
2026-08-07 3153 1151.916 -2.558 -0.222
2026-08-08 3160 1148.957 -2.959 -0.257
2026-08-09 3160 1148.957 0 0
2026-08-10 3163 1148.957 0 0
2026-08-11 3162 1148.957 0 0
2026-08-12 3144 1159.702 10.745 0.935
2026-08-13 3159 1154.694 -5.008 -0.432
=======
2026-05-05 3064 1200.468 0 0
2026-05-06 3051 1208.547 0 0
2026-05-07 3066 1208.547 0 0
2026-05-08 3074 1207.493 0 0
2026-05-09 3101 1188.676 0 0
2026-05-10 3093 1195.824 0 0
2026-05-11 3094 1195.824 0 0
2026-05-12 3099 1195.824 0 0
2026-05-13 3061 1208.775 0 0
2026-05-14 3060 1211.057 0 0
2026-05-15 3045 1219.75 0 0
2026-05-16 3055 1211.201 0 0
2026-05-17 3071 1201.276 0 0
2026-05-18 3071 1201.276 0 0
2026-05-19 3070 1201.276 0 0
2026-05-20 3066 1202.375 0 0
2026-05-21 3088 1188.6 0 0
2026-05-22 3100 1182.054 0 0
2026-05-23 3102 1182.054 0 0
2026-05-24 3100 1184.316 0 0
2026-05-25 3102 1184.316 0 0
2026-05-26 3100 1184.316 0 0
2026-05-27 3102 1184.316 0 0
2026-05-28 3101 1181.986 0 0
2026-05-29 3087 1192.556 0 0
2026-05-30 3080 1199.351 0 0
2026-05-31 3097 1187.419 0 0
2026-06-01 3102 1187.419 0 0
2026-06-02 3083 1187.419 0 0
2026-06-03 3069 1201.48 0 0
2026-06-04 3057 1198.281 0 0
2026-06-05 3040 1205.306 0 0
2026-06-06 3041 1201.657 0 0
2026-06-07 3049 1190.807 0 0
2026-06-09 3039 1190.807 0 0
2026-06-10 3051 1180.388 0 0
2026-06-11 3054 1179.68 0 0
2026-06-12 3056 1183.443 0 0
2026-06-13 3077 1176.352 0 0
2026-06-14 3061 1186.177 0 0
2026-06-16 3074 1186.177 0 0
2026-06-17 3097 1174.531 0 0
2026-06-18 3104 1169.657 0 0
2026-06-19 3126 1160.647 0 0
2026-06-20 3127 1155.974 0 0
2026-06-21 3127 1155.974 0 0
2026-06-22 3125 1155.974 0 0
2026-06-23 3125 1155.974 0 0
2026-06-24 3115 1156.343 0 0
2026-06-25 3110 1158.508 0 0
2026-06-26 3094 1157.362 0 0
2026-06-27 3092 1167.966 0 0
2026-06-28 3074 1175.86 0 0
2026-06-29 3075 1175.86 0 0
2026-06-30 3081 1175.86 0 0
2026-07-01 3087 1176.809 0 0
2026-07-02 3096 1176.745 0 0
2026-07-03 3107 1170.935 0 0
2026-07-04 3093 1183.583 0 0
2026-07-05 3093 1183.583 0 0
2026-07-06 3096 1183.583 0 0
2026-07-07 3088 1183.583 0 0
2026-07-08 3064 1191.171 0 0
2026-07-09 3041 1196.567 0 0
2026-07-10 3055 1199.65 0 0
2026-07-11 3067 1189.407 0 0
2026-07-12 3052 1203.707 0 0
2026-07-13 3039 1203.707 0 0
2026-07-14 3036 1203.707 0 0
2026-07-15 3011 1212.753 0 0
2026-07-16 3039 1207.399 0 0
2026-07-17 3033 1205.361 0 0
2026-07-18 2990 1216.752 0 0
2026-07-19 2967 1231.104 0 0
2026-07-20 2967 1231.104 0 0
2026-07-21 2964 1231.104 0 0
2026-07-22 2977 1229.96 0 0
2026-07-23 2978 1231.795 0 0
2026-07-24 2953 1244.145 0 0
2026-07-25 2957 1238.873 0 0
2026-07-26 2953 1240.437 0 0
2026-07-27 2964 1240.437 0 0
2026-07-28 2970 1240.437 0 0
2026-07-29 2991 1222.321 0 0
2026-07-30 2979 1229.005 0 0
2026-07-31 3005 1216.847 0 0
2026-08-01 3034 1207.671 0 0
2026-08-02 3108 1162.16 0 0
2026-08-03 3108 1162.16 0 0
2026-08-04 3122 1162.16 0 0
2026-08-05 3151 1148.105 0 0
2026-08-06 3132 1161.043 0 0
2026-08-07 3141 1154.474 0 0
2026-08-08 3158 1151.916 0 0
2026-08-09 3165 1148.957 0 0
2026-08-10 3167 1148.957 0 0
2026-08-11 3163 1148.957 0 0
2026-08-12 3171 1148.957 0 0
2026-08-13 3150 1159.702 0 0
2026-08-14 3162 1154.694 0 0
>>>>>>> 2b550085baac25c543016ca743053a87bf115d5d
