<<<<<<< HEAD
2026-05-20 2428 1684.425 0 0
2026-05-21 2430 1683.856 -0.569 -0.034
2026-05-22 2484 1622.735 -61.121 -3.63
2026-05-23 2482 1625.457 2.722 0.168
2026-05-24 2482 1625.457 0 0
2026-05-26 2519 1596.098 -29.359 -1.806
2026-05-27 2481 1633.052 36.954 2.315
2026-05-28 2484 1624.443 -8.609 -0.527
2026-05-29 2460 1633.95 9.507 0.585
2026-05-31 2461 1636.726 2.776 0.17
2026-06-01 2633 1509.643 -127.083 -7.764
2026-06-02 2576 1548.694 39.051 2.587
2026-06-03 2520 1585.761 37.067 2.393
2026-06-04 2419 1683.679 97.918 6.175
2026-06-05 2566 1547.558 -136.121 -8.085
2026-06-06 2562 1548.815 1.257 0.081
2026-06-07 2562 1548.815 0 0
2026-06-08 2666 1451.21 -97.605 -6.302
2026-06-09 2582 1530.726 79.516 5.479
2026-06-10 2588 1512.616 -18.11 -1.183
2026-06-11 2563 1532.725 20.109 1.329
2026-06-12 2575 1533.022 0.297 0.019
2026-06-13 2576 1536.672 3.65 0.238
2026-06-15 2539 1576.776 40.104 2.61
2026-06-16 2505 1608.537 31.761 2.014
2026-06-17 2417 1696.47 87.933 5.467
2026-06-18 2389 1713.719 17.249 1.017
2026-06-19 2385 1712.427 -1.292 -0.075
2026-06-20 2385 1712.427 0 0
2026-06-21 2385 1712.427 0 0
2026-06-23 2322 1759.681 47.254 2.759
2026-06-24 2250 1823.744 64.063 3.641
2026-06-25 2084 1978.288 154.544 8.474
2026-06-26 2075 1986.169 7.881 0.398
2026-06-27 2075 1985.818 -0.351 -0.018
2026-06-28 2075 1985.818 0 0
2026-06-29 1958 2106.771 120.953 6.091
2026-06-30 2008 2055.344 -51.427 -2.441
2026-07-01 2119 1957.466 -97.878 -4.762
2026-07-02 2337 1764.083 -193.383 -9.879
2026-07-03 2274 1818.283 54.2 3.072
2026-07-04 2274 1818.283 0 0
2026-07-05 2274 1818.283 0 0
2026-07-06 2096 1995.986 177.703 9.773
2026-07-07 2252 1844.18 -151.806 -7.606
2026-07-08 2346 1745.45 -98.73 -5.354
2026-07-09 2266 1820.366 74.916 4.292
2026-07-10 2364 1731.741 -88.625 -4.869
2026-07-11 2356 1735.599 3.858 0.223
2026-07-12 2356 1735.599 0 0
2026-07-13 2560 1552.718 -182.881 -10.537
2026-07-14 2505 1597.954 45.236 2.913
2026-07-15 2683 1457.935 -140.019 -8.762
2026-07-16 2776 1391.21 -66.725 -4.577
2026-07-17 3029 1203.027 -188.183 -13.527
2026-07-18 3029 1201.394 -1.633 -0.136
2026-07-19 3028 1201.394 0 0
2026-07-20 3117 1146.958 -54.436 -4.531
2026-07-21 2908 1275.56 128.602 11.212
2026-07-22 3067 1182.16 -93.4 -7.322
2026-07-23 3121 1145.68 -36.48 -3.086
2026-07-24 3132 1129.962 -15.718 -1.372
2026-07-25 3135 1129.361 -0.601 -0.053
2026-07-26 3135 1129.361 0 0
2026-07-27 3127 1140.22 10.859 0.962
2026-07-28 3325 1018.688 -121.532 -10.659
2026-07-29 3321 1017.684 -1.004 -0.099
2026-07-30 3284 1043.467 25.783 2.533
2026-07-31 3262 1067.879 24.412 2.34
2026-08-01 3264 1069.304 1.425 0.133
2026-08-02 3264 1069.304 0 0
2026-08-03  993.108 -76.196 -7.126
2026-08-05 3203 1118.638 125.53 12.64
2026-08-06 3195 1123.168 4.53 0.405
2026-08-07 3113 1179.745 56.577 5.037
2026-08-08 3115 1180.024 0.279 0.024
2026-08-09 3115 1180.024 0 0
2026-08-10 2991 1252.587 72.563 6.149
2026-08-11 2973 1266.596 14.009 1.118
2026-08-12 2983 1258.264 -8.332 -0.658
2026-08-13 3067 1209.879 -48.385 -3.845
=======
2026-05-21 2450 1660.191 0 0
2026-05-22 2491 1607.538 0 0
2026-05-23 2484 1622.735 0 0
2026-05-24 2482 1625.457 0 0
2026-05-25 2475 1641.598 0 0
2026-05-26 2545 1573.361 0 0
2026-05-27 2437 1680.253 0 0
2026-05-28 2488 1623.079 0 0
2026-05-29 2465 1637.046 0 0
2026-05-30 2460 1633.95 0 0
2026-05-31 2461 1636.726 0 0
2026-06-01 2534 1583.675 0 0
2026-06-02 2583 1543.67 0 0
2026-06-03 2465 1640.958 0 0
2026-06-04 2409 1687.098 0 0
2026-06-05 2525 1583.088 0 0
2026-06-06 2566 1547.558 0 0
2026-06-07 2562 1548.815 0 0
2026-06-09 2600 1510.471 0 0
2026-06-10 2586 1516.652 0 0
2026-06-11 2623 1490.384 0 0
2026-06-12 2506 1587.491 0 0
2026-06-13 2575 1533.022 0 0
2026-06-14 2576 1536.672 0 0
2026-06-16 2493 1613.97 0 0
2026-06-17 2493 1621.046 0 0
2026-06-18 2385 1719.639 0 0
2026-06-19 2388 1713.719 0 0
2026-06-20 2385 1712.427 0 0
2026-06-21 2385 1712.427 0 0
2026-06-22 2304 1782.895 0 0
2026-06-23 2257 1836.054 0 0
2026-06-24 2301 1772.741 0 0
2026-06-25 2130 1932.489 0 0
2026-06-26 2133 1924.321 0 0
2026-06-27 2075 1986.169 0 0
2026-06-28 2075 1985.818 0 0
2026-06-29 2011 2043.931 0 0
2026-06-30 1994 2069.178 0 0
2026-07-01 2001 2078.169 0 0
2026-07-02 2260 1829.165 0 0
2026-07-03 2268 1829.853 0 0
2026-07-04 2274 1818.283 0 0
2026-07-05 2274 1818.283 0 0
2026-07-06 2043 2033.488 0 0
2026-07-07 2245 1851.327 0 0
2026-07-08 2279 1809.356 0 0
2026-07-09 2348 1738.243 0 0
2026-07-10 2303 1796.561 0 0
2026-07-11 2364 1731.741 0 0
2026-07-12 2356 1735.599 0 0
2026-07-13 2482 1628.844 0 0
2026-07-14 2541 1567.949 0 0
2026-07-15 2608 1523.758 0 0
2026-07-16 2693 1449.565 0 0
2026-07-17 2911 1271.91 0 0
2026-07-18 3029 1203.027 0 0
2026-07-19 3029 1201.394 0 0
2026-07-20 3046 1192.995 0 0
2026-07-21 3168 1105.776 0 0
2026-07-22 2956 1245.323 0 0
2026-07-23 3115 1155.193 0 0
2026-07-24 3127 1136.859 0 0
2026-07-25 3132 1129.962 0 0
2026-07-26 3135 1129.361 0 0
2026-07-27 3140 1127.379 0 0
2026-07-28 3229 1080.485 0 0
2026-07-29 3359 989.406 0 0
2026-07-30 3321 1015.197 0 0
2026-07-31 3195 1105.426 0 0
2026-08-01 3262 1067.879 0 0
2026-08-02 3264 1069.304 0 0
2026-08-03 3353 1007.232 0 0
2026-08-04 3343 1016.144 0 0
2026-08-06 3204 1118.918 0 0
2026-08-07 3113 1173.791 0 0
2026-08-08 3113 1179.745 0 0
2026-08-09 3115 1180.024 0 0
2026-08-10 3028 1228.073 0 0
2026-08-11 2934 1295.985 0 0
2026-08-12 3007 1245.583 0 0
2026-08-13 2982 1263.534 0 0
2026-08-14 3013 1240.715 0 0
>>>>>>> 2b550085baac25c543016ca743053a87bf115d5d
2026-08-15 3016 1236.37 0 0
2026-08-16 3020 1236.938 0 0
2026-08-17 3020 1236.938 0 0
2026-08-18 2975 1272.866 0 0
2026-08-19 2999 1253.734 0 0
2026-08-20 3148 1159.792 0 0
2026-08-21 3150 1160.72 0 0
2026-08-22 3137 1167.742 0 0
2026-08-24 3139 1168.333 0 0
