2026-05-08 2863 1346.584 0 0
2026-05-09 2864 1346.524 -0.06 -0.004
2026-05-10 2864 1346.524 0 0
2026-05-11 2773 1422.705 76.181 5.658
2026-05-12 2840 1361.913 -60.792 -4.273
2026-05-13 2603 1533.606 171.693 12.607
2026-05-14 2713 1455.555 -78.051 -5.089
2026-05-15 2696 1460.474 4.919 0.338
2026-05-16 2691 1456.504 -3.97 -0.272
2026-05-17 2691 1456.504 0 0
2026-05-18 2616 1516.333 59.829 4.108
2026-05-19 2493 1605.767 89.434 5.898
2026-05-20 2498 1600.997 -4.77 -0.297
2026-05-21 2500 1600.456 -0.541 -0.034
2026-05-22 2610 1523.115 -77.341 -4.832
2026-05-23 2609 1525.67 2.555 0.168
2026-05-24 2609 1525.67 0 0
2026-05-26 2456 1657.815 132.145 8.661
2026-05-27 2603 1535.413 -122.402 -7.383
2026-05-28 2564 1560.151 24.738 1.611
2026-05-29 2743 1410.477 -149.674 -9.594
2026-05-31 2740 1412.874 2.397 0.17
2026-06-01 2790 1386.141 -26.733 -1.892
2026-06-02 2730 1419.663 33.522 2.418
2026-06-03 2662 1480.297 60.634 4.271
2026-06-04 2590 1538.475 58.178 3.93
2026-06-05 2669 1464.046 -74.429 -4.838
2026-06-06 2663 1465.235 1.189 0.081
2026-06-07 2663 1465.235 0 0
2026-06-08 2775 1367.246 -97.989 -6.688
2026-06-09 2672 1449.122 81.876 5.988
2026-06-10 2625 1491.484 42.362 2.923
2026-06-11 2500 1579.656 88.172 5.912
2026-06-12 2439 1650.695 71.039 4.497
2026-06-13 2438 1654.626 3.931 0.238
2026-06-15 2322 1788.029 133.403 8.062
2026-06-16 2338 1767.434 -20.595 -1.152
2026-06-17 2194 1901.85 134.416 7.605
2026-06-18 2171 1923.321 21.471 1.129
2026-06-19 2162 1921.87 -1.451 -0.075
2026-06-20 2162 1921.87 0 0
2026-06-21 2161 1921.87 0 0
2026-06-23 2165 1900.041 -21.829 -1.136
2026-06-24 2061 2006.173 106.132 5.586
2026-06-25 2089 1975.772 -30.401 -1.515
2026-06-26 2092 1969.593 -6.179 -0.313
2026-06-27 2092 1969.245 -0.348 -0.018
2026-06-28 2092 1969.245 0 0
2026-06-29 1923 2149.251 180.006 9.141
2026-06-30 1889 2191.346 42.095 1.959
2026-07-01 1999 2079.286 -112.06 -5.114
2026-07-02 2142 1936.914 -142.372 -6.847
2026-07-03 2228 1868.419 -68.495 -3.536
2026-07-04 2228 1868.419 0 0
2026-07-05 2228 1868.419 0 0
2026-07-06 2217 1882.154 13.735 0.735
2026-07-07 2187 1894.618 12.464 0.662
2026-07-08 2231 1855.455 -39.163 -2.067
2026-07-09 2080 1988.082 132.627 7.148
2026-07-10 2365 1729.689 -258.393 -12.997
2026-07-11 2360 1733.542 3.853 0.223
2026-07-12 2360 1733.542 0 0
2026-07-13 2428 1669.235 -64.307 -3.71
2026-07-14 2369 1722.669 53.434 3.201
2026-07-15 2489 1628.982 -93.687 -5.438
2026-07-16 2604 1520.866 -108.116 -6.637
2026-07-17 2664 1458.998 -61.868 -4.068
2026-07-18 2667 1457.017 -1.981 -0.136
2026-07-19 2666 1457.017 0 0
2026-07-20 2750 1385.616 -71.401 -4.9
2026-07-21 2471 1619.571 233.955 16.885
2026-07-22 2500 1583.665 -35.906 -2.217
2026-07-23 2577 1518.573 -65.092 -4.11
2026-07-24 2535 1547.096 28.523 1.878
2026-07-25 2537 1546.274 -0.822 -0.053
2026-07-26 2537 1546.274 0 0
2026-07-27 2544 1553.963 7.689 0.497
2026-07-28 2609 1497.57 -56.393 -3.629
2026-07-29 2654 1462.976 -34.594 -2.31
2026-07-30 2760 1380.818 -82.158 -5.616
2026-07-31 2688 1446.627 65.809 4.766
2026-08-01 2689 1448.557 1.93 0.133
2026-08-02 2689 1448.557 0 0
2026-08-03 2851 1331.133 -117.424 -8.106
2026-08-04 2678 1474.903 143.77 10.801
2026-08-05 2580 1555.774 80.871 5.483
2026-08-06 2514 1613.041 57.267 3.681
2026-08-07 2500 1631.842 18.801 1.166
2026-08-08 2500 1632.229 0.387 0.024
2026-08-09 2500 1632.229 0 0
2026-08-10 2485 1650.711 18.482 1.132
2026-08-11 2525 1607.449 -43.262 -2.621
2026-08-12 2502 1629.8 22.351 1.39
2026-08-13 2555 1575.886 -53.914 -3.308
2026-08-15 2537 1601.416 25.53 1.62
2026-08-16 2537 1601.416 0 0
2026-08-17 2434 1706.33 104.914 6.551
2026-08-18 2432 1710.979 4.649 0.272
2026-08-19 2564 1568.745 -142.234 -8.313
2026-08-20 2571 1568.258 -0.487 -0.031
2026-08-21 2583 1558.837 -9.421 -0.601
2026-08-23 2585 1559.626 0.789 0.051
2026-08-24 2584 1555.138 -4.488 -0.288
2026-08-25 2637 1525.267 -29.871 -1.921
2026-08-26 2637 1525.471 0.204 0.013
2026-08-27 2568 1583.286 57.815 3.79
2026-08-28 2635 1532.453 -50.833 -3.211
2026-08-29 2632 1532.339 -0.114 -0.007
2026-08-30 2632 1532.339 0 0
2026-08-31 2629 1536.827 4.488 0.293
2026-09-01 2702 1482.773 0 0
2026-09-02 2713 1462.28 0 0
2026-09-03 2731 1447.183 0 0
