2026-04-23 3373 1006.582 0 0
2026-04-24 3359 1011.698 5.116 0.508
2026-04-25 3366 1011.595 -0.103 -0.01
2026-04-26 3366 1011.595 0 0
2026-04-27 3313 1051.206 39.611 3.916
2026-04-28 3347 1024.254 -26.952 -2.564
2026-04-29 3303 1056.494 32.24 3.148
2026-04-30 3230 1099.251 42.757 4.047
2026-05-01 3235 1099.187 -0.064 -0.006
2026-05-02 3237 1099.187 0 0
2026-05-04 3237 1099.187 0 0
2026-05-05 3221 1111.665 12.478 1.135
2026-05-06 3224 1111.665 0 0
2026-05-07 3204 1131.837 20.172 1.815
2026-05-08 2958 1285.537 153.7 13.58
2026-05-09 2959 1285.481 -0.056 -0.004
2026-05-10 2959 1285.481 0 0
<<<<<<< HEAD
2026-05-11 2896 1322.812 37.331 2.904
2026-05-12 2867 1337.446 14.634 1.106
2026-05-13 2837 1364.61 27.164 2.031
2026-05-14 2937 1297.003 -67.607 -4.954
2026-05-15 2664 1486.967 189.964 14.646
2026-05-16 2662 1482.924 -4.043 -0.272
2026-05-17 2662 1482.924 0 0
2026-05-18 2543 1563.887 80.963 5.46
2026-05-19 2521 1580.793 16.906 1.081
2026-05-20 2551 1567.774 -13.019 -0.824
2026-05-21 2555 1567.244 -0.53 -0.034
2026-05-22 2457 1652.665 85.421 5.45
2026-05-23 2453 1655.437 2.772 0.168
2026-05-24 2453 1655.437 0 0
2026-05-26 2479 1638.968 -16.469 -0.995
2026-05-27 2566 1559.162 -79.806 -4.869
2026-05-28 2593 1537.708 -21.454 -1.376
2026-05-29 2652 1490.686 -47.022 -3.058
2026-05-31 2652 1493.219 2.533 0.17
2026-06-01 2755 1405.639 -87.58 -5.865
2026-06-02 2653 1493.969 88.33 6.284
2026-06-03 2591 1536.26 42.291 2.831
2026-06-04 2519 1592.9 56.64 3.687
2026-06-05 2182 1898.486 305.586 19.184
2026-06-06 2173 1900.028 1.542 0.081
2026-06-07 2173 1900.028 0 0
2026-06-08 1998 2065.062 165.034 8.686
2026-06-09 2036 2023.109 -41.953 -2.032
2026-06-10 2008 2045.345 22.236 1.099
2026-06-11 2306 1776.517 -268.828 -13.143
2026-06-12 2387 1701.734 -74.783 -4.21
2026-06-13 2388 1705.786 4.052 0.238
2026-06-15 2289 1807.149 101.363 5.942
2026-06-16 2276 1825.16 18.011 0.997
2026-06-17 2253 1850.317 25.157 1.378
2026-06-18 2108 1974.384 124.067 6.705
2026-06-19 2112 1972.895 -1.489 -0.075
2026-06-20 2112 1972.895 0 0
2026-06-21 2112 1972.895 0 0
2026-06-23 2254 1830.849 -142.046 -7.2
2026-06-24 2229 1849.736 18.887 1.032
2026-06-25 2181 1881.356 31.62 1.709
2026-06-26 2296 1782.343 -99.013 -5.263
2026-06-27 2297 1782.028 -0.315 -0.018
2026-06-28 2297 1782.028 0 0
2026-06-29 2338 1745.483 -36.545 -2.051
2026-06-30 2067 2009.828 264.345 15.145
2026-07-01 2027 2040.7 30.872 1.536
2026-07-02 2089 1987.207 -53.493 -2.621
2026-07-03 1780 2339.34 352.133 17.72
2026-07-04 1780 2339.34 0 0
2026-07-05 1780 2339.34 0 0
2026-07-06 1915 2180.436 -158.904 -6.793
2026-07-07 1864 2230.265 49.829 2.285
2026-07-08 2190 1883.765 -346.5 -15.536
2026-07-09 2106 1962.294 78.529 4.169
2026-07-10 2125 1949.645 -12.649 -0.645
2026-07-11 2123 1953.988 4.343 0.223
2026-07-12 2123 1953.988 0 0
2026-07-13 2242 1834.784 -119.204 -6.101
2026-07-14 2214 1868.376 33.592 1.831
2026-07-15 2222 1865.729 -2.647 -0.142
2026-07-16 2254 1832.603 -33.126 -1.775
2026-07-17 2494 1587.519 -245.084 -13.374
2026-07-18 2496 1585.364 -2.155 -0.136
2026-07-19 2495 1585.364 0 0
2026-07-20 2644 1467.397 -117.967 -7.441
2026-07-21 2504 1590.495 123.098 8.389
2026-07-22 2560 1543.787 -46.708 -2.937
2026-07-23 2604 1502.723 -41.064 -2.66
2026-07-24 2665 1442.68 -60.043 -3.996
2026-07-25 2669 1441.913 -0.767 -0.053
2026-07-26 2669 1441.913 0 0
2026-07-27 2593 1517.722 75.809 5.258
2026-07-28 2695 1432.708 -85.014 -5.601
2026-07-29 2754 1388.858 -43.85 -3.061
2026-07-30 2895 1282.978 -105.88 -7.624
2026-07-31 2656 1484.845 201.867 15.734
2026-08-01 2655 1486.826 1.981 0.133
2026-08-02 2655 1486.826 0 0
2026-08-03 2606 1525.819 38.993 2.623
2026-08-04 2532 1590.223 64.404 4.221
2026-08-05 2470 1658.782 68.559 4.311
2026-08-06 2484 1638.507 -20.275 -1.222
2026-08-07 2436 1693.25 54.743 3.341
2026-08-08 2437 1693.651 0.401 0.024
2026-08-09 2437 1693.651 0 0
2026-08-10 2508 1628.506 -65.145 -3.846
2026-08-11 2346 1774.625 146.119 8.973
2026-08-12 2399 1728.48 -46.145 -2.6
2026-08-13 2445 1686.384 -42.096 -2.435
=======
2026-05-11 2883 1331.76 0 0
2026-05-12 2884 1332.272 0 0
2026-05-13 2861 1344.117 0 0
2026-05-14 2907 1305.59 0 0
2026-05-15 2647 1500.074 0 0
2026-05-16 2664 1486.967 0 0
2026-05-17 2662 1482.924 0 0
2026-05-18 2511 1585.362 0 0
2026-05-19 2545 1566.449 0 0
2026-05-20 2555 1559.063 0 0
2026-05-21 2469 1643.951 0 0
2026-05-22 2496 1604.691 0 0
2026-05-23 2457 1652.665 0 0
2026-05-24 2453 1655.437 0 0
2026-05-25 2478 1639.202 0 0
2026-05-26 2378 1734.796 0 0
2026-05-27 2511 1598.939 0 0
2026-05-28 2594 1536.417 0 0
2026-05-29 2613 1521.02 0 0
2026-05-30 2652 1490.686 0 0
2026-05-31 2652 1493.219 0 0
2026-06-01 2719 1436.971 0 0
2026-06-02 2630 1506.332 0 0
2026-06-03 2545 1575.595 0 0
2026-06-04 2502 1600.858 0 0
2026-06-05 2310 1784.61 0 0
2026-06-06 2182 1898.486 0 0
2026-06-07 2173 1900.028 0 0
2026-06-09 2041 2011.829 0 0
2026-06-10 2052 2003.065 0 0
2026-06-11 2289 1787.355 0 0
2026-06-12 2354 1732.085 0 0
2026-06-13 2387 1701.734 0 0
2026-06-14 2388 1705.786 0 0
2026-06-16 2266 1831.106 0 0
2026-06-17 2283 1816.106 0 0
2026-06-18 2152 1939.12 0 0
2026-06-19 2107 1974.384 0 0
2026-06-20 2112 1972.895 0 0
2026-06-21 2112 1972.895 0 0
2026-06-22 2224 1871.354 0 0
2026-06-23 2232 1861.556 0 0
2026-06-24 2228 1851.293 0 0
2026-06-25 2230 1854.874 0 0
2026-06-26 2255 1811.568 0 0
2026-06-27 2296 1782.343 0 0
2026-06-28 2297 1782.028 0 0
2026-06-29 2401 1687.728 0 0
2026-06-30 2122 1945.364 0 0
2026-07-01 2094 1988.409 0 0
2026-07-02 1986 2098.397 0 0
2026-07-03 1861 2243.468 0 0
2026-07-04 1780 2339.34 0 0
2026-07-05 1780 2339.34 0 0
2026-07-06 1793 2310.848 0 0
2026-07-07 1913 2178.988 0 0
2026-07-08 2119 1954.925 0 0
2026-07-09 2186 1883.765 0 0
2026-07-10 2017 2046.399 0 0
2026-07-11 2125 1949.645 0 0
2026-07-12 2123 1953.988 0 0
2026-07-13 2143 1923.637 0 0
2026-07-14 2247 1827.676 0 0
2026-07-15 2141 1934.332 0 0
2026-07-16 2167 1911.844 0 0
2026-07-17 2397 1693.979 0 0
2026-07-18 2494 1587.519 0 0
2026-07-19 2496 1585.364 0 0
2026-07-20 2553 1547.008 0 0
2026-07-21 2654 1463.281 0 0
2026-07-22 2510 1583.655 0 0
2026-07-23 2589 1511.462 0 0
2026-07-24 2656 1455.412 0 0
2026-07-25 2665 1442.68 0 0
2026-07-26 2669 1441.913 0 0
2026-07-27 2628 1485.948 0 0
2026-07-28 2634 1481.315 0 0
2026-07-29 2741 1398.842 0 0
2026-07-30 2826 1334.24 0 0
2026-07-31 2672 1459.94 0 0
2026-08-01 2656 1484.845 0 0
2026-08-02 2655 1486.826 0 0
2026-08-03 2603 1526.758 0 0
2026-08-04 2557 1563.168 0 0
2026-08-05 2494 1628.942 0 0
2026-08-06 2464 1665.541 0 0
2026-08-07 2472 1655.697 0 0
2026-08-08 2436 1693.25 0 0
2026-08-09 2437 1693.651 0 0
2026-08-10 2508 1628.365 0 0
2026-08-11 2532 1603.754 0 0
2026-08-12 2385 1743.673 0 0
2026-08-13 2361 1761.704 0 0
2026-08-14 2433 1696.771 0 0
>>>>>>> 2b550085baac25c543016ca743053a87bf115d5d
2026-08-15 2427 1704.854 0 0
2026-08-16 2435 1705.638 0 0
2026-08-17 2433 1705.638 0 0
2026-08-18 2372 1763.188 0 0
2026-08-19 2278 1851.854 0 0
2026-08-20 2614 1534.356 0 0
2026-08-21 2640 1518.864 0 0
2026-08-22 2611 1542.489 0 0
2026-08-24 2612 1543.269 0 0
2026-08-25 2719 1452.706 0 0
2026-08-26 2694 1483.2 0 0
2026-08-27 2706 1471.799 0 0
2026-08-28 2749 1437.848 0 0
2026-08-29 2750 1437.998 0 0
2026-08-30 2749 1437.891 0 0
2026-08-31 2735 1445.108 0 0
