2026-03-10 1961 2143.895 0 0
2026-03-11 1947 2144.638 0.743 0.035
2026-03-12 1936 2144.867 0.229 0.011
2026-03-13 1931 2144.867 0 0
2026-03-14 1929 2144.981 0.114 0.005
2026-03-15 1929 2144.981 0 0
2026-03-16 1930 2144.981 0 0
2026-03-17 1932 2144.924 -0.057 -0.003
2026-03-18 1934 2144.924 0 0
2026-03-19 1916 2143.953 -0.971 -0.045
2026-03-20 1906 2143.838 -0.115 -0.005
2026-03-21 1908 2143.61 -0.228 -0.011
2026-03-22 1908 2143.61 0 0
2026-03-23 1891 2143.61 0 0
2026-03-24 1897 2143.953 0.343 0.016
2026-03-25 1908 2144.181 0.228 0.011
2026-03-27 1893 2144.181 0 0
2026-03-28 1884 2145.038 0.857 0.04
2026-03-29 1884 2145.038 0 0
2026-03-30 1888 2145.038 0 0
2026-03-31 1891 2144.809 -0.229 -0.011
2026-04-01 1906 2144.867 0.058 0.003
2026-04-02 1909 2144.581 -0.286 -0.013
2026-04-03 1906 2144.181 -0.4 -0.019
2026-04-04 1906 2144.181 0 0
2026-04-05 1906 2144.181 0 0
2026-04-06 1909 2144.181 0 0
2026-04-07 1904 2143.61 -0.571 -0.027
2026-04-08 1930 2143.61 0 0
2026-04-09 1938 2144.809 1.199 0.056
2026-04-10 1942 2144.752 -0.057 -0.003
2026-04-11 1944 2144.867 0.115 0.005
2026-04-12 1944 2144.867 0 0
2026-04-13 1943 2144.867 0 0
2026-04-14 1946 2144.695 -0.172 -0.008
2026-04-15 1957 2145.038 0.343 0.016
2026-04-16 1958 2145.496 0.458 0.021
2026-04-17 1963 2145.667 0.171 0.008
2026-04-18 1967 2145.667 0 0
2026-04-19 1967 2145.667 0 0
2026-04-20 1967 2145.667 0 0
2026-04-21 1968 2145.839 0.172 0.008
2026-04-22 1967 2146.068 0.229 0.011
2026-04-23 1960 2146.01 -0.058 -0.003
2026-04-24 1952 2145.953 -0.057 -0.003
2026-04-25 1951 2145.896 -0.057 -0.003
2026-04-26 1951 2145.896 0 0
2026-04-27 1951 2145.896 0 0
2026-04-28 1950 2145.953 0.057 0.003
2026-04-29 1948 2145.953 0 0
2026-04-30 1947 2146.068 0.115 0.005
2026-05-01 1950 2146.068 0 0
2026-05-02 1952 2146.068 0 0
2026-05-04 1957 2146.068 0 0
2026-05-05 1964 2145.896 -0.172 -0.008
2026-05-06 1967 2145.896 0 0
2026-05-07 1974 2145.553 -0.343 -0.016
2026-05-08 1982 2145.839 0.286 0.013
2026-05-09 1979 2145.496 -0.343 -0.016
2026-05-10 1979 2145.496 0 0
<<<<<<< HEAD
2026-05-11 1975 2145.496 0 0
2026-05-12 1970 2145.324 -0.172 -0.008
2026-05-13 1961 2145.095 -0.229 -0.011
2026-05-14 1971 2145.21 0.115 0.005
2026-05-15 1952 2144.867 -0.343 -0.016
2026-05-16 1947 2144.867 0 0
2026-05-17 1947 2144.867 0 0
2026-05-18 1943 2144.867 0 0
2026-05-19 1947 2144.752 -0.115 -0.005
2026-05-20 1949 2144.924 0.172 0.008
2026-05-21 1951 2144.924 0 0
2026-05-22 1958 2144.924 0 0
2026-05-23 1959 2144.867 -0.057 -0.003
2026-05-24 1959 2144.867 0 0
2026-05-26 1963 2144.867 0 0
2026-05-27 1962 2144.867 0 0
2026-05-28 1963 2144.867 0 0
2026-05-29 1961 2144.809 -0.058 -0.003
2026-05-31 1963 2144.867 0.058 0.003
2026-06-01 1957 2144.867 0 0
2026-06-02 1943 2144.752 -0.115 -0.005
2026-06-03 1936 2144.524 -0.228 -0.011
2026-06-04 1942 2144.124 -0.4 -0.019
2026-06-05 1937 2143.838 -0.286 -0.013
2026-06-06 1933 2143.667 -0.171 -0.008
2026-06-07 1933 2143.667 0 0
2026-06-08 1924 2143.667 0 0
2026-06-09 1935 2143.039 -0.628 -0.029
2026-06-10 1935 2143.953 0.914 0.043
2026-06-11 1924 2144.238 0.285 0.013
2026-06-12 1932 2144.067 -0.171 -0.008
2026-06-13 1943 2144.695 0.628 0.029
2026-06-15 1950 2144.695 0 0
2026-06-16 1955 2144.924 0.229 0.011
2026-06-17 1944 2144.809 -0.115 -0.005
2026-06-18 1945 2144.638 -0.171 -0.008
2026-06-19 1940 2144.467 -0.171 -0.008
2026-06-20 1941 2144.467 0 0
2026-06-21 1941 2144.467 0 0
2026-06-23 1925 2143.838 -0.629 -0.029
2026-06-24 1920 2144.01 0.172 0.008
2026-06-25 1923 2143.838 -0.172 -0.008
2026-06-26 1915 2143.553 -0.285 -0.013
2026-06-27 1916 2143.324 -0.229 -0.011
2026-06-28 1916 2143.324 0 0
2026-06-29 1931 2143.324 0 0
2026-06-30 1933 2143.324 0 0
2026-07-01 1935 2142.241 -1.083 -0.051
2026-07-02 1941 2143.382 1.141 0.053
2026-07-03 1950 2143.667 0.285 0.013
2026-07-04 1950 2143.667 0 0
2026-07-05 1950 2143.667 0 0
2026-07-06 1947 2143.667 0 0
2026-07-07 1937 2143.382 -0.285 -0.013
2026-07-08 1922 2143.895 0.513 0.024
2026-07-09 1930 2143.439 -0.456 -0.021
2026-07-10 1926 2143.953 0.514 0.024
2026-07-11 1927 2143.781 -0.172 -0.008
2026-07-12 1927 2143.781 0 0
2026-07-13 1920 2143.781 0 0
2026-07-14 1920 2143.553 -0.228 -0.011
2026-07-15 1921 2142.925 -0.628 -0.029
2026-07-16 1930 2143.496 0.571 0.027
2026-07-17 1910 2143.324 -0.172 -0.008
2026-07-18 1909 2143.153 -0.171 -0.008
2026-07-19 1908 2143.153 0 0
2026-07-20 1904 2143.153 0 0
2026-07-21 1917 2143.439 0.286 0.013
2026-07-22 1916 2144.124 0.685 0.032
2026-07-23 1911 2144.124 0 0
2026-07-24 1908 2144.295 0.171 0.008
2026-07-25 1914 2144.124 -0.171 -0.008
2026-07-26 1914 2144.124 0 0
2026-07-27 1919 2144.124 0 0
2026-07-28 1913 2144.124 0 0
2026-07-29 1919 2144.067 -0.057 -0.003
2026-07-30 1921 2143.838 -0.229 -0.011
2026-07-31 1932 2143.553 -0.285 -0.013
2026-08-01 1933 2143.21 -0.343 -0.016
2026-08-02 1933 2143.21 0 0
2026-08-03 1938 2143.21 0 0
2026-08-04 1944 2143.153 -0.057 -0.003
2026-08-05 1951 2143.096 -0.057 -0.003
2026-08-06 1952 2143.096 0 0
2026-08-07 1958 2143.781 0.685 0.032
2026-08-08 1962 2143.667 -0.114 -0.005
2026-08-09 1962 2143.667 0 0
2026-08-10 1964 2143.667 0 0
2026-08-11 1959 2143.667 0 0
2026-08-12 1963 2143.61 -0.057 -0.003
2026-08-13 1960 2143.724 0.114 0.005
=======
2026-05-11 1983 2145.496 0 0
2026-05-12 1974 2145.496 0 0
2026-05-13 1968 2145.324 0 0
2026-05-14 1961 2145.095 0 0
2026-05-15 1965 2145.21 0 0
2026-05-16 1952 2144.867 0 0
2026-05-17 1947 2144.867 0 0
2026-05-18 1940 2144.867 0 0
2026-05-19 1945 2144.867 0 0
2026-05-20 1946 2144.752 0 0
2026-05-21 1952 2144.924 0 0
2026-05-22 1956 2144.924 0 0
2026-05-23 1958 2144.924 0 0
2026-05-24 1959 2144.867 0 0
2026-05-25 1957 2144.867 0 0
2026-05-26 1960 2144.867 0 0
2026-05-27 1959 2144.867 0 0
2026-05-28 1959 2144.867 0 0
2026-05-29 1962 2144.867 0 0
2026-05-30 1961 2144.809 0 0
2026-05-31 1963 2144.867 0 0
2026-06-01 1967 2144.867 0 0
2026-06-02 1952 2144.867 0 0
2026-06-03 1941 2144.752 0 0
2026-06-04 1936 2144.524 0 0
2026-06-05 1940 2144.124 0 0
2026-06-06 1937 2143.838 0 0
2026-06-07 1933 2143.667 0 0
2026-06-09 1927 2143.667 0 0
2026-06-10 1933 2143.039 0 0
2026-06-11 1924 2143.953 0 0
2026-06-12 1938 2144.238 0 0
2026-06-13 1932 2144.067 0 0
2026-06-14 1943 2144.695 0 0
2026-06-16 1950 2144.695 0 0
2026-06-17 1952 2144.924 0 0
2026-06-18 1944 2144.809 0 0
2026-06-19 1944 2144.638 0 0
2026-06-20 1940 2144.467 0 0
2026-06-21 1941 2144.467 0 0
2026-06-22 1934 2144.467 0 0
2026-06-23 1941 2144.467 0 0
2026-06-24 1927 2143.838 0 0
2026-06-25 1921 2144.01 0 0
2026-06-26 1907 2143.838 0 0
2026-06-27 1915 2143.553 0 0
2026-06-28 1916 2143.324 0 0
2026-06-29 1930 2143.324 0 0
2026-06-30 1928 2143.324 0 0
2026-07-01 1936 2143.324 0 0
2026-07-02 1937 2142.241 0 0
2026-07-03 1943 2143.382 0 0
2026-07-04 1950 2143.667 0 0
2026-07-05 1950 2143.667 0 0
2026-07-06 1949 2143.667 0 0
2026-07-07 1939 2143.667 0 0
2026-07-08 1932 2143.382 0 0
2026-07-09 1920 2143.895 0 0
2026-07-10 1935 2143.439 0 0
2026-07-11 1926 2143.953 0 0
2026-07-12 1927 2143.781 0 0
2026-07-13 1924 2143.781 0 0
2026-07-14 1920 2143.781 0 0
2026-07-15 1920 2143.553 0 0
2026-07-16 1927 2142.925 0 0
2026-07-17 1922 2143.496 0 0
2026-07-18 1910 2143.324 0 0
2026-07-19 1909 2143.153 0 0
2026-07-20 1909 2143.153 0 0
2026-07-21 1905 2143.153 0 0
2026-07-22 1923 2143.439 0 0
2026-07-23 1919 2144.124 0 0
2026-07-24 1910 2144.124 0 0
2026-07-25 1908 2144.295 0 0
2026-07-26 1914 2144.124 0 0
2026-07-27 1912 2144.124 0 0
2026-07-28 1913 2144.124 0 0
2026-07-29 1918 2144.124 0 0
2026-07-30 1918 2144.067 0 0
2026-07-31 1929 2143.838 0 0
2026-08-01 1932 2143.553 0 0
2026-08-02 1933 2143.21 0 0
2026-08-03 1929 2143.21 0 0
2026-08-04 1942 2143.21 0 0
2026-08-05 1946 2143.153 0 0
2026-08-06 1948 2143.096 0 0
2026-08-07 1953 2143.096 0 0
2026-08-08 1958 2143.781 0 0
2026-08-09 1962 2143.667 0 0
2026-08-10 1960 2143.667 0 0
2026-08-11 1966 2143.667 0 0
2026-08-12 1959 2143.667 0 0
2026-08-13 1962 2143.61 0 0
2026-08-14 1958 2143.724 0 0
>>>>>>> 2b550085baac25c543016ca743053a87bf115d5d
2026-08-15 1948 2143.953 0 0
2026-08-16 1953 2143.781 0 0
2026-08-17 1950 2143.781 0 0
2026-08-18 1958 2143.781 0 0
2026-08-19 1956 2143.781 0 0
2026-08-20 1952 2143.781 0 0
2026-08-21 1951 2143.667 0 0
2026-08-22 1960 2143.667 0 0
2026-08-24 1961 2143.724 0 0
2026-08-25 1954 2143.724 0 0
2026-08-26 1954 2143.667 0 0
2026-08-27 1963 2143.724 0 0
2026-08-28 1955 2143.724 0 0
