2026-04-09 2683 1430.221 0 0
2026-04-10 2697 1428.85 -1.371 -0.096
2026-04-11 2691 1434.439 5.589 0.391
2026-04-12 2691 1434.439 0 0
2026-04-13 2697 1431.976 -2.463 -0.172
2026-04-14 2688 1443.853 11.877 0.829
2026-04-15 2681 1458.982 15.129 1.048
2026-04-16 2670 1474.936 15.954 1.094
2026-04-17 2602 1526.429 51.493 3.491
2026-04-18 2594 1536.172 9.743 0.638
2026-04-19 2594 1536.172 0 0
2026-04-20 2548 1581.027 44.855 2.92
2026-04-21 2584 1546.56 -34.467 -2.18
2026-04-22 2592 1544.721 -1.839 -0.119
2026-04-23 2604 1521.178 -23.543 -1.524
2026-04-24 2605 1519.861 -1.317 -0.087
2026-04-25 2604 1518.094 -1.767 -0.116
2026-04-26 2604 1518.094 0 0
2026-04-27 2627 1503.342 -14.752 -0.972
2026-04-28 2632 1496.159 -7.183 -0.478
2026-04-29 2635 1500.581 4.422 0.296
2026-04-30 2614 1510.971 10.39 0.692
2026-05-01 2612 1516.375 5.404 0.358
2026-05-02 2606 1521.12 4.745 0.313
2026-05-04 2626 1503.819 -17.301 -1.137
2026-05-05 2643 1500.581 -3.238 -0.215
2026-05-06 2634 1512.872 12.291 0.819
2026-05-07 2647 1514.407 1.535 0.101
2026-05-08 2639 1520.201 5.794 0.383
2026-05-09 2639 1519.501 -0.7 -0.046
2026-05-10 2639 1519.501 0 0
<<<<<<< HEAD
2026-05-11 2712 1484.767 -34.734 -2.286
2026-05-12 2708 1475.586 -9.181 -0.618
2026-05-13 2681 1489.885 14.299 0.969
2026-05-14 2699 1466.173 -23.712 -1.592
2026-05-15 2671 1479.019 12.846 0.876
2026-05-16 2674 1472.052 -6.967 -0.471
2026-05-17 2674 1472.052 0 0
2026-05-18 2669 1476.948 4.896 0.333
2026-05-19 2633 1501.107 24.159 1.636
2026-05-20 2657 1492.061 -9.046 -0.603
2026-05-21 2655 1496.413 4.352 0.292
2026-05-22 2651 1496.413 0 0
2026-05-23 2654 1494.834 -1.579 -0.106
2026-05-24 2654 1494.834 0 0
2026-05-26 2670 1487.499 -7.335 -0.491
2026-05-27 2655 1489.922 2.423 0.163
2026-05-28 2658 1488.645 -1.277 -0.086
2026-05-29 2631 1503.764 15.119 1.016
2026-05-31 2630 1505.924 2.16 0.144
2026-06-01 2655 1496.089 -9.835 -0.653
2026-06-02 2663 1484.709 -11.38 -0.761
2026-06-03 2664 1478.207 -6.502 -0.438
2026-06-04 2667 1470.116 -8.091 -0.547
2026-06-05 2662 1469.359 -0.757 -0.051
2026-06-06 2671 1461.445 -7.914 -0.539
2026-06-07 2671 1461.445 0 0
2026-06-08 2651 1466.337 4.892 0.335
2026-06-09 2659 1460.227 -6.11 -0.417
2026-06-10 2693 1425.171 -35.056 -2.401
2026-06-11 2680 1434.949 9.778 0.686
2026-06-12 2713 1420.247 -14.702 -1.025
2026-06-13 2708 1429.987 9.74 0.686
2026-06-15 2723 1426.308 -3.679 -0.257
2026-06-16 2793 1381.69 -44.618 -3.128
2026-06-17 2766 1396.793 15.103 1.093
2026-06-18 2812 1363.688 -33.105 -2.37
2026-06-19 2833 1339.104 -24.584 -1.803
2026-06-20 2833 1339.104 0 0
2026-06-21 2833 1339.104 0 0
2026-06-23 2816 1341.667 2.563 0.191
2026-06-24 2904 1285.914 -55.753 -4.156
2026-06-25 2897 1287.966 2.052 0.16
2026-06-26 2898 1287.676 -0.29 -0.023
2026-06-27 2896 1289.611 1.935 0.15
2026-06-28 2896 1289.611 0 0
2026-06-29 2884 1299.227 9.616 0.746
2026-06-30 2877 1304.67 5.443 0.419
2026-07-01 2924 1280.328 -24.342 -1.866
2026-07-02 2866 1313.794 33.466 2.614
2026-07-03 2845 1334.346 20.552 1.564
2026-07-04 2845 1334.346 0 0
2026-07-05 2845 1334.346 0 0
2026-07-06 2849 1334.346 0 0
2026-07-07 2848 1327.774 -6.572 -0.493
2026-07-08 2873 1306.14 -21.634 -1.629
2026-07-09 2894 1288.46 -17.68 -1.354
2026-07-10 2897 1288.254 -0.206 -0.016
2026-07-11 2903 1287.447 -0.807 -0.063
2026-07-12 2903 1287.447 0 0
2026-07-13 2906 1279.008 -8.439 -0.655
2026-07-14 2916 1273.662 -5.346 -0.418
2026-07-15 2891 1296.498 22.836 1.793
2026-07-16 2930 1266.024 -30.474 -2.35
2026-07-17 2900 1279.834 13.81 1.091
2026-07-18 2900 1279.979 0.145 0.011
2026-07-19 2899 1279.979 0 0
2026-07-20 2903 1269.1 -10.879 -0.85
2026-07-21 2918 1264.353 -4.747 -0.374
2026-07-22 2909 1269.042 4.689 0.371
2026-07-23 2939 1253.019 -16.023 -1.263
2026-07-24 2906 1261.777 8.758 0.699
2026-07-25 2903 1265.566 3.789 0.3
2026-07-26 2903 1265.566 0 0
2026-07-27 2930 1263.153 -2.413 -0.191
2026-07-28 2902 1283.905 20.752 1.643
2026-07-29 2904 1283.087 -0.818 -0.064
2026-07-30 2862 1306.803 23.716 1.848
2026-07-31 2873 1308.93 2.127 0.163
2026-08-01 2877 1309.161 0.231 0.018
2026-08-02 2877 1309.161 0 0
2026-08-03 2790 1374.868 65.707 5.019
2026-08-04 2723 1434.983 60.115 4.372
2026-08-05 2785 1393.669 -41.314 -2.879
2026-08-06 2817 1371.505 -22.164 -1.59
2026-08-07 2775 1403.026 31.521 2.298
2026-08-08 2776 1404.062 1.036 0.074
2026-08-09 2776 1404.062 0 0
2026-08-10 2813 1385.778 -18.284 -1.302
2026-08-11 2806 1393.091 7.313 0.528
2026-08-12 2794 1399.219 6.128 0.44
2026-08-13 2798 1395.23 -3.989 -0.285
=======
2026-05-11 2648 1519.501 0 0
2026-05-12 2710 1484.767 0 0
2026-05-13 2705 1475.586 0 0
2026-05-14 2663 1489.885 0 0
2026-05-15 2701 1466.173 0 0
2026-05-16 2671 1479.019 0 0
2026-05-17 2674 1472.052 0 0
2026-05-18 2677 1472.052 0 0
2026-05-19 2669 1476.948 0 0
2026-05-20 2629 1501.107 0 0
2026-05-21 2654 1492.061 0 0
2026-05-22 2632 1501.308 0 0
2026-05-23 2651 1496.413 0 0
2026-05-24 2654 1494.834 0 0
2026-05-25 2654 1494.834 0 0
2026-05-26 2655 1492.389 0 0
2026-05-27 2663 1487.499 0 0
2026-05-28 2650 1489.922 0 0
2026-05-29 2657 1488.645 0 0
2026-05-30 2631 1503.764 0 0
2026-05-31 2630 1505.924 0 0
2026-06-01 2640 1505.924 0 0
2026-06-02 2653 1496.089 0 0
2026-06-03 2665 1484.709 0 0
2026-06-04 2660 1478.207 0 0
2026-06-05 2665 1470.116 0 0
2026-06-06 2662 1469.359 0 0
2026-06-07 2671 1461.445 0 0
2026-06-09 2655 1466.337 0 0
2026-06-10 2658 1460.227 0 0
2026-06-11 2687 1425.171 0 0
2026-06-12 2686 1434.949 0 0
2026-06-13 2713 1420.247 0 0
2026-06-14 2708 1429.987 0 0
2026-06-16 2724 1426.308 0 0
2026-06-17 2788 1381.69 0 0
2026-06-18 2769 1396.793 0 0
2026-06-19 2812 1363.688 0 0
2026-06-20 2833 1339.104 0 0
2026-06-21 2833 1339.104 0 0
2026-06-22 2832 1339.104 0 0
2026-06-23 2834 1339.104 0 0
2026-06-24 2814 1341.667 0 0
2026-06-25 2903 1285.914 0 0
2026-06-26 2884 1287.966 0 0
2026-06-27 2898 1287.676 0 0
2026-06-28 2896 1289.611 0 0
2026-06-29 2899 1289.611 0 0
2026-06-30 2890 1299.227 0 0
2026-07-01 2935 1268.526 0 0
2026-07-02 2924 1280.328 0 0
2026-07-03 2872 1313.794 0 0
2026-07-04 2845 1334.346 0 0
2026-07-05 2845 1334.346 0 0
2026-07-06 2846 1334.346 0 0
2026-07-07 2842 1334.346 0 0
2026-07-08 2847 1327.774 0 0
2026-07-09 2865 1306.14 0 0
2026-07-10 2905 1288.46 0 0
2026-07-11 2897 1288.254 0 0
2026-07-12 2903 1287.447 0 0
2026-07-13 2900 1287.447 0 0
2026-07-14 2906 1279.008 0 0
2026-07-15 2923 1273.662 0 0
2026-07-16 2894 1296.498 0 0
2026-07-17 2917 1266.024 0 0
2026-07-18 2900 1279.834 0 0
2026-07-19 2900 1279.979 0 0
2026-07-20 2901 1279.979 0 0
2026-07-21 2900 1269.1 0 0
2026-07-22 2917 1264.353 0 0
2026-07-23 2913 1269.042 0 0
2026-07-24 2929 1253.019 0 0
2026-07-25 2906 1261.777 0 0
2026-07-26 2903 1265.566 0 0
2026-07-27 2915 1265.566 0 0
2026-07-28 2929 1263.153 0 0
2026-07-29 2906 1283.905 0 0
2026-07-30 2900 1283.087 0 0
2026-07-31 2877 1306.803 0 0
2026-08-01 2873 1308.93 0 0
2026-08-02 2877 1309.161 0 0
2026-08-03 2880 1309.161 0 0
2026-08-04 2795 1374.868 0 0
2026-08-05 2727 1434.983 0 0
2026-08-06 2787 1393.669 0 0
2026-08-07 2816 1371.505 0 0
2026-08-08 2775 1403.026 0 0
2026-08-09 2776 1404.062 0 0
2026-08-10 2783 1404.062 0 0
2026-08-11 2810 1385.778 0 0
2026-08-12 2805 1393.091 0 0
2026-08-13 2788 1399.219 0 0
2026-08-14 2798 1395.23 0 0
>>>>>>> 2b550085baac25c543016ca743053a87bf115d5d
2026-08-15 2796 1397.707 0 0
2026-08-16 2788 1402.587 0 0
2026-08-17 2787 1402.587 0 0
2026-08-18 2765 1411.155 0 0
2026-08-19 2783 1402.224 0 0
2026-08-20 2805 1392.218 0 0
2026-08-21 2786 1405.852 0 0
2026-08-22 2766 1417.147 0 0
