2026-04-16 2106 2000 0 0
2026-04-17 2114 2000 0 0
2026-04-18 2114 2000 0 0
2026-04-19 2114 2000 0 0
2026-04-20 2295 1812.035 -187.965 -9.398
2026-04-21 2487 1641.974 -170.061 -9.385
2026-04-22 2403 1721.054 79.08 4.816
2026-04-23 2409 1706.753 -14.301 -0.831
2026-04-24 2333 1764.488 57.735 3.383
2026-04-25 2334 1764.082 -0.406 -0.023
2026-04-26 2334 1764.082 0 0
2026-04-27 2442 1667.088 -96.994 -5.498
2026-04-28 2490 1608.717 -58.371 -3.501
2026-04-29 2326 1772.745 164.028 10.196
2026-04-30 2380 1727.114 -45.631 -2.574
2026-05-01 2381 1727.82 0.706 0.041
2026-05-02 2386 1727.467 -0.353 -0.02
2026-05-04 2430 1688.068 -39.399 -2.281
2026-05-05 2451 1676.416 -11.652 -0.69
2026-05-06 2446 1679.448 3.032 0.181
2026-05-07 2505 1619.879 -59.569 -3.547
2026-05-08 2515 1611.692 -8.187 -0.505
2026-05-09 2514 1612.124 0.432 0.027
2026-05-10 2514 1612.124 0 0
2026-05-11 2516 1606.058 -6.066 -0.376
2026-05-12 2411 1713.779 107.721 6.707
2026-05-13 2453 1671.335 -42.444 -2.477
2026-05-14 2534 1579.893 -91.442 -5.471
2026-05-15 2541 1573.486 -6.407 -0.406
2026-05-16 2532 1573.969 0.483 0.031
2026-05-17 2532 1573.969 0 0
2026-05-18 2484 1616.426 42.457 2.697
2026-05-19 2623 1510.07 -106.356 -6.58
2026-05-20 2511 1591.535 81.465 5.395
2026-05-21 2513 1591.535 0 0
2026-05-22 2533 1576.377 -15.158 -0.952
2026-05-23 2532 1575.935 -0.442 -0.028
2026-05-24 2532 1575.935 0 0
2026-05-26 2454 1665.339 89.404 5.673
2026-05-27 2468 1645.387 -19.952 -1.198
2026-05-28 2604 1530.768 -114.619 -6.966
2026-05-29 2672 1469.9 -60.868 -3.976
2026-05-31 2674 1469.468 -0.432 -0.029
2026-06-01 2706 1445.836 -23.632 -1.608
2026-06-02 2802 1375.526 -70.31 -4.863
2026-06-03 2724 1421.063 45.537 3.311
2026-06-04 2832 1333.143 -87.92 -6.187
2026-06-05 2930 1274.737 -58.406 -4.381
2026-06-06 2928 1274.754 0.017 0.001
2026-06-07 2928 1274.754 0 0
2026-06-08 3045 1188.679 -86.075 -6.752
2026-06-09 3100 1155.09 -33.589 -2.826
2026-06-10 3163 1115.006 -40.084 -3.47
2026-06-11 3130 1135.018 20.012 1.795
2026-06-12 3127 1150.197 15.179 1.337
2026-06-13 3133 1150.329 0.132 0.011
2026-06-15 3170 1126.693 -23.636 -2.055
2026-06-16 3213 1103.211 -23.482 -2.084
2026-06-17 3277 1063.96 -39.251 -3.558
2026-06-18 3295 1048.603 -15.357 -1.443
2026-06-19 3296 1048.282 -0.321 -0.031
2026-06-20 3296 1048.282 0 0
2026-06-21 3296 1048.282 0 0
2026-06-23 3196 1100.014 51.732 4.935
2026-06-24 3268 1051.488 -48.526 -4.411
2026-06-25 3230 1072.177 20.689 1.968
2026-06-26 3334 1006.692 -65.485 -6.108
2026-06-27 3338 1006.551 -0.141 -0.014
2026-06-28 3338 1006.551 0 0
2026-06-29 3188 1101.634 95.083 9.446
2026-06-30 3214 1089.355 -12.279 -1.115
2026-07-01 3220 1089.48 0.125 0.011
2026-07-02 3214 1091.666 2.186 0.201
2026-07-03 3152 1147.501 55.835 5.115
2026-07-04 3152 1147.501 0 0
2026-07-05 3152 1147.501 0 0
2026-07-06 3213 1096.635 -50.866 -4.433
2026-07-07 3298 1045.783 -50.852 -4.637
2026-07-08  994.955 -50.828 -4.86
2026-08-12 3330 1041.053 46.098 4.633
2026-08-13  964.704 -76.349 -7.334
2026-08-23 3347 1033.396 68.692 7.121
2026-08-24 3388 1004.32 -29.076 -2.814
2026-08-25 3323 1051.459 47.139 4.694
2026-08-26 3165 1151.13 99.671 9.479
2026-08-27 3236 1108.734 -42.396 -3.683
2026-08-28 3248 1103.183 -5.551 -0.501
2026-08-29 3247 1103.113 -0.07 -0.006
2026-08-30 3247 1103.113 0 0
2026-08-31 3357 1029.814 -73.299 -6.645
2026-09-01 3409 998.314 0 0
2026-09-02 3386 1002.025 0 0
2026-09-03 3366 1021.796 0 0
2026-09-04 3257 1101.62 0 0
2026-09-05 3276 1093.984 0 0
