2026-03-10 889 4753 0 0
2026-03-11 883 4753 0 0
2026-03-12 879 4753 0 0
2026-03-13 875 4753 0 0
2026-03-14 876 4753 0 0
2026-03-15 876 4753 0 0
2026-03-16 877 4753 0 0
2026-03-17 877 4753 0 0
2026-03-18 873 4753 0 0
2026-03-19 871 4753 0 0
2026-03-20 867 4753 0 0
2026-03-21 867 4753 0 0
2026-03-22 867 4753 0 0
2026-03-23 867 4753 0 0
2026-03-24 865 4753 0 0
2026-03-25 868 4753 0 0
2026-03-27 865 4753 0 0
2026-03-28 862 4753 0 0
2026-03-29 862 4753 0 0
2026-03-30 861 4753 0 0
2026-03-31 860 4753 0 0
2026-04-01 864 4753 0 0
2026-04-02 864 4753 0 0
2026-04-03 865 4753 0 0
2026-04-04 865 4753 0 0
2026-04-05 865 4753 0 0
2026-04-06 866 4753 0 0
2026-04-07 867 4753 0 0
2026-04-08 878 4753 0 0
2026-04-09 879 4753 0 0
2026-04-10 880 4753 0 0
2026-04-11 883 4753 0 0
2026-04-12 883 4753 0 0
2026-04-13 886 4753 0 0
2026-04-14 891 4753 0 0
2026-04-15 893 4753 0 0
2026-04-16 897 4753 0 0
2026-04-17 900 4753 0 0
2026-04-18 901 4753 0 0
2026-04-19 901 4753 0 0
2026-04-20 904 4753 0 0
2026-04-21 903 4753 0 0
2026-04-22 903 4753 0 0
2026-04-23 900 4753 0 0
2026-04-24 898 4753 0 0
2026-04-25 898 4753 0 0
2026-04-26 898 4753 0 0
2026-04-27 902 4753 0 0
2026-04-28 903 4753 0 0
2026-04-29 899 4753 0 0
2026-04-30 899 4753 0 0
2026-05-01 898 4753 0 0
2026-05-02 898 4753 0 0
2026-05-04 897 4753 0 0
<<<<<<< HEAD
2026-05-05 898 4753 0 0
2026-05-06 899 4753 0 0
2026-05-07 900 4753 0 0
2026-05-08 903 4753 0 0
2026-05-09 903 4753 0 0
2026-05-10 903 4753 0 0
2026-05-11 909 4753 0 0
2026-05-12 903 4753 0 0
2026-05-13 904 4753 0 0
2026-05-14 899 4753 0 0
2026-05-15 898 4753 0 0
2026-05-16 898 4753 0 0
2026-05-17 898 4753 0 0
2026-05-18 896 4753 0 0
2026-05-19 893 4753 0 0
2026-05-20 897 4753 0 0
2026-05-21 898 4753 0 0
2026-05-22 901 4753 0 0
2026-05-23 902 4753 0 0
2026-05-24 902 4753 0 0
2026-05-26 899 4753 0 0
2026-05-27 898 4753 0 0
2026-05-28 900 4753 0 0
2026-05-29 898 4753 0 0
2026-05-31 898 4753 0 0
2026-06-01 898 4753 0 0
2026-06-02 895 4753 0 0
2026-06-03 891 4753 0 0
2026-06-04 893 4753 0 0
2026-06-05 886 4753 0 0
2026-06-06 887 4753 0 0
2026-06-07 887 4753 0 0
2026-06-08 880 4753 0 0
2026-06-09 884 4753 0 0
2026-06-10 884 4753 0 0
2026-06-11 882 4753 0 0
2026-06-12 882 4753 0 0
2026-06-13 884 4753 0 0
2026-06-15 896 4753 0 0
2026-06-16 896 4753 0 0
2026-06-17 897 4753 0 0
2026-06-18 894 4753 0 0
2026-06-19 892 4753 0 0
2026-06-20 892 4753 0 0
2026-06-21 892 4753 0 0
2026-06-23 896 4753 0 0
2026-06-24 896 4753 0 0
2026-06-25 895 4753 0 0
2026-06-26 897 4753 0 0
2026-06-27 899 4753 0 0
2026-06-28 899 4753 0 0
2026-06-29 900 4753 0 0
2026-06-30 902 4753 0 0
2026-07-01 900 4753 0 0
2026-07-02 898 4753 0 0
2026-07-03 901 4753 0 0
2026-07-04 901 4753 0 0
2026-07-05 901 4753 0 0
2026-07-06 901 4753 0 0
2026-07-07 897 4753 0 0
2026-07-08 893 4753 0 0
2026-07-09 896 4753 0 0
2026-07-10 893 4753 0 0
2026-07-11 894 4753 0 0
2026-07-12 894 4753 0 0
2026-07-13 888 4753 0 0
2026-07-14 890 4753 0 0
2026-07-15 892 4753 0 0
2026-07-16 889 4753 0 0
2026-07-17 884 4753 0 0
2026-07-18 883 4753 0 0
2026-07-19 883 4753 0 0
2026-07-20 884 4753 0 0
2026-07-21 887 4753 0 0
2026-07-22 884 4753 0 0
2026-07-23 881 4753 0 0
2026-07-24 877 4753 0 0
2026-07-25 879 4753 0 0
2026-07-26 879 4753 0 0
2026-07-27 884 4753 0 0
2026-07-28 881 4753 0 0
2026-07-29 883 4753 0 0
2026-07-30 881 4753 0 0
2026-07-31 881 4753 0 0
2026-08-01 881 4753 0 0
2026-08-02 881 4753 0 0
2026-08-03 884 4753 0 0
2026-08-04 894 4753 0 0
2026-08-05 892 4753 0 0
2026-08-06 892 4753 0 0
2026-08-07 895 4753 0 0
2026-08-08 896 4753 0 0
2026-08-09 896 4753 0 0
2026-08-10 897 4753 0 0
2026-08-11 896 4753 0 0
2026-08-12 898 4753 0 0
2026-08-13 894 4753 0 0
=======
2026-05-05 897 4753.0 0 0
2026-05-06 900 4753.0 0 0
2026-05-07 899 4753.0 0 0
2026-05-08 899 4753.0 0 0
2026-05-09 903 4753.0 0 0
2026-05-10 903 4753.0 0 0
2026-05-11 908 4753.0 0 0
2026-05-12 905 4753.0 0 0
2026-05-13 903 4753.0 0 0
2026-05-14 899 4753.0 0 0
2026-05-15 903 4753.0 0 0
2026-05-16 898 4753.0 0 0
2026-05-17 898 4753.0 0 0
2026-05-18 894 4753.0 0 0
2026-05-19 894 4753.0 0 0
2026-05-20 893 4753.0 0 0
2026-05-21 897 4753.0 0 0
2026-05-22 898 4753.0 0 0
2026-05-23 901 4753.0 0 0
2026-05-24 902 4753.0 0 0
2026-05-25 901 4753.0 0 0
2026-05-26 898 4753.0 0 0
2026-05-27 899 4753.0 0 0
2026-05-28 896 4753.0 0 0
2026-05-29 899 4753.0 0 0
2026-05-30 898 4753.0 0 0
2026-05-31 898 4753.0 0 0
2026-06-01 898 4753.0 0 0
2026-06-02 896 4753.0 0 0
2026-06-03 896 4753.0 0 0
2026-06-04 892 4753.0 0 0
2026-06-05 890 4753.0 0 0
2026-06-06 886 4753.0 0 0
2026-06-07 887 4753.0 0 0
2026-06-09 883 4753.0 0 0
2026-06-10 882 4753.0 0 0
2026-06-11 884 4753.0 0 0
2026-06-12 884 4753.0 0 0
2026-06-13 882 4753.0 0 0
2026-06-14 884 4753.0 0 0
2026-06-16 896 4753.0 0 0
2026-06-17 895 4753.0 0 0
2026-06-18 897 4753.0 0 0
2026-06-19 894 4753.0 0 0
2026-06-20 892 4753.0 0 0
2026-06-21 892 4753.0 0 0
2026-06-22 894 4753.0 0 0
2026-06-23 894 4753.0 0 0
2026-06-24 895 4753.0 0 0
2026-06-25 897 4753.0 0 0
2026-06-26 889 4753.0 0 0
2026-06-27 897 4753.0 0 0
2026-06-28 899 4753.0 0 0
2026-06-29 897 4753.0 0 0
2026-06-30 897 4753.0 0 0
2026-07-01 903 4753.0 0 0
2026-07-02 902 4753.0 0 0
2026-07-03 899 4753.0 0 0
2026-07-04 901 4753.0 0 0
2026-07-05 901 4753.0 0 0
2026-07-06 902 4753.0 0 0
2026-07-07 899 4753.0 0 0
2026-07-08 893 4753.0 0 0
2026-07-09 890 4753.0 0 0
2026-07-10 893 4753.0 0 0
2026-07-11 893 4753.0 0 0
2026-07-12 894 4753.0 0 0
2026-07-13 890 4753.0 0 0
2026-07-14 888 4753.0 0 0
2026-07-15 893 4753.0 0 0
2026-07-16 891 4753.0 0 0
2026-07-17 886 4753.0 0 0
2026-07-18 884 4753.0 0 0
2026-07-19 883 4753.0 0 0
2026-07-20 883 4753.0 0 0
2026-07-21 884 4753.0 0 0
2026-07-22 889 4753.0 0 0
2026-07-23 884 4753.0 0 0
2026-07-24 880 4753.0 0 0
2026-07-25 877 4753.0 0 0
2026-07-26 879 4753.0 0 0
2026-07-27 880 4753.0 0 0
2026-07-28 880 4753.0 0 0
2026-07-29 881 4753.0 0 0
2026-07-30 884 4753.0 0 0
2026-07-31 882 4753.0 0 0
2026-08-01 881 4753.0 0 0
2026-08-02 881 4753.0 0 0
2026-08-03 883 4753.0 0 0
2026-08-04 884 4753.0 0 0
2026-08-05 896 4753.0 0 0
2026-08-06 894 4753.0 0 0
2026-08-07 894 4753.0 0 0
2026-08-08 895 4753.0 0 0
2026-08-09 896 4753.0 0 0
2026-08-10 896 4753.0 0 0
2026-08-11 896 4753.0 0 0
2026-08-12 897 4753.0 0 0
2026-08-13 897 4753.0 0 0
2026-08-14 896 4753.0 0 0
>>>>>>> 2b550085baac25c543016ca743053a87bf115d5d
2026-08-15 897 4753.0 0 0
2026-08-16 898 4753.0 0 0
2026-08-17 897 4753.0 0 0
2026-08-18 901 4753.0 0 0
2026-08-19 895 4753.0 0 0
2026-08-20 894 4753.0 0 0
2026-08-21 895 4753.0 0 0
2026-08-22 901 4753.0 0 0
2026-08-23 900 4753.0 0 0
2026-08-24 899 4753.0 0 0
