2026-03-10 2987 1240.436 0 0
2026-03-11 2988 1246.215 5.779 0.466
2026-03-12 2986 1237.567 -8.648 -0.694
2026-03-13 2980 1232.861 -4.706 -0.38
2026-03-14 2982 1224.537 -8.324 -0.675
2026-03-15 2982 1224.537 0 0
2026-03-16 2988 1224.537 0 0
2026-03-17 2985 1228.896 4.359 0.356
2026-03-18 2985 1228.896 0 0
2026-03-19 2968 1231.867 2.971 0.242
2026-03-20 2949 1232.009 0.142 0.012
2026-03-21 2941 1235.281 3.272 0.266
2026-03-22 2941 1235.281 0 0
2026-03-23 2930 1235.281 0 0
2026-03-24 2931 1239.717 4.436 0.359
2026-03-25 2945 1238.856 -0.861 -0.069
2026-03-27 2940 1238.856 0 0
2026-03-28 2941 1232.719 -6.137 -0.495
2026-03-29 2941 1232.719 0 0
2026-03-30 2933 1232.719 0 0
2026-03-31 2941 1226.783 -5.936 -0.482
2026-04-01 2951 1232.861 6.078 0.495
2026-04-02 2937 1243.752 10.891 0.883
2026-04-03 2937 1235.994 -7.758 -0.624
2026-04-04 2937 1235.994 0 0
2026-04-05 2937 1235.994 0 0
2026-04-06 2939 1235.994 0 0
2026-04-07 2941 1234.995 -0.999 -0.081
2026-04-08 2973 1234.995 0 0
2026-04-09 2945 1251.316 16.321 1.322
2026-04-10 2948 1250.292 -1.024 -0.082
2026-04-11 2944 1254.985 4.693 0.375
2026-04-12 2944 1254.985 0 0
2026-04-13 2943 1254.985 0 0
2026-04-14 2962 1253.074 -1.911 -0.152
2026-04-15 2960 1263.581 10.507 0.838
2026-04-16 2967 1262.388 -1.193 -0.094
2026-04-17 2976 1259.564 -2.824 -0.224
2026-04-18 2973 1264.028 4.464 0.354
2026-04-19 2973 1264.028 0 0
2026-04-20 2977 1264.028 0 0
2026-04-21 2984 1259.564 -4.464 -0.353
2026-04-22 2981 1257.492 -2.072 -0.165
2026-04-23 2969 1253.808 -3.684 -0.293
2026-04-24 2964 1253.074 -0.734 -0.059
2026-04-25 2965 1252.487 -0.587 -0.047
2026-04-26 2965 1252.487 0 0
2026-04-27 2971 1252.487 0 0
2026-04-28 2965 1255.721 3.234 0.258
2026-04-29 2970 1252.048 -3.673 -0.293
2026-04-30 2970 1251.901 -0.147 -0.012
2026-05-01 2970 1255.132 3.231 0.258
2026-05-02 2965 1259.12 3.988 0.318
2026-05-04 2968 1259.12 0 0
2026-05-05 2981 1252.781 -6.339 -0.503
2026-05-06 2982 1252.781 0 0
2026-05-07 2988 1257.936 5.155 0.411
2026-05-08 2989 1260.158 2.222 0.177
2026-05-09 2989 1259.861 -0.297 -0.024
2026-05-10 2989 1259.861 0 0
<<<<<<< HEAD
2026-05-11 2991 1259.861 0 0
2026-05-12 2978 1260.455 0.594 0.047
2026-05-13 2987 1255.721 -4.734 -0.376
2026-05-14 2990 1252.781 -2.94 -0.234
2026-05-15 2996 1249.708 -3.073 -0.245
2026-05-16 2999 1244.475 -5.233 -0.419
2026-05-17 2999 1244.475 0 0
2026-05-18 2989 1244.475 0 0
2026-05-19 2992 1245.634 1.159 0.093
2026-05-20 2997 1240.867 -4.767 -0.383
2026-05-21 2996 1243.319 2.452 0.198
2026-05-22 2997 1243.319 0 0
2026-05-23 3000 1241.011 -2.308 -0.186
2026-05-24 3000 1241.011 0 0
2026-05-26 2999 1241.011 0 0
2026-05-27 2997 1243.752 2.741 0.221
2026-05-28 2993 1244.041 0.289 0.023
2026-05-29 2986 1246.215 2.174 0.175
2026-05-31 2983 1248.687 2.472 0.198
2026-06-01 2985 1248.687 0 0
2026-06-02 2985 1243.03 -5.657 -0.453
2026-06-03 2978 1245.925 2.895 0.233
2026-06-04 2977 1242.452 -3.473 -0.279
2026-06-05 2962 1244.475 2.023 0.163
2026-06-06 2969 1236.851 -7.624 -0.613
2026-06-07 2969 1236.851 0 0
2026-06-08 2962 1236.851 0 0
2026-06-09 2966 1234.995 -1.856 -0.15
2026-06-10 2963 1237.137 2.142 0.173
2026-06-11 2958 1236.137 -1 -0.081
2026-06-12 2969 1232.435 -3.702 -0.299
2026-06-13 2970 1238.426 5.991 0.486
2026-06-15 2977 1238.426 0 0
2026-06-16 2980 1242.02 3.594 0.29
2026-06-17 2985 1242.02 0 0
2026-06-18 2989 1240.005 -2.015 -0.162
2026-06-19 2997 1229.037 -10.968 -0.885
2026-06-20 2997 1229.037 0 0
2026-06-21 2997 1229.037 0 0
2026-06-23 2994 1224.677 -4.36 -0.355
2026-06-24 3006 1217.985 -6.692 -0.546
2026-06-25 3005 1213.427 -4.558 -0.374
2026-06-26 2992 1217.292 3.865 0.319
2026-06-27 2992 1219.234 1.942 0.16
2026-06-28 2992 1219.234 0 0
2026-06-29 2996 1219.234 0 0
2026-06-30 2990 1222.159 2.925 0.24
2026-07-01 3002 1223.277 1.118 0.091
2026-07-02 3011 1219.095 -4.182 -0.342
2026-07-03 3012 1224.396 5.301 0.435
2026-07-04 3012 1224.396 0 0
2026-07-05 3012 1224.396 0 0
2026-07-06 3014 1224.396 0 0
2026-07-07 3005 1221.74 -2.656 -0.217
2026-07-08 2990 1223.416 1.676 0.137
2026-07-09 2997 1220.486 -2.93 -0.239
2026-07-10 2999 1223.277 2.791 0.229
2026-07-11 3007 1222.298 -0.979 -0.08
2026-07-12 3007 1222.298 0 0
2026-07-13 2990 1222.298 0 0
2026-07-14 2990 1220.347 -1.951 -0.16
2026-07-15 2994 1224.537 4.19 0.343
2026-07-16 2990 1223.696 -0.841 -0.069
2026-07-17 2970 1224.396 0.7 0.057
2026-07-18 2979 1224.116 -0.28 -0.023
2026-07-19 2978 1224.116 0 0
2026-07-20 2979 1224.116 0 0
2026-07-21 2999 1220.486 -3.63 -0.297
2026-07-22 2992 1220.347 -0.139 -0.011
2026-07-23 2990 1220.904 0.557 0.046
2026-07-24 2990 1216.739 -4.165 -0.341
2026-07-25 2991 1217.569 0.83 0.068
2026-07-26 2991 1217.569 0 0
2026-07-27 3006 1217.569 0 0
2026-07-28 2999 1216.739 -0.83 -0.068
2026-07-29 3000 1218.263 1.524 0.125
2026-07-30 2992 1217.847 -0.416 -0.034
2026-07-31 2986 1230.875 13.028 1.07
2026-08-01 2991 1231.159 0.284 0.023
2026-08-02 2991 1231.159 0 0
2026-08-03 2995 1231.159 0 0
2026-08-04 3003 1232.009 0.85 0.069
2026-08-05 3005 1233.003 0.994 0.081
2026-08-06 3002 1236.137 3.134 0.254
2026-08-07 3016 1234.283 -1.854 -0.15
2026-08-08 3014 1236.28 1.997 0.162
2026-08-09 3014 1236.28 0 0
2026-08-10 3025 1236.28 0 0
2026-08-11 3020 1236.28 0 0
2026-08-12 3017 1234.995 -1.285 -0.104
2026-08-13 3019 1234.995 0 0
=======
2026-05-11 2993 1259.861 0 0
2026-05-12 2988 1259.861 0 0
2026-05-13 2977 1260.455 0 0
2026-05-14 2983 1255.721 0 0
2026-05-15 2994 1252.781 0 0
2026-05-16 2996 1249.708 0 0
2026-05-17 2999 1244.475 0 0
2026-05-18 2989 1244.475 0 0
2026-05-19 2991 1244.475 0 0
2026-05-20 2990 1245.634 0 0
2026-05-21 3001 1240.867 0 0
2026-05-22 2997 1243.319 0 0
2026-05-23 2997 1243.319 0 0
2026-05-24 3000 1241.011 0 0
2026-05-25 2997 1241.011 0 0
2026-05-26 2994 1241.011 0 0
2026-05-27 2996 1241.011 0 0
2026-05-28 2991 1243.752 0 0
2026-05-29 2993 1244.041 0 0
2026-05-30 2986 1246.215 0 0
2026-05-31 2983 1248.687 0 0
2026-06-01 2989 1248.687 0 0
2026-06-02 2979 1248.687 0 0
2026-06-03 2990 1243.03 0 0
2026-06-04 2978 1245.925 0 0
2026-06-05 2969 1242.452 0 0
2026-06-06 2962 1244.475 0 0
2026-06-07 2969 1236.851 0 0
2026-06-09 2961 1236.851 0 0
2026-06-10 2962 1234.995 0 0
2026-06-11 2958 1237.137 0 0
2026-06-12 2970 1236.137 0 0
2026-06-13 2969 1232.435 0 0
2026-06-14 2970 1238.426 0 0
2026-06-16 2983 1238.426 0 0
2026-06-17 2980 1242.02 0 0
2026-06-18 2982 1242.02 0 0
2026-06-19 2984 1240.005 0 0
2026-06-20 2997 1229.037 0 0
2026-06-21 2997 1229.037 0 0
2026-06-22 2997 1229.037 0 0
2026-06-23 2996 1229.037 0 0
2026-06-24 2991 1224.677 0 0
2026-06-25 3003 1217.985 0 0
2026-06-26 2990 1213.427 0 0
2026-06-27 2992 1217.292 0 0
2026-06-28 2992 1219.234 0 0
2026-06-29 2996 1219.234 0 0
2026-06-30 2998 1219.234 0 0
2026-07-01 2999 1222.159 0 0
2026-07-02 3007 1223.277 0 0
2026-07-03 3020 1219.095 0 0
2026-07-04 3012 1224.396 0 0
2026-07-05 3012 1224.396 0 0
2026-07-06 3015 1224.396 0 0
2026-07-07 3003 1224.396 0 0
2026-07-08 2998 1221.74 0 0
2026-07-09 2990 1223.416 0 0
2026-07-10 3009 1220.486 0 0
2026-07-11 2999 1223.277 0 0
2026-07-12 3007 1222.298 0 0
2026-07-13 2996 1222.298 0 0
2026-07-14 2988 1222.298 0 0
2026-07-15 2994 1220.347 0 0
2026-07-16 2997 1224.537 0 0
2026-07-17 2981 1223.696 0 0
2026-07-18 2970 1224.396 0 0
2026-07-19 2979 1224.116 0 0
2026-07-20 2978 1224.116 0 0
2026-07-21 2981 1224.116 0 0
2026-07-22 2997 1220.486 0 0
2026-07-23 2995 1220.347 0 0
2026-07-24 2984 1220.904 0 0
2026-07-25 2990 1216.739 0 0
2026-07-26 2991 1217.569 0 0
2026-07-27 2996 1217.569 0 0
2026-07-28 2995 1217.569 0 0
2026-07-29 3002 1216.739 0 0
2026-07-30 2999 1218.263 0 0
2026-07-31 2998 1217.847 0 0
2026-08-01 2986 1230.875 0 0
2026-08-02 2991 1231.159 0 0
2026-08-03 2990 1231.159 0 0
2026-08-04 3000 1231.159 0 0
2026-08-05 3005 1232.009 0 0
2026-08-06 3010 1233.003 0 0
2026-08-07 3002 1236.137 0 0
2026-08-08 3016 1234.283 0 0
2026-08-09 3014 1236.28 0 0
2026-08-10 3015 1236.28 0 0
2026-08-11 3022 1236.28 0 0
2026-08-12 3021 1236.28 0 0
2026-08-13 3021 1234.995 0 0
2026-08-14 3019 1234.995 0 0
>>>>>>> 2b550085baac25c543016ca743053a87bf115d5d
2026-08-15 3018 1235.281 0 0
2026-08-16 3015 1239.143 0 0
2026-08-17 3015 1239.143 0 0
2026-08-18 3023 1239.143 0 0
2026-08-19 3020 1239.861 0 0
2026-08-20 3007 1239.287 0 0
2026-08-21 3000 1247.959 0 0
2026-08-22 3003 1250.146 0 0
2026-08-24 3007 1248.979 0 0
2026-08-25 3000 1248.979 0 0
2026-08-26 3006 1248.25 0 0
