2026-01-26 1927 2100 0 0
2026-01-27 1929 2100 0 0
2026-01-28 1934 2100 0 0
2026-01-29 1930 2100 0 0
2026-01-30 1923 2100 0 0
2026-01-31 1922 2100 0 0
2026-02-01 1922 2100 0 0
2026-02-02 1922 2100 0 0
2026-02-03 1927 2100 0 0
2026-02-04 1928 2100 0 0
2026-02-05 1919 2100 0 0
2026-02-06 1925 2100 0 0
2026-02-07 1923 2100 0 0
2026-02-08 1923 2100 0 0
2026-02-09 1933 2100 0 0
2026-02-10 1941 2100 0 0
2026-02-11 1939 2100 0 0
2026-02-12 1938 2100 0 0
2026-02-13 1944 2100 0 0
2026-02-14 1942 2100 0 0
2026-02-15 1941 2100 0 0
2026-02-16 1941 2100 0 0
2026-02-17 1943 2100 0 0
2026-02-18 1943 2100 0 0
2026-02-19 1948 2100 0 0
2026-02-20 1949 2100 0 0
2026-02-21 1959 2100 0 0
2026-02-22 1957 2100 0 0
2026-02-23 1947 2100 0 0
2026-02-24 1954 2100 0 0
2026-02-25 1959 2100 0 0
2026-02-26 1962 2100 0 0
2026-02-27 1960 2100 0 0
2026-02-28 1965 2100 0 0
2026-03-01 1966 2100 0 0
2026-03-02 1968 2100 0 0
2026-03-03 1953 2100 0 0
2026-03-04 1946 2100 0 0
2026-03-05 1951 2100 0 0
2026-03-06 1944 2100 0 0
2026-03-07 1945 2100 0 0
2026-03-08 1945 2100 0 0
2026-03-09 1939 2100 0 0
2026-03-10 1989 2100 0 0
2026-03-11 1991 2100 0 0
2026-03-12 1981 2100 0 0
2026-03-13 1965 2100 0 0
2026-03-14 1959 2100 0 0
2026-03-15 1959 2100 0 0
2026-03-16 1964 2100 0 0
2026-03-17 1963 2100 0 0
2026-03-18 1962 2100 0 0
2026-03-19 969 4273.128 2173.128 103.482
2026-03-20 862 4818.292 545.164 12.758
2026-03-21 859 4818.774 0.482 0.01
2026-03-22 859 4818.774 0 0
2026-03-23 820 4999.373 180.599 3.748
2026-03-24 838 4918.076 -81.297 -1.626
2026-03-25 678 5944.614 1026.538 20.873
2026-03-26 645 6173.829 229.215 3.856
2026-03-27 671 5923.292 -250.537 -4.058
2026-03-28 672 5869.704 -53.588 -0.905
2026-03-29 673 5869.704 0 0
2026-03-30 629 6255.315 385.611 6.57
2026-03-31 936 4360 -1895.315 -30.299
2026-04-01 1072 3872.438 -487.562 -11.183
2026-04-02 1275 3233.613 -638.825 -16.497
2026-04-03 1223 3398.973 165.36 5.114
2026-04-04 1223 3398.973 0 0
2026-04-05 1223 3398.973 0 0
2026-04-06 1277 3241.66 -157.313 -4.628
2026-04-07 1492 2747.382 -494.278 -15.248
2026-04-08 1602 2567.467 -179.915 -6.549
2026-04-09 1531 2731.389 163.922 6.385
2026-04-10 1541 2715.488 -15.901 -0.582
2026-04-11 1541 2715.488 0 0
2026-04-12 1541 2715.488 0 0
2026-04-13 1474 2828.366 112.878 4.157
2026-04-14 1506 2783.631 -44.735 -1.582
2026-04-15 1414 2987.267 203.636 7.315
2026-04-16 1547 2731.515 -255.752 -8.561
2026-04-17 1604 2625.725 -105.79 -3.873
2026-04-18 1623 2611.113 -14.612 -0.556
2026-04-19 1623 2611.113 0 0
2026-04-20 1640 2568.104 -43.009 -1.647
2026-04-21 1642 2566.441 -1.663 -0.065
2026-04-22 1935 2186.987 -379.454 -14.785
2026-04-23 2027 2052.662 -134.325 -6.142
2026-04-24 1894 2215.751 163.089 7.945
2026-04-25 1898 2210.675 -5.076 -0.229
2026-04-26 1898 2210.675 0 0
2026-04-27 1754 2390.561 179.886 8.137
2026-04-28 1779 2339.511 -51.05 -2.135
2026-04-29 1746 2397.102 57.591 2.462
2026-04-30 1860 2240.987 -156.115 -6.513
2026-05-01 1869 2233.734 -7.253 -0.324
2026-05-02 1873 2233.734 0 0
2026-05-04 1908 2201.493 -32.241 -1.443
2026-05-05 1912 2210.33 8.837 0.401
2026-05-06 1919 2210.33 0 0
2026-05-07 1938 2189.535 -20.795 -0.941
2026-05-08 1919 2215.709 26.174 1.195
2026-05-09 1935 2190.622 -25.087 -1.132
2026-05-10 1935 2190.622 0 0
<<<<<<< HEAD
2026-05-11 1919 2220.431 29.809 1.361
2026-05-12 1882 2246.344 25.913 1.167
2026-05-13 1967 2136.644 -109.7 -4.883
2026-05-14 1948 2166.358 29.714 1.391
2026-05-15 2013 2075.12 -91.238 -4.212
2026-05-16 2020 2060.471 -14.649 -0.706
2026-05-17 2020 2060.471 0 0
2026-05-18 2104 1983.507 -76.964 -3.735
2026-05-19 2148 1943.827 -39.68 -2
2026-05-20 2268 1835.393 -108.434 -5.578
2026-05-21 2267 1836.367 0.974 0.053
2026-05-22 2134 1968.597 132.23 7.201
2026-05-23 2144 1955.812 -12.785 -0.649
2026-05-24 2144 1955.812 0 0
2026-05-26 2197 1905.891 -49.921 -2.552
2026-05-27 2246 1862.888 -43.003 -2.256
2026-05-28 2305 1795.856 -67.032 -3.598
2026-05-29 2305 1798.889 3.033 0.169
2026-05-31 2311 1793.875 -5.014 -0.279
2026-06-01 2379 1727.767 -66.108 -3.685
2026-06-02 2505 1601.117 -126.65 -7.33
2026-06-03 2515 1588.445 -12.672 -0.791
2026-06-04 2467 1627.868 39.423 2.482
2026-06-05 2598 1521.83 -106.038 -6.514
2026-06-06 2604 1511.409 -10.421 -0.685
2026-06-07 2604 1511.409 0 0
2026-06-08 2960 1237.26 -274.149 -18.139
2026-06-09 2938 1260.395 23.135 1.87
2026-06-10 2778 1363.209 102.814 8.157
2026-06-11 2763 1375.734 12.525 0.919
2026-06-12 2784 1363.556 -12.178 -0.885
2026-06-13 2780 1372.393 8.837 0.648
2026-06-15 2771 1395.993 23.6 1.72
2026-06-16 2771 1398.247 2.254 0.161
2026-06-17 2685 1458.64 60.393 4.319
2026-06-18 2785 1386.418 -72.222 -4.951
2026-06-19 2850 1323.992 -62.426 -4.503
2026-06-20 2850 1323.992 0 0
2026-06-21 2850 1323.992 0 0
2026-06-23 3106 1159.794 -164.198 -12.402
2026-06-24 2985 1235.074 75.28 6.491
2026-06-25 3059 1179.251 -55.823 -4.52
2026-06-26 3198 1088.356 -90.895 -7.708
2026-06-27 3194 1094.243 5.887 0.541
2026-06-28 3194 1094.243 0 0
2026-06-29 2973 1239.662 145.419 13.289
2026-06-30 3104 1166.948 -72.714 -5.866
2026-07-01 3130 1150.736 -16.212 -1.389
2026-07-02 3293 1046.236 -104.5 -9.081
2026-07-03 3210 1097.332 51.096 4.884
2026-07-04 3210 1097.332 0 0
2026-07-05 3210 1097.332 0 0
2026-07-06 3296 1048.663 -48.669 -4.435
2026-07-07 3294 1046.78 -1.883 -0.18
2026-07-08  986.632 -60.148 -5.746
2026-07-09 3318 1025.456 38.824 3.935
2026-07-10 3285 1057.303 31.847 3.106
2026-07-11 3287 1060.119 2.816 0.266
2026-07-12 3287 1060.119 0 0
2026-07-13  982.12 -77.999 -7.358
2026-07-16  988.503 6.383 0.65
2026-07-21  905.676 -82.827 -8.379
2026-08-12 3322 1048.898 143.222 15.814
2026-08-13 3290 1069.269 20.371 1.942
=======
2026-05-11 1981 2147.264 0 0
2026-05-12 1903 2239.4 0 0
2026-05-13 1986 2119.201 0 0
2026-05-14 2019 2077.768 0 0
2026-05-15 2018 2086.161 0 0
2026-05-16 2013 2075.12 0 0
2026-05-17 2020 2060.471 0 0
2026-05-18 2165 1930.428 0 0
2026-05-19 2155 1941.044 0 0
2026-05-20 2306 1789.679 0 0
2026-05-21 2208 1893.543 0 0
2026-05-22 2139 1955.374 0 0
2026-05-23 2134 1968.597 0 0
2026-05-24 2144 1955.812 0 0
2026-05-25 2142 1955.812 0 0
2026-05-26 2166 1937.42 0 0
2026-05-27 2233 1871.734 0 0
2026-05-28 2307 1791.38 0 0
2026-05-29 2290 1803.821 0 0
2026-05-30 2305 1798.889 0 0
2026-05-31 2310 1793.875 0 0
2026-06-01 2391 1725.123 0 0
2026-06-02 2489 1616.705 0 0
2026-06-03 2510 1601.117 0 0
2026-06-04 2440 1656.778 0 0
2026-06-05 2569 1551.65 0 0
2026-06-06 2598 1521.83 0 0
2026-06-07 2604 1511.409 0 0
2026-06-09 2884 1294.159 0 0
2026-06-10 2814 1330.505 0 0
2026-06-11 2846 1302.608 0 0
2026-06-12 2730 1401.869 0 0
2026-06-13 2784 1363.556 0 0
2026-06-14 2780 1372.393 0 0
2026-06-16 2783 1382.882 0 0
2026-06-17 2604 1527.424 0 0
2026-06-18 2781 1387.472 0 0
2026-06-19 2875 1310.036 0 0
2026-06-20 2850 1323.992 0 0
2026-06-21 2850 1323.992 0 0
2026-06-22 2999 1227.443 0 0
2026-06-23 3095 1170.035 0 0
2026-06-24 3026 1206.456 0 0
2026-06-25 3012 1211.79 0 0
2026-06-26 3230 1065.56 0 0
2026-06-27 3198 1088.356 0 0
2026-06-28 3194 1094.243 0 0
2026-06-29 2987 1224.081 0 0
2026-06-30 3095 1169.549 0 0
2026-07-01 3126 1154.05 0 0
2026-07-02 3270 1058.139 0 0
2026-07-03 3290 1048.798 0 0
2026-07-04 3210 1097.332 0 0
2026-07-05 3210 1097.332 0 0
2026-07-06 3298 1051.224 0 0
2026-07-07 3333 1015.363 0 0
2026-07-08 3374 995.792 0 0
2026-07-09 3346 1000.191 0 0
2026-07-10 3226 1087.06 0 0
2026-07-11 3285 1057.303 0 0
2026-07-12 3287 1060.119 0 0
2026-07-13 3347 1010.772 0 0
2026-07-14 3384 944.446 0 0
2026-07-17 3375 988.503 0 0
2026-07-22 3365 900.824 0 0
2026-08-13 3258 1092.791 0 0
2026-08-14 3305 1060.827 0 0
>>>>>>> 2b550085baac25c543016ca743053a87bf115d5d
2026-08-15 3293 1062.067 0 0
2026-08-16 3293 1063.836 0 0
