2025-04-02 125 16582.806 0 0
2025-04-03 121 16610.921 28.115 0.17
2025-04-04 128 15897.656 -713.265 -4.294
2025-04-05 128 15896.106 -1.55 -0.01
2025-04-06 128 15896.106 0 0
2025-04-07 127 15655.304 -240.802 -1.515
2025-04-08 129 15567.388 -87.916 -0.562
2025-04-09 124 16188.213 620.825 3.988
2025-04-10 130 15986.809 -201.404 -1.244
2025-04-11 122 16377.088 390.279 2.441
2025-04-12 125 16379.845 2.757 0.017
2025-04-13 126 16379.845 0 0
2025-04-14 124 16645.509 265.664 1.622
2025-04-15 117 17030.426 384.917 2.312
2025-04-16 122 16925.762 -104.664 -0.615
2025-04-17 119 17048.905 123.143 0.728
2025-04-18 119 17049.005 0.1 0.001
2025-04-19 119 17049.005 0 0
2025-04-20 119 17049.005 0 0
2025-04-21 119 16919.661 -129.344 -0.759
2025-04-22 120 17072.224 152.563 0.902
2025-04-23 121 17054.103 -18.121 -0.106
2025-04-24 122 17055.044 0.941 0.006
2025-04-25 121 17027.705 -27.339 -0.16
2025-04-26 121 17027.859 0.154 0.001
2025-04-27 121 17027.859 0 0
2025-04-28 120 17082.014 54.155 0.318
2025-04-29 119 17218.682 136.668 0.8
2025-04-30 118 17339.805 121.123 0.703
2025-05-01 119 17322.178 -17.627 -0.102
2025-05-02 121 17233.196 -88.982 -0.514
2025-05-03 121 17233.852 0.656 0.004
2025-05-04 121 17233.852 0 0
2025-05-05 121 17322.481 88.629 0.514
2025-05-06 120 17342.089 19.608 0.113
2025-05-07 118 17525.424 183.335 1.057
2025-05-08 119 17416.571 -108.853 -0.621
2025-05-09 120 17441.948 25.377 0.146
2025-05-10 120 17441.693 -0.255 -0.001
2025-05-11 120 17441.693 0 0
2025-05-12 125 17251.324 -190.369 -1.091
2025-05-13 126 17214.601 -36.723 -0.213
2025-05-14 126 17274.582 59.981 0.348
2025-05-15 123 17603.198 328.616 1.902
2025-05-16 123 17716.699 113.501 0.645
2025-05-17 123 17716.823 0.124 0.001
2025-05-18 123 17716.823 0 0
2025-05-19 119 17915.09 198.267 1.119
2025-05-20 119 18066.271 151.181 0.844
2025-05-21 119 18000.961 -65.31 -0.362
2025-05-22 122 17929.732 -71.229 -0.396
2025-05-23 117 17997.77 68.038 0.379
2025-05-24 117 17997.77 0 0
2025-05-25 117 17998.843 1.073 0.006
2025-05-26 119 17998.735 -0.108 -0.001
2025-05-27 120 17977.331 -21.404 -0.119
2025-05-28 118 18098.111 120.78 0.672
2025-05-29 119 18090.036 -8.075 -0.045
2025-05-30 118 18252.809 162.773 0.9
2025-05-31 118 18253.359 0.55 0.003
2025-06-01 118 18253.359 0 0
2025-06-02 118 18165.559 -87.8 -0.481
2025-06-03 122 17976.054 -189.505 -1.043
2025-06-04 119 18045.898 69.844 0.389
2025-06-05 120 18012.938 -32.96 -0.183
2025-06-06 122 17991.37 -21.568 -0.12
2025-06-07 122 17991.053 -0.317 -0.002
2025-06-08 122 17991.053 0 0
2025-06-09 125 17822.707 -168.346 -0.936
2025-06-10 124 17779.247 -43.46 -0.244
2025-06-11 123 17976.756 197.509 1.111
2025-06-12 120 18143.865 167.109 0.93
2025-06-13 122 18007.197 -136.668 -0.753
2025-06-14 122 18007.358 0.161 0.001
2025-06-15 122 18007.358 0 0
2025-06-16 124 18081.11 73.752 0.41
2025-06-17 123 18067.412 -13.698 -0.076
2025-06-18 124 18061.534 -5.878 -0.033
2025-06-19 119 18060.359 -1.175 -0.007
2025-06-20 125 17908.15 -152.209 -0.843
2025-06-21 125 17908.15 0 0
2025-06-22 125 17907.78 -0.37 -0.002
2025-06-23 121 18055.05 147.27 0.822
2025-06-24 121 18148.776 93.726 0.519
2025-06-25 123 18043.817 -104.959 -0.578
2025-06-26 123 18149.573 105.756 0.586
2025-06-27 124 18202.832 53.259 0.293
2025-06-28 124 18202.635 -0.197 -0.001
2025-06-29 124 18202.635 0 0
2025-06-30 121 18433.607 230.972 1.269
2025-07-01 120 18472.67 39.063 0.212
2025-07-02 125 18257.705 -214.965 -1.164
2025-07-03 121 18430.713 173.008 0.948
2025-07-04 120 18431.249 0.536 0.003
2025-07-05 120 18431.249 0 0
2025-07-06 120 18431.249 0 0
2025-07-07 120 18436.404 5.155 0.028
2025-07-08 122 18378.178 -58.226 -0.316
2025-07-09 121 18354.632 -23.546 -0.128
2025-07-10 118 18467.938 113.306 0.617
2025-07-11 120 18293.989 -173.949 -0.942
2025-07-12 120 18293.932 -0.057 0
2025-07-13 120 18293.932 0 0
2025-07-14 112 19378.389 1084.457 5.928
2025-07-15 113 19103.37 -275.019 -1.419
2025-07-16 112 19163.927 60.557 0.317
2025-07-17 112 19022.168 -141.759 -0.74
2025-07-18 112 19022.941 0.773 0.004
2025-07-19 112 19023.288 0.347 0.002
2025-07-20 112 19023.288 0 0
2025-07-21 121 18601.076 -422.212 -2.219
2025-07-22 121 18543.144 -57.932 -0.311
2025-07-23 122 18607.379 64.235 0.346
2025-07-24 121 18754.6 147.221 0.791
2025-07-25 122 18603.756 -150.844 -0.804
2025-07-26 122 18602.946 -0.81 -0.004
2025-07-27 122 18602.946 0 0
2025-07-28 126 18410.103 -192.843 -1.037
2025-07-29 124 18368.036 -42.067 -0.228
2025-07-30 122 18336.373 -31.663 -0.172
2025-07-31 119 18418.106 81.733 0.446
2025-08-01 117 18430.407 12.301 0.067
2025-08-02 117 18430.741 0.334 0.002
2025-08-03 117 18430.741 0 0
2025-08-04 116 18628.287 197.546 1.072
2025-08-05 119 18339.833 -288.454 -1.548
2025-08-06 142 16908.369 -1431.464 -7.805
2025-08-07 140 17023.853 115.484 0.683
2025-08-08 143 16909.124 -114.729 -0.674
2025-08-09 143 16909.18 0.056 0
2025-08-10 143 16909.18 0 0
2025-08-11 152 16535.055 -374.125 -2.213
2025-08-12 155 16213.323 -321.732 -1.946
2025-08-13 159 16172.32 -41.003 -0.253
2025-08-14 157 16034.425 -137.895 -0.853
2025-08-15 153 16287.485 253.06 1.578
2025-08-16 153 16287.352 -0.133 -0.001
2025-08-17 153 16287.352 0 0
2025-08-18 154 16404.074 116.722 0.717
2025-08-19 151 16549.654 145.58 0.887
2025-08-20 150 16607.961 58.307 0.352
2025-08-21 149 16631.027 23.066 0.139
2025-08-22 145 16807.641 176.614 1.062
2025-08-23 148 16808.222 0.581 0.003
2025-08-24 148 16808.222 0 0
2025-08-25 149 16673.184 -135.038 -0.803
2025-08-26 151 16558.942 -114.242 -0.685
2025-08-27 150 16543.036 -15.906 -0.096
2025-08-28 143 16786.428 243.392 1.471
2025-08-29 147 16740.293 -46.135 -0.275
2025-08-30 148 16740.644 0.351 0.002
2025-08-31 148 16740.644 0 0
2025-09-01 148 16740.644 0 0
2025-09-02 146 16743.033 2.389 0.014
2025-09-03 146 16731.731 -11.302 -0.068
2025-09-04 141 16823.315 91.584 0.547
2025-09-05 149 16525.418 -297.897 -1.771
2025-09-06 150 16525.53 0.112 0.001
2025-09-07 150 16525.53 0 0
2025-09-08 151 16447.2 -78.33 -0.474
2025-09-09 149 16597.848 150.648 0.916
2025-09-10 154 16225.788 -372.06 -2.242
2025-09-11 150 16443.426 217.638 1.341
2025-09-12 152 16405.827 -37.599 -0.229
2025-09-13 152 16405.753 -0.074 0
2025-09-14 152 16405.753 0 0
2025-09-15 155 16277.469 -128.284 -0.782
2025-09-16 155 16168.624 -108.845 -0.669
2025-09-17 155 16133.26 -35.364 -0.219
2025-09-18 167 15512.691 -620.569 -3.847
2025-09-19 166 15649.389 136.698 0.881
2025-09-20 166 15649.649 0.26 0.002
2025-09-21 166 15649.649 0 0
2025-09-22 164 15691.39 41.741 0.267
2025-09-23 166 15525.501 -165.889 -1.057
2025-09-24 169 15303.217 -222.284 -1.432
2025-09-25 169 15319.934 16.717 0.109
2025-09-26 168 15252.666 -67.268 -0.439
2025-09-27 168 15252.466 -0.2 -0.001
2025-09-28 168 15252.466 0 0
2025-09-29 171 15192.053 -60.413 -0.396
2025-09-30 173 15131.06 -60.993 -0.401
2025-10-01 174 14932.312 -198.748 -1.314
2025-10-02 177 14856.114 -76.198 -0.51
2025-10-03 176 14961.234 105.12 0.708
2025-10-04 175 14961.425 0.191 0.001
2025-10-05 175 14961.425 0 0
2025-10-06 178 14892.71 -68.715 -0.459
2025-10-07 180 14857.505 -35.205 -0.236
2025-10-08 182 14869.063 11.558 0.078
2025-10-09 184 14754.043 -115.02 -0.774
2025-10-10 178 14849.234 95.191 0.645
2025-10-11 177 14849.27 0.036 0
2025-10-12 177 14849.27 0 0
2025-10-13 176 14930.74 81.47 0.549
2025-10-14 172 15083.416 152.676 1.023
2025-10-15 167 15416.773 333.357 2.21
2025-10-16 169 15205.613 -211.16 -1.37
2025-10-17 167 15361.924 156.311 1.028
2025-10-18 167 15361.797 -0.127 -0.001
2025-10-19 167 15361.797 0 0
2025-10-20 167 15528.645 166.848 1.086
2025-10-21 167 15541.876 13.231 0.085
2025-10-22 165 15693.446 151.57 0.975
2025-10-23 166 15716.557 23.111 0.147
2025-10-24 166 15655.262 -61.295 -0.39
2025-10-25 166 15654.936 -0.326 -0.002
2025-10-26 166 15654.936 0 0
2025-10-27 166 15638.697 -16.239 -0.104
2025-10-28 166 15602.886 -35.811 -0.229
2025-10-29 178 14951.624 -651.262 -4.174
2025-10-30 174 15070.605 118.981 0.796
2025-10-31 174 14966.485 -104.12 -0.691
2025-11-01 174 14966.224 -0.261 -0.002
2025-11-02 174 14966.224 0 0
2025-11-03 172 15157.854 191.63 1.28
2025-11-04 181 14499.46 -658.394 -4.344
2025-11-05 181 14330.038 -169.422 -1.168
2025-11-06 185 13949.881 -380.157 -2.653
2025-11-07 188 13848.763 -101.118 -0.725
2025-11-08 188 13849.252 0.489 0.004
2025-11-09 188 13849.252 0 0
2025-11-10 197 13706.182 -143.07 -1.033
2025-11-11 194 13826.825 120.643 0.88
2025-11-12 195 13900.499 73.674 0.533
2025-11-13 188 14063.974 163.475 1.176
2025-11-14 185 14106.075 42.101 0.299
2025-11-15 186 14105.913 -0.162 -0.001
2025-11-16 186 14105.913 0 0
2025-11-17 191 13818.549 -287.364 -2.037
2025-11-18 192 13712.427 -106.122 -0.768
2025-11-19 194 13614.377 -98.05 -0.715
2025-11-20 197 13426.244 -188.133 -1.382
2025-11-21 192 13664.128 237.884 1.772
2025-11-22 192 13663.575 -0.553 -0.004
2025-11-23 192 13663.575 0 0
2025-11-24 197 13483.284 -180.291 -1.32
2025-11-25 196 13571.283 87.999 0.653
2025-11-26 198 13587.321 16.038 0.118
2025-11-27 198 13587.89 0.569 0.004
2025-11-28 196 13695.445 107.555 0.792
2025-11-29 196 13696.496 1.051 0.008
2025-11-30 196 13696.496 0 0
2025-12-01 203 13536.432 -160.064 -1.169
2025-12-02 203 13544.148 7.716 0.057
2025-12-03 203 13614.184 70.036 0.517
2025-12-04 204 13569.472 -44.712 -0.328
2025-12-05 208 13551.363 -18.109 -0.133
2025-12-06 209 13552.079 0.716 0.005
2025-12-07 209 13552.079 0 0
2025-12-08 214 13282.983 -269.096 -1.986
2025-12-09 215 13207.872 -75.111 -0.565
2025-12-10 216 13294.358 86.486 0.655
2025-12-11 213 13442.959 148.601 1.118
2025-12-12 218 13356.91 -86.049 -0.64
2025-12-13 218 13356.705 -0.205 -0.002
2025-12-14 218 13356.705 0 0
2025-12-15 214 13435.911 79.206 0.593
2025-12-16 210 13475.4 39.489 0.294
2025-12-17 211 13455.922 -19.478 -0.145
2025-12-18 210 13411.277 -44.645 -0.332
2025-12-19 214 13422.985 11.708 0.087
2025-12-20 214 13422.808 -0.177 -0.001
2025-12-21 214 13422.808 0 0
2025-12-22 210 13521.348 98.54 0.734
2025-12-23 211 13525.241 3.893 0.029
2025-12-24 211 13522.195 -3.046 -0.023
2025-12-25 211 13522.598 0.403 0.003
2025-12-26 213 13537.738 15.14 0.112
2025-12-27 213 13537.823 0.085 0.001
2025-12-28 213 13537.823 0 0
2025-12-29 212 13539.032 1.209 0.009
2025-12-30 212 13510.316 -28.716 -0.212
2025-12-31 214 13443.531 -66.785 -0.494
2026-01-01 214 13443.295 -0.236 -0.002
2026-01-02 225 13044.397 -398.898 -2.967
2026-01-03 228 13044.247 -0.15 -0.001
2026-01-05 220 13259.909 215.662 1.653
2026-01-06 220 13338.588 78.679 0.593
2026-01-07 227 13154.554 -184.034 -1.38
2026-01-08 224 13261.48 106.926 0.813
2026-01-09 224 13250.321 -11.159 -0.084
2026-01-10 222 13250.054 -0.267 -0.002
2026-01-11 222 13250.054 0 0
2026-01-12 226 13227.024 -23.03 -0.174
2026-01-13 232 13055.447 -171.577 -1.297
2026-01-14 228 13109.324 53.877 0.413
2026-01-15 233 12934.185 -175.139 -1.336
2026-01-16 233 12874.864 -59.321 -0.459
2026-01-17 233 12874.67 -0.194 -0.002
2026-01-18 233 12874.67 0 0
2026-01-19 233 12874.777 0.107 0.001
2026-01-20 235 12659.224 -215.553 -1.674
2026-01-21 236 12593.771 -65.453 -0.517
2026-01-22 232 12719.679 125.908 1
2026-01-23 228 12831.784 112.105 0.881
2026-01-24 230 12832.409 0.625 0.005
2026-01-25 230 12832.409 0 0
2026-01-26 229 12823.724 -8.685 -0.068
2026-01-27 234 12508.633 -315.091 -2.457
2026-01-28 237 12392.197 -116.436 -0.931
2026-01-29 243 12066.874 -325.323 -2.625
2026-01-30 246 11914.041 -152.833 -1.267
2026-01-31 245 11914.188 0.147 0.001
2026-02-01 245 11914.188 0 0
2026-02-02 247 11798.918 -115.27 -0.968
2026-02-03 294 10566.268 -1232.65 -10.447
2026-02-04 290 10683.033 116.765 1.105
2026-02-05 304 10303.556 -379.477 -3.552
2026-02-06 307 10285.482 -18.074 -0.175
2026-02-07 308 10285.952 0.47 0.005
2026-02-08 309 10285.952 0 0
2026-02-09 305 10375.748 89.796 0.873
2026-02-10 304 10488.356 112.608 1.085
2026-02-11 309 10368.967 -119.389 -1.138
2026-02-12 320 10129.787 -239.18 -2.307
2026-02-13 318 10201.877 72.09 0.712
2026-02-14 317 10201.538 -0.339 -0.003
2026-02-15 317 10201.538 0 0
2026-02-16 319 10201.538 0 0
2026-02-17 330 9935.66 -265.878 -2.606
2026-02-18 323 10114.717 179.057 1.802
2026-02-19 324 10076.501 -38.216 -0.378
2026-02-20 332 9935.263 -141.238 -1.402
2026-02-21 335 9935.301 0.038 0
2026-02-22 335 9935.301 0 0
2026-02-23 345 9766.956 -168.345 -1.694
2026-02-24 302 10432.308 665.352 6.812
2026-02-25 280 11101.275 668.967 6.412
2026-02-26 281 11139.166 37.891 0.341
2026-02-27 290 10888.125 -251.041 -2.254
2026-02-28 291 10888.561 0.436 0.004
2026-03-01 290 10888.561 0 0
2026-03-02 256 11742.646 854.085 7.844
2026-03-03 243 12172.03 429.384 3.657
2026-03-04 241 12125.924 -46.106 -0.379
2026-03-05 234 12458.542 332.618 2.743
2026-03-06 230 12603.645 145.103 1.165
2026-03-07 230 12604.254 0.609 0.005
2026-03-08 230 12604.254 0 0
2026-03-09 230 12608.32 4.066 0.032
2026-03-10 251 12046.458 -561.862 -4.456
2026-03-11 246 12003.502 -42.956 -0.357
2026-03-12 257 11727.234 -276.268 -2.302
2026-03-13 260 11515.44 -211.794 -1.806
2026-03-14 260 11514.208 -1.232 -0.011
2026-03-15 260 11514.208 0 0
2026-03-16 261 11499.365 -14.843 -0.129
2026-03-17 266 11456.166 -43.199 -0.376
2026-03-18 269 11339.324 -116.842 -1.02
2026-03-19 265 11293.076 -46.248 -0.408
2026-03-20 262 11305.853 12.777 0.113
2026-03-21 260 11305.749 -0.104 -0.001
2026-03-22 260 11305.749 0 0
2026-03-23 269 11133.588 -172.161 -1.523
2026-03-24 279 10871.147 -262.441 -2.357
2026-03-25 286 10870.392 -0.755 -0.007
2026-03-27 276 11016.408 146.016 1.343
2026-03-28 275 11015.212 -1.196 -0.011
2026-03-29 276 11015.212 0 0
2026-03-30 270 11134.79 119.578 1.086
2026-03-31 272 11054.448 -80.342 -0.722
2026-04-01 282 10915.278 -139.17 -1.259
2026-04-02 276 11069.06 153.782 1.409
2026-04-03 278 11068.688 -0.372 -0.003
2026-04-04 278 11068.688 0 0
2026-04-05 277 11068.688 0 0
2026-04-06 276 11099.407 30.719 0.278
2026-04-07 281 10942.762 -156.645 -1.411
2026-04-08 297 10774.475 -168.287 -1.538
2026-04-09 303 10685.645 -88.83 -0.824
2026-04-10 308 10570.027 -115.618 -1.082
2026-04-11 308 10569.937 -0.09 -0.001
2026-04-12 308 10569.937 0 0
2026-04-13 300 10869.536 299.599 2.834
2026-04-14 299 10909.728 40.192 0.37
2026-04-15 286 11230.628 320.9 2.941
2026-04-16 287 11277.05 46.422 0.413
2026-04-17 291 11272.949 -4.101 -0.036
2026-04-18 290 11273.453 0.504 0.004
2026-04-19 290 11273.453 0 0
2026-04-20 285 11410 136.547 1.211
2026-04-21 276 11540.318 130.318 1.142
2026-04-22 292 11262.356 -277.962 -2.409
2026-04-23 294 11069.663 -192.693 -1.711
2026-04-24 294 11038.306 -31.357 -0.283
2026-04-25 293 11038.224 -0.082 -0.001
2026-04-26 293 11038.224 0 0
2026-04-27 295 10986.662 -51.562 -0.467
2026-04-28 293 11048.596 61.934 0.564
2026-04-29 284 11292.354 243.758 2.206
2026-04-30 280 11465.662 173.308 1.535
2026-05-01 282 11374.437 -91.225 -0.796
2026-05-02 280 11374.822 0.385 0.003
2026-05-04 284 11367.943 -6.879 -0.06
2026-05-05 284 11347.201 -20.742 -0.182
2026-05-06 300 11084.351 -262.85 -2.316
2026-05-07 292 11199.461 115.11 1.038
2026-05-08 292 11168.434 -31.027 -0.277
2026-05-09 292 11167.855 -0.579 -0.005
2026-05-10 292 11167.855 0 0
2026-05-11 305 10904.168 -263.687 -2.361
2026-05-12 306 10766.05 -138.118 -1.267
2026-05-13 322 10394.263 -371.787 -3.453
2026-05-14 330 10182.094 -212.169 -2.041
2026-05-15 318 10443.091 260.997 2.563
2026-05-16 316 10442.795 -0.296 -0.003
2026-05-17 316 10442.795 0 0
2026-05-18 298 10958.348 515.553 4.937
2026-05-19 307 10770.834 -187.514 -1.711
2026-05-20 308 10629.625 -141.209 -1.311
2026-05-21 309 10629.941 0.316 0.003
2026-05-22 309 10666.026 36.085 0.339
2026-05-23 310 10665.219 -0.807 -0.008
2026-05-24 310 10665.219 0 0
2026-05-26 319 10513.719 -151.5 -1.421
2026-05-27 320 10404.247 -109.472 -1.041
2026-05-28 314 10568.05 163.803 1.574
2026-05-29 311 10711.981 143.931 1.362
2026-05-31 311 10712.411 0.43 0.004
2026-06-01 280 11240.645 528.234 4.931
2026-06-02 315 10698.392 -542.253 -4.824
2026-06-03 323 10492.828 -205.564 -1.921
2026-06-04 312 10655.661 162.833 1.552
2026-06-05 312 10677.257 21.596 0.203
2026-06-06 310 10677.026 -0.231 -0.002
2026-06-07 310 10677.026 0 0
2026-06-08 316 10473.986 -203.04 -1.902
2026-06-09 320 10413.155 -60.831 -0.581
2026-06-10 319 10387.763 -25.392 -0.244
2026-06-11 330 10266.554 -121.209 -1.167
2026-06-12 325 10347.965 81.411 0.793
2026-06-13 326 10348.461 0.496 0.005
2026-06-15 330 10281.258 -67.203 -0.649
2026-06-16 333 10329.131 47.873 0.466
2026-06-17 334 10193.905 -135.226 -1.309
2026-06-18 340 10146.064 -47.841 -0.469
2026-06-19 339 10144.937 -1.127 -0.011
2026-06-20 339 10144.937 0 0
2026-06-21 339 10144.937 0 0
2026-06-23 332 10295.686 150.749 1.486
2026-06-24 332 10314.667 18.981 0.184
2026-06-25 334 10316.294 1.627 0.016
2026-06-26 324 10519.118 202.824 1.966
2026-06-27 324 10519.147 0.029 0
2026-06-28 324 10519.147 0 0
2026-06-29 327 10432.619 -86.528 -0.823
2026-06-30 333 10361.436 -71.183 -0.682
2026-07-01 324 10591.418 229.982 2.22
2026-07-02 306 10896.037 304.619 2.876
2026-07-03 308 10896.173 0.136 0.001
2026-07-04 308 10896.173 0 0
2026-07-05 308 10896.173 0 0
2026-07-06 310 10799.967 -96.206 -0.883
2026-07-07 303 11005.785 205.818 1.906
2026-07-08 305 10873.47 -132.315 -1.202
2026-07-09 307 10867.815 -5.655 -0.052
2026-07-10 303 10927.478 59.663 0.549
2026-07-11 303 10927.686 0.208 0.002
2026-07-12 303 10927.686 0 0
2026-07-13 285 11256.83 329.144 3.012
2026-07-14 292 11075.574 -181.256 -1.61
2026-07-15 285 11344.176 268.602 2.425
2026-07-16 272 11579.618 235.442 2.075
2026-07-17 279 11393.577 -186.041 -1.607
2026-07-18 278 11393.771 0.194 0.002
2026-07-19 278 11393.771 0 0
2026-07-20 281 11339.125 -54.646 -0.48
2026-07-21 298 11003.272 -335.853 -2.962
2026-07-22 307 10763.65 -239.622 -2.178
2026-07-23 317 10647.189 -116.461 -1.082
2026-07-24 297 10963.581 316.392 2.972
2026-07-25 296 10963.628 0.047 0
2026-07-26 296 10963.628 0 0
2026-07-27 277 11503.276 539.648 4.922
2026-07-28 261 11895.726 392.45 3.412
2026-07-29 259 12112.626 216.9 1.823
2026-07-30 273 11579.364 -533.262 -4.403
2026-07-31 281 11530.426 -48.938 -0.423
2026-08-01 280 11530.319 -0.107 -0.001
2026-08-02 280 11530.319 0 0
2026-08-03 275 11777.104 246.785 2.14
2026-08-04 264 12312.159 535.055 4.543
2026-08-05 285 11564.438 -747.721 -6.073
2026-08-06 284 11674.843 110.405 0.955
2026-08-07 282 11793.796 118.953 1.019
2026-08-08 282 11794.58 0.784 0.007
2026-08-09 282 11794.58 0 0
2026-08-10 279 11973.756 179.176 1.519
2026-08-11 276 12008.702 34.946 0.292
2026-08-12 284 11850.504 -158.198 -1.317
2026-08-13 272 12096.1 245.596 2.072
2026-08-15 278 11922.168 -173.932 -1.438
2026-08-16 278 11922.168 0 0
2026-08-17 288 11599.371 -322.797 -2.708
2026-08-18 284 11729.361 129.99 1.121
2026-08-19 272 12017.25 287.889 2.454
2026-08-20 265 12083.964 66.714 0.555
2026-08-21 269 12059.387 -24.577 -0.203
2026-08-23 273 12059.458 0.071 0.001
2026-08-24 258 12278.862 219.404 1.819
2026-08-25 272 11977.2 -301.662 -2.457
2026-08-26 282 11840.322 -136.878 -1.143
2026-08-27 278 12004.919 164.597 1.39
2026-08-28 265 12107.792 102.873 0.857
2026-08-29 266 12107.592 -0.2 -0.002
2026-08-30 266 12107.592 0 0
2026-08-31 265 12185.344 77.752 0.642
2026-09-01 264 12185.344 0 0
2026-09-02 261 12116.595 0 0
2026-09-03 264 12082.024 0 0
2026-09-04 257 12500.642 0 0
