2026-03-10 3041 1214.301 0 0
2026-03-11 3078 1198.554 -15.747 -1.297
2026-03-12 3002 1228.68 30.126 2.514
2026-03-13 3104 1171.541 -57.139 -4.65
2026-03-14 3103 1168.137 -3.404 -0.291
2026-03-15 3103 1168.137 0 0
2026-03-16 3106 1165.833 -2.304 -0.197
2026-03-17 3090 1179.475 13.642 1.17
2026-03-18 3034 1207.839 28.364 2.405
2026-03-19 3084 1166.366 -41.473 -3.434
2026-03-20 3068 1168.754 2.388 0.205
2026-03-21 3085 1155.239 -13.515 -1.156
2026-03-22 3085 1155.239 0 0
2026-03-23 3186 1095.098 -60.141 -5.206
2026-03-24 3086 1152.263 57.165 5.22
2026-03-25 3078 1164.785 12.522 1.087
2026-03-27 3144 1123.153 -41.632 -3.574
2026-03-28 3152 1112.091 -11.062 -0.985
2026-03-29 3152 1112.091 0 0
2026-03-30 3226 1063.87 -48.221 -4.336
2026-03-31 3230 1063.337 -0.533 -0.05
2026-04-01 3109 1142.889 79.552 7.481
2026-04-02 3099 1154.981 12.092 1.058
2026-04-03 3047 1176.58 21.599 1.87
2026-04-04 3047 1176.58 0 0
2026-04-05 3047 1176.58 0 0
2026-04-06 3026 1190.835 14.255 1.212
2026-04-07 3006 1199.558 8.723 0.733
2026-04-08 2921 1267.522 67.964 5.666
2026-04-09 2912 1279.847 12.325 0.972
2026-04-10 2894 1293.101 13.254 1.036
2026-04-11 2898 1292.195 -0.906 -0.07
2026-04-12 2898 1292.195 0 0
2026-04-13 2833 1330.274 38.079 2.947
2026-04-14 2860 1320.908 -9.366 -0.704
2026-04-15 2787 1379.511 58.603 4.437
2026-04-16 2804 1375.583 -3.928 -0.285
2026-04-17 2801 1384.252 8.669 0.63
2026-04-18 2793 1388.423 4.171 0.301
2026-04-19 2793 1388.423 0 0
2026-04-20 2821 1367.616 -20.807 -1.499
2026-04-21 2807 1380.029 12.413 0.908
2026-04-22 2731 1431.758 51.729 3.748
2026-04-23 2731 1416.953 -14.805 -1.034
2026-04-24 2771 1389.988 -26.965 -1.903
2026-04-25 2774 1387.923 -2.065 -0.149
2026-04-26 2774 1387.923 0 0
2026-04-27 2748 1408.177 20.254 1.459
2026-04-28 2773 1395.21 -12.967 -0.921
2026-04-29 2748 1407.07 11.86 0.85
2026-04-30 2790 1381.124 -25.946 -1.844
2026-05-01 2795 1380.253 -0.871 -0.063
2026-05-02 2798 1380.253 0 0
2026-05-04 2806 1376.368 -3.885 -0.281
2026-05-05 2719 1445.278 68.91 5.007
2026-05-06 2696 1474.486 29.208 2.021
2026-05-07 2709 1471.545 -2.941 -0.199
2026-05-08 2717 1473.661 2.116 0.144
2026-05-09 2722 1470.054 -3.607 -0.245
2026-05-10 2722 1470.054 0 0
<<<<<<< HEAD
2026-05-11 2751 1439.185 -30.869 -2.1
2026-05-12 2857 1345.94 -93.245 -6.479
2026-05-13 2860 1343.663 -2.277 -0.169
2026-05-14 2851 1344.291 0.628 0.047
2026-05-15 2875 1322.112 -22.179 -1.65
2026-05-16 2873 1319.408 -2.704 -0.205
2026-05-17 2873 1319.408 0 0
2026-05-18 2947 1276.294 -43.114 -3.268
2026-05-19 2952 1278.9 2.606 0.204
2026-05-20 2899 1305.234 26.334 2.059
2026-05-21 2910 1301.19 -4.044 -0.31
2026-05-22 2896 1311.597 10.407 0.8
2026-05-23 2869 1326.79 15.193 1.158
2026-05-24 2869 1326.79 0 0
2026-05-26 2815 1369.328 42.538 3.206
2026-05-27 2756 1401.215 31.887 2.329
2026-05-28 2763 1401.125 -0.09 -0.006
2026-05-29 2747 1409.772 8.647 0.617
2026-05-31 2730 1420.048 10.276 0.729
2026-06-01 2800 1378.223 -41.825 -2.945
2026-06-02 2787 1385.829 7.606 0.552
2026-06-03 2814 1353.628 -32.201 -2.324
2026-06-04 2804 1363.904 10.276 0.759
2026-06-05 2799 1360.936 -2.968 -0.218
2026-06-06 2787 1373.193 12.257 0.901
2026-06-07 2787 1373.193 0 0
2026-06-08 2822 1322.537 -50.656 -3.689
2026-06-09 2812 1338.125 15.588 1.179
2026-06-10 2873 1299.615 -38.51 -2.878
2026-06-11 2892 1282.872 -16.743 -1.288
2026-06-12 2824 1326.424 43.552 3.395
2026-06-13 2816 1335.455 9.031 0.681
2026-06-15 2811 1366.464 31.009 2.322
2026-06-16 2789 1384.477 18.013 1.318
2026-06-17 2787 1381.101 -3.376 -0.244
2026-06-18 2768 1396.237 15.136 1.096
2026-06-19 2729 1418.98 22.743 1.629
2026-06-20 2729 1418.98 0 0
2026-06-21 2729 1418.98 0 0
2026-06-23 2721 1420.397 1.417 0.1
2026-06-24 2708 1424.657 4.26 0.3
2026-06-25 2702 1433.87 9.213 0.647
2026-06-26 2691 1437.847 3.977 0.277
2026-06-27 2691 1437.847 0 0
2026-06-28 2691 1437.847 0 0
2026-06-29 2780 1378.655 -59.192 -4.117
2026-06-30 2739 1408.227 29.572 2.145
2026-07-01 2718 1424.043 15.816 1.123
2026-07-02 2730 1419.371 -4.672 -0.328
2026-07-03 2756 1404.243 -15.128 -1.066
2026-07-04 2756 1404.243 0 0
2026-07-05 2756 1404.243 0 0
2026-07-06 2778 1388.612 -15.631 -1.113
2026-07-07 2825 1345.171 -43.441 -3.128
2026-07-08 2869 1307.092 -38.079 -2.831
2026-07-09 2870 1305.282 -1.81 -0.138
2026-07-10 2857 1316.797 11.515 0.882
2026-07-11 2858 1317.642 0.845 0.064
2026-07-12 2858 1317.642 0 0
2026-07-13 2847 1319.103 1.461 0.111
2026-07-14 2915 1275.032 -44.071 -3.341
2026-07-15 2910 1286.906 11.874 0.931
2026-07-16 2932 1262.938 -23.968 -1.862
2026-07-17 2915 1262.508 -0.43 -0.034
2026-07-18 2914 1263.443 0.935 0.074
2026-07-19 2913 1263.443 0 0
2026-07-20 2937 1245.319 -18.124 -1.434
2026-07-21 2960 1240.259 -5.06 -0.406
2026-07-22 2998 1217.245 -23.014 -1.856
2026-07-23 3041 1197.295 -19.95 -1.639
2026-07-24 3047 1186.538 -10.757 -0.898
2026-07-25 3047 1186.599 0.061 0.005
2026-07-26 3047 1186.599 0 0
2026-07-27 3014 1212.56 25.961 2.188
2026-07-28 3049 1188.917 -23.643 -1.95
2026-07-29 3008 1212.31 23.393 1.968
2026-07-30 3029 1200.294 -12.016 -0.991
2026-07-31 2984 1233.328 33.034 2.752
2026-08-01 2983 1236.737 3.409 0.276
2026-08-02 2983 1236.737 0 0
2026-08-03 2937 1270.738 34.001 2.749
2026-08-04 2976 1254.216 -16.522 -1.3
2026-08-05 2962 1264.765 10.549 0.841
2026-08-06 2961 1270.257 5.492 0.434
2026-08-07 2993 1251.765 -18.492 -1.456
2026-08-08 2993 1251.962 0.197 0.016
2026-08-09 2993 1251.962 0 0
2026-08-10 3091 1196.118 -55.844 -4.461
2026-08-11 3088 1198.527 2.409 0.201
2026-08-12 3104 1187.524 -11.003 -0.918
2026-08-13 3095 1192.933 5.409 0.455
=======
2026-05-11 2725 1470.054 0 0
2026-05-12 2750 1439.185 0 0
2026-05-13 2858 1345.94 0 0
2026-05-14 2849 1343.663 0 0
2026-05-15 2853 1344.291 0 0
2026-05-16 2875 1322.112 0 0
2026-05-17 2873 1319.408 0 0
2026-05-18 2922 1292.857 0 0
2026-05-19 2948 1276.294 0 0
2026-05-20 2949 1278.9 0 0
2026-05-21 2899 1312.024 0 0
2026-05-22 2858 1331.396 0 0
2026-05-23 2896 1311.597 0 0
2026-05-24 2869 1326.79 0 0
2026-05-25 2961 1276.548 0 0
2026-05-26 2918 1301.112 0 0
2026-05-27 2792 1382.68 0 0
2026-05-28 2759 1401.215 0 0
2026-05-29 2686 1459.085 0 0
2026-05-30 2747 1409.772 0 0
2026-05-31 2730 1420.048 0 0
2026-06-01 2746 1416.167 0 0
2026-06-02 2817 1364.166 0 0
2026-06-03 2809 1368.064 0 0
2026-06-04 2800 1362.485 0 0
2026-06-05 2791 1373.234 0 0
2026-06-06 2799 1360.936 0 0
2026-06-07 2787 1373.193 0 0
2026-06-09 2827 1322.537 0 0
2026-06-10 2802 1338.125 0 0
2026-06-11 2908 1268.685 0 0
2026-06-12 2857 1310.217 0 0
2026-06-13 2824 1326.424 0 0
2026-06-14 2816 1335.455 0 0
2026-06-16 2807 1369.651 0 0
2026-06-17 2795 1378.509 0 0
2026-06-18 2774 1394.184 0 0
2026-06-19 2722 1426.657 0 0
2026-06-20 2729 1418.98 0 0
2026-06-21 2729 1418.98 0 0
2026-06-22 2729 1417.764 0 0
2026-06-23 2719 1421.759 0 0
2026-06-24 2725 1420.397 0 0
2026-06-25 2709 1424.657 0 0
2026-06-26 2689 1433.87 0 0
2026-06-27 2691 1437.847 0 0
2026-06-28 2691 1437.847 0 0
2026-06-29 2706 1427.345 0 0
2026-06-30 2777 1381.259 0 0
2026-07-01 2718 1424.866 0 0
2026-07-02 2717 1424.043 0 0
2026-07-03 2733 1419.371 0 0
2026-07-04 2756 1404.243 0 0
2026-07-05 2756 1404.243 0 0
2026-07-06 2754 1404.243 0 0
2026-07-07 2779 1388.612 0 0
2026-07-08 2821 1345.171 0 0
2026-07-09 2862 1307.092 0 0
2026-07-10 2877 1305.282 0 0
2026-07-11 2857 1316.797 0 0
2026-07-12 2858 1317.642 0 0
2026-07-13 2856 1317.642 0 0
2026-07-14 2848 1319.103 0 0
2026-07-15 2921 1275.032 0 0
2026-07-16 2911 1286.906 0 0
2026-07-17 2919 1262.938 0 0
2026-07-18 2915 1262.508 0 0
2026-07-19 2914 1263.443 0 0
2026-07-20 2915 1263.443 0 0
2026-07-21 2944 1245.319 0 0
2026-07-22 2962 1240.259 0 0
2026-07-23 3003 1217.245 0 0
2026-07-24 3037 1197.295 0 0
2026-07-25 3047 1186.538 0 0
2026-07-26 3047 1186.599 0 0
2026-07-27 3051 1186.599 0 0
2026-07-28 3004 1212.56 0 0
2026-07-29 3054 1188.917 0 0
2026-07-30 3006 1212.31 0 0
2026-07-31 3037 1200.294 0 0
2026-08-01 2984 1233.328 0 0
2026-08-02 2983 1236.737 0 0
2026-08-03 2986 1236.737 0 0
2026-08-04 2939 1270.738 0 0
2026-08-05 2981 1254.216 0 0
2026-08-06 2964 1264.765 0 0
2026-08-07 2956 1270.257 0 0
2026-08-08 2993 1251.765 0 0
2026-08-09 2993 1251.962 0 0
2026-08-10 2993 1251.962 0 0
2026-08-11 3088 1196.118 0 0
2026-08-12 3091 1198.527 0 0
2026-08-13 3106 1187.524 0 0
2026-08-14 3097 1192.933 0 0
>>>>>>> 2b550085baac25c543016ca743053a87bf115d5d
2026-08-15 3130 1166.361 0 0
2026-08-16 3132 1166.545 0 0
2026-08-17 3132 1166.545 0 0
2026-08-18 3156 1159.763 0 0
