<<<<<<< HEAD
2026-07-14 1195 3586.861 0 0
2026-07-15 1218 3529.743 -57.118 -1.592
2026-07-16 1229 3471.371 -58.372 -1.654
2026-07-17 1316 3197.169 -274.202 -7.899
2026-07-18 1320 3192.829 -4.34 -0.136
2026-07-19 1320 3192.829 0 0
2026-07-20 1280 3317.924 125.095 3.918
2026-07-21 1204 3516.148 198.224 5.974
2026-07-22 1281 3317.529 -198.619 -5.649
2026-07-23 1296 3260.787 -56.742 -1.71
2026-07-24 1323 3164.22 -96.567 -2.961
2026-07-25 1324 3162.539 -1.681 -0.053
2026-07-26 1324 3162.539 0 0
2026-07-27 1306 3231.666 69.127 2.186
2026-07-28 1451 2846.389 -385.277 -11.922
2026-07-29 1420 2912.53 66.141 2.324
2026-07-30 1537 2681.655 -230.875 -7.927
2026-07-31 1488 2800.596 118.941 4.435
2026-08-01 1488 2804.332 3.736 0.133
2026-08-02 1488 2804.332 0 0
2026-08-03 1496 2795.391 -8.941 -0.319
2026-08-04 1385 3042.128 246.737 8.827
2026-08-05 1436 2933.004 -109.124 -3.587
2026-08-06 1440 2923.271 -9.733 -0.332
2026-08-07 1449 2918.491 -4.78 -0.164
2026-08-08 1450 2919.183 0.692 0.024
2026-08-09 1450 2919.183 0 0
2026-08-10 1514 2820.295 -98.888 -3.388
2026-08-11 1458 2893.014 72.719 2.578
2026-08-12 1436 2954.251 61.237 2.117
2026-08-13 1434 2962.393 8.142 0.276
=======
2026-07-15 1192 3601.335 0 0
2026-07-16 1223 3495.613 0 0
2026-07-17 1295 3273.774 0 0
2026-07-18 1316 3197.169 0 0
2026-07-19 1320 3192.829 0 0
2026-07-20 1282 3327.242 0 0
2026-07-21 1274 3338.958 0 0
2026-07-22 1243 3415.94 0 0
2026-07-23 1299 3258.395 0 0
2026-07-24 1302 3222.485 0 0
2026-07-25 1323 3164.22 0 0
2026-07-26 1324 3162.539 0 0
2026-07-27 1321 3178.367 0 0
2026-07-28 1400 2975.045 0 0
2026-07-29 1436 2883.389 0 0
2026-07-30 1542 2679.252 0 0
2026-07-31 1451 2852.191 0 0
2026-08-01 1488 2800.596 0 0
2026-08-02 1488 2804.332 0 0
2026-08-03 1489 2817.119 0 0
2026-08-04 1407 2963.285 0 0
2026-08-05 1468 2865.285 0 0
2026-08-06 1422 2970.917 0 0
2026-08-07 1399 3024.283 0 0
2026-08-08 1449 2918.491 0 0
2026-08-09 1450 2919.183 0 0
2026-08-10 1505 2829.651 0 0
2026-08-11 1499 2845.677 0 0
2026-08-12 1434 2961.147 0 0
2026-08-13 1415 3006.338 0 0
2026-08-14 1425 2984.221 0 0
>>>>>>> 2b550085baac25c543016ca743053a87bf115d5d
2026-08-15 1398 3046.648 0 0
2026-08-16 1403 3048.049 0 0
2026-08-17 1402 3048.049 0 0
2026-08-18 1370 3134.29 0 0
2026-08-19 1394 3068.973 0 0
2026-08-20 1470 2878.185 0 0
2026-08-21 1468 2891.97 0 0
2026-08-22 1418 3027.987 0 0
