2025-12-04 3049 1050.56 0 0
2025-12-05 3051 1050.91 0.35 0.033
2025-12-06 3058 1046.68 -4.23 -0.403
2025-12-07 3059 1046.68 0 0
2025-12-08 2839 1204.459 157.779 15.074
2025-12-09 2836 1201.97 -2.489 -0.207
2025-12-10 2838 1203.339 1.369 0.114
2025-12-11 2824 1207.145 3.806 0.316
2025-12-12 2790 1236.982 29.837 2.472
2025-12-13 2792 1231.903 -5.079 -0.411
2025-12-14 2792 1231.903 0 0
2025-12-15 2787 1231.384 -0.519 -0.042
2025-12-16 2795 1222.954 -8.43 -0.685
2025-12-17 2796 1223.93 0.976 0.08
2025-12-18 2795 1228.88 4.95 0.404
2025-12-19 2795 1232.201 3.321 0.27
2025-12-20 2818 1218.875 -13.326 -1.081
2025-12-21 2821 1218.875 0 0
2025-12-22 2820 1223.493 4.618 0.379
2025-12-23 2801 1234.651 11.158 0.912
2025-12-24 2811 1233.56 -1.091 -0.088
2025-12-25 2824 1225.683 -7.877 -0.639
2025-12-26 2792 1245.911 20.228 1.65
2025-12-27 2805 1241.583 -4.328 -0.347
2025-12-28 2805 1241.583 0 0
2025-12-29 2817 1232.283 -9.3 -0.749
2025-12-30 2807 1237.15 4.867 0.395
2025-12-31 2812 1234.46 -2.69 -0.217
2026-01-01 2814 1231.61 -2.85 -0.231
2026-01-02 2818 1231.61 0 0
2026-01-03 2813 1232.721 1.111 0.09
2026-01-05 2830 1230.14 -2.581 -0.209
2026-01-06 2822 1241.494 11.354 0.923
2026-01-07 2811 1242.527 1.033 0.083
2026-01-08 2823 1234.57 -7.957 -0.64
2026-01-09 2824 1241.598 7.028 0.569
2026-01-10 2839 1234.582 -7.016 -0.565
2026-01-11 2839 1234.582 0 0
2026-01-12 2844 1234.582 0 0
2026-01-13 2828 1239.658 5.076 0.411
2026-01-14 2859 1217.145 -22.513 -1.816
2026-01-15 2842 1233.37 16.225 1.333
2026-01-16 2868 1215.704 -17.666 -1.432
2026-01-17 2862 1218.99 3.286 0.27
2026-01-18 2861 1218.99 0 0
2026-01-19 2879 1207.742 -11.248 -0.923
2026-01-20 2888 1200.072 -7.67 -0.635
2026-01-21 2903 1192.72 -7.352 -0.613
2026-01-22 2884 1207.722 15.002 1.258
2026-01-23 2900 1202.266 -5.456 -0.452
2026-01-24 2902 1204.305 2.039 0.17
2026-01-25 2902 1204.305 0 0
2026-01-26 2939 1179.772 -24.533 -2.037
2026-01-27 2896 1211.399 31.627 2.681
2026-01-28 2918 1198.664 -12.735 -1.051
2026-01-29 2891 1216.747 18.083 1.509
2026-01-30 2857 1235.088 18.341 1.507
2026-01-31 2866 1225.017 -10.071 -0.815
2026-02-01 2866 1225.017 0 0
2026-02-02 2861 1222.922 -2.095 -0.171
2026-02-03 2866 1220.91 -2.012 -0.165
2026-02-04 2846 1233.02 12.11 0.992
2026-02-05 2850 1229.07 -3.95 -0.32
2026-02-06 2844 1233.632 4.562 0.371
2026-02-07 2847 1233.424 -0.208 -0.017
2026-02-08 2849 1233.424 0 0
2026-02-09 2855 1233.424 0 0
2026-02-10 2850 1244.521 11.097 0.9
2026-02-11 2833 1256.287 11.766 0.945
2026-02-12 2781 1293.059 36.772 2.927
2026-02-13 2783 1289.201 -3.858 -0.298
2026-02-14 2788 1285.763 -3.438 -0.267
2026-02-15 2787 1285.763 0 0
2026-02-16 2609 1426.673 140.91 10.959
2026-02-17 2577 1447.783 21.11 1.48
2026-02-18 2577 1453.099 5.316 0.367
2026-02-19 2626 1412.281 -40.818 -2.809
2026-02-20 2677 1358.914 -53.367 -3.779
2026-02-21 2680 1360.129 1.215 0.089
2026-02-22 2680 1360.129 0 0
2026-02-23 2682 1360.129 0 0
2026-02-24 2688 1363.591 3.462 0.255
2026-02-25 2721 1338.315 -25.276 -1.854
2026-02-26 2719 1334.288 -4.027 -0.301
2026-02-27 2716 1349.942 15.654 1.173
2026-02-28 2718 1349.286 -0.656 -0.049
2026-03-01 2717 1349.286 0 0
2026-03-02 2746 1324.957 -24.329 -1.803
2026-03-03 2803 1262.703 -62.254 -4.699
2026-03-04 2849 1216.357 -46.346 -3.67
2026-03-05 2826 1231.519 15.162 1.247
2026-03-06 2818 1246.704 15.185 1.233
2026-03-07 2817 1246.774 0.07 0.006
2026-03-08 2817 1246.774 0 0
2026-03-09 2884 1197.545 -49.229 -3.949
2026-03-10 3012 1224.955 27.41 2.289
2026-03-11 3009 1232.79 7.835 0.64
2026-03-12 3009 1222.84 -9.95 -0.807
2026-03-13 3010 1217.357 -5.483 -0.448
2026-03-14 3008 1214.937 -2.42 -0.199
2026-03-15 3008 1214.937 0 0
2026-03-16 3028 1207.34 -7.597 -0.625
2026-03-17 3057 1190.811 -16.529 -1.369
2026-03-18 3053 1195.884 5.073 0.426
2026-03-19 3108 1153.084 -42.8 -3.579
2026-03-20 3081 1161.594 8.51 0.738
2026-03-21 3096 1154.603 -6.991 -0.602
2026-03-22 3096 1154.603 0 0
2026-03-23 3108 1136.538 -18.065 -1.565
2026-03-24 3089 1150.611 14.073 1.238
2026-03-25 3067 1168.524 17.913 1.557
2026-03-27 3067 1162.014 -6.51 -0.557
2026-03-28 3077 1154.139 -7.875 -0.678
2026-03-29 3077 1154.139 0 0
2026-03-30 3080 1150.506 -3.633 -0.315
2026-03-31 3093 1140.37 -10.136 -0.881
2026-04-01 3063 1167.334 26.964 2.364
2026-04-02 3083 1157.941 -9.393 -0.805
2026-04-03 3092 1150.154 -7.787 -0.672
2026-04-04 3092 1150.154 0 0
2026-04-05 3092 1150.154 0 0
2026-04-06 3090 1152.588 2.434 0.212
2026-04-07 3086 1153.118 0.53 0.046
2026-04-08 3059 1187.017 33.899 2.94
2026-04-09 3070 1182.745 -4.272 -0.36
2026-04-10 3081 1179.696 -3.049 -0.258
2026-04-11 3081 1180.346 0.65 0.055
2026-04-12 3081 1180.346 0 0
2026-04-13 3099 1173.236 -7.11 -0.602
2026-04-14 3114 1168.246 -4.99 -0.425
2026-04-15 3128 1171.972 3.726 0.319
2026-04-16 3127 1174.109 2.137 0.182
2026-04-17 3156 1163.876 -10.233 -0.872
2026-04-18 3144 1172.945 9.069 0.779
2026-04-19 3144 1172.945 0 0
2026-04-20 3134 1176.836 3.891 0.332
2026-04-21 3165 1160.596 -16.24 -1.38
2026-04-22 3170 1154.591 -6.005 -0.517
2026-04-23 3163 1144.356 -10.235 -0.886
2026-04-24 3156 1145.908 1.552 0.136
2026-04-25 3155 1145.218 -0.69 -0.06
2026-04-26 3155 1145.218 0 0
2026-04-27 3144 1150.791 5.573 0.487
2026-04-28 3118 1166.467 15.676 1.362
2026-04-29 3123 1163.333 -3.134 -0.269
2026-04-30 3142 1149.987 -13.346 -1.147
2026-05-01 3128 1162.576 12.589 1.095
2026-05-02 3128 1162.868 0.292 0.025
2026-05-04 3123 1162.868 0 0
2026-05-05 3133 1160.146 -2.722 -0.234
2026-05-06 3139 1160.146 0 0
2026-05-07 3101 1187.653 27.507 2.371
2026-05-08 3141 1171.196 -16.457 -1.386
2026-05-09 3142 1168.739 -2.457 -0.21
2026-05-10 3142 1168.739 0 0
<<<<<<< HEAD
2026-05-11 3156 1163.992 -4.747 -0.406
2026-05-12 3172 1145.293 -18.699 -1.606
2026-05-13 3142 1158.59 13.297 1.161
2026-05-14 3132 1165.029 6.439 0.556
2026-05-15 3112 1172.013 6.984 0.599
2026-05-16 3111 1169.098 -2.915 -0.249
2026-05-17 3111 1169.098 0 0
2026-05-18 3039 1213.329 44.231 3.783
2026-05-19 3004 1230.471 17.142 1.413
2026-05-20 3033 1217.792 -12.679 -1.03
2026-05-21 3033 1219.346 1.554 0.128
2026-05-22 3040 1217.82 -1.526 -0.125
2026-05-23 3041 1215.932 -1.888 -0.155
2026-05-24 3041 1215.932 0 0
2026-05-26 3038 1218.471 2.539 0.209
2026-05-27 3073 1194.738 -23.733 -1.948
2026-05-28 3090 1190.007 -4.731 -0.396
2026-05-29 3022 1223.82 33.813 2.841
2026-05-31 3026 1224.057 0.237 0.019
2026-06-01 3081 1192.075 -31.982 -2.613
2026-06-02 3137 1155.414 -36.661 -3.075
2026-06-03 3123 1160.494 5.08 0.44
2026-06-04 3150 1142.769 -17.725 -1.527
2026-06-05 3141 1139.093 -3.676 -0.322
2026-06-06 3143 1137.449 -1.644 -0.144
2026-06-07 3143 1137.449 0 0
2026-06-08 3152 1122.019 -15.43 -1.357
2026-06-09 3141 1130.69 8.671 0.773
2026-06-10 3141 1124.601 -6.089 -0.539
2026-06-11 3138 1128.171 3.57 0.317
2026-06-12 3093 1164.834 36.663 3.25
2026-06-13 3094 1166.648 1.814 0.156
2026-06-15 2989 1228.687 62.039 5.318
2026-06-16 2965 1250.962 22.275 1.813
2026-06-17 2937 1274.326 23.364 1.868
2026-06-18 2956 1260.271 -14.055 -1.103
2026-06-19 3000 1226.418 -33.853 -2.686
2026-06-20 3000 1226.418 0 0
2026-06-21 3000 1226.418 0 0
2026-06-23 3038 1196.816 -29.602 -2.414
2026-06-24 3050 1191.752 -5.064 -0.423
2026-06-25 3025 1199.125 7.373 0.619
2026-06-26 3015 1205.004 5.879 0.49
2026-06-27 3015 1204.578 -0.426 -0.035
2026-06-28 3015 1204.578 0 0
2026-06-29 3032 1202.579 -1.999 -0.166
2026-06-30 3030 1202.271 -0.308 -0.026
2026-07-01 3059 1189.979 -12.292 -1.022
2026-07-02 3016 1214.139 24.16 2.03
2026-07-03 2993 1242.739 28.6 2.356
2026-07-04 2993 1242.739 0 0
2026-07-05 2993 1242.739 0 0
2026-07-06 2983 1248.761 6.022 0.485
2026-07-07 2964 1248.678 -0.083 -0.007
2026-07-08 2952 1251.247 2.569 0.206
2026-07-09 2988 1224.122 -27.125 -2.168
2026-07-10 3000 1222.798 -1.324 -0.108
2026-07-11 2997 1226.461 3.663 0.3
2026-07-12 2997 1226.461 0 0
2026-07-13 3036 1203.489 -22.972 -1.873
2026-07-14 2964 1236.767 33.278 2.765
2026-07-15 2984 1233.51 -3.257 -0.263
2026-07-16 2979 1229.378 -4.132 -0.335
2026-07-17 2945 1242.199 12.821 1.043
2026-07-18 2945 1242.435 0.236 0.019
2026-07-19 2944 1242.435 0 0
2026-07-20 2941 1242.435 0 0
2026-07-21 2926 1257.502 15.067 1.213
2026-07-22 2959 1239.883 -17.619 -1.401
2026-07-23 2901 1275.944 36.061 2.908
2026-07-24 2914 1255.921 -20.023 -1.569
2026-07-25 2911 1257.211 1.29 0.103
2026-07-26 2911 1257.211 0 0
2026-07-27 2883 1298.668 41.457 3.298
2026-07-28 2805 1343.726 45.058 3.47
2026-07-29 2777 1371.231 27.505 2.047
2026-07-30 2790 1358.829 -12.402 -0.904
2026-07-31 2782 1378.863 20.034 1.474
2026-08-01 2782 1379.638 0.775 0.056
2026-08-02 2782 1379.638 0 0
2026-08-03 2792 1374.562 -5.076 -0.368
2026-08-04 2756 1402.084 27.522 2.002
2026-08-05 2758 1408.858 6.774 0.483
2026-08-06 2710 1450.67 41.812 2.968
2026-08-07 2735 1437.965 -12.705 -0.876
2026-08-08 2729 1440.381 2.416 0.168
2026-08-09 2729 1440.381 0 0
2026-08-10 2760 1418.889 -21.492 -1.492
2026-08-11 2757 1418.889 0 0
2026-08-12 2731 1439.914 21.025 1.482
2026-08-13 2751 1418.211 -21.703 -1.507
=======
2026-05-11 3166 1159.245 0 0
2026-05-12 3180 1146.759 0 0
2026-05-13 3143 1160.837 0 0
2026-05-14 3130 1159.821 0 0
2026-05-15 3124 1172.913 0 0
2026-05-16 3112 1172.013 0 0
2026-05-17 3111 1169.098 0 0
2026-05-18 3055 1204.156 0 0
2026-05-19 2996 1239.316 0 0
2026-05-20 3040 1209.612 0 0
2026-05-21 3061 1201.026 0 0
2026-05-22 3023 1223.925 0 0
2026-05-23 3040 1217.82 0 0
2026-05-24 3041 1215.932 0 0
2026-05-25 3033 1220.503 0 0
2026-05-26 3039 1217.455 0 0
2026-05-27 3059 1201.71 0 0
2026-05-28 3076 1191.187 0 0
2026-05-29 3030 1221.926 0 0
2026-05-30 3022 1223.82 0 0
2026-05-31 3026 1224.057 0 0
2026-06-01 3084 1196.136 0 0
2026-06-02 3118 1169.23 0 0
2026-06-03 3129 1161.182 0 0
2026-06-04 3138 1146.34 0 0
2026-06-05 3151 1143.073 0 0
2026-06-06 3141 1139.093 0 0
2026-06-07 3143 1137.449 0 0
2026-06-09 3141 1133.616 0 0
2026-06-10 3144 1125.54 0 0
2026-06-11 3134 1126.921 0 0
2026-06-12 3074 1174.496 0 0
2026-06-13 3093 1164.834 0 0
2026-06-14 3094 1166.648 0 0
2026-06-16 2975 1241.801 0 0
2026-06-17 2924 1282.25 0 0
2026-06-18 2950 1266.768 0 0
2026-06-19 2988 1238.596 0 0
2026-06-20 3000 1226.418 0 0
2026-06-21 3000 1226.418 0 0
2026-06-22 2990 1230.94 0 0
2026-06-23 3032 1206.825 0 0
2026-06-24 3041 1196.315 0 0
2026-06-25 3027 1203.257 0 0
2026-06-26 3006 1205.118 0 0
2026-06-27 3015 1205.004 0 0
2026-06-28 3015 1204.578 0 0
2026-06-29 3031 1200.081 0 0
2026-06-30 3022 1204.578 0 0
2026-07-01 3052 1194.785 0 0
2026-07-02 3016 1216.83 0 0
2026-07-03 2998 1232.053 0 0
2026-07-04 2993 1242.739 0 0
2026-07-05 2993 1242.739 0 0
2026-07-06 2973 1253.277 0 0
2026-07-07 2960 1255.786 0 0
2026-07-08 2958 1250.171 0 0
2026-07-09 2979 1228.788 0 0
2026-07-10 2997 1225.116 0 0
2026-07-11 3000 1222.798 0 0
2026-07-12 2997 1226.461 0 0
2026-07-13 3053 1194.5 0 0
2026-07-14 2970 1230.456 0 0
2026-07-15 2983 1224.822 0 0
2026-07-16 2979 1237.002 0 0
2026-07-17 2971 1229.876 0 0
2026-07-18 2945 1242.199 0 0
2026-07-19 2945 1242.435 0 0
2026-07-20 2944 1242.435 0 0
2026-07-21 2914 1258.358 0 0
2026-07-22 2934 1254.021 0 0
2026-07-23 2914 1268.141 0 0
2026-07-24 2912 1260.584 0 0
2026-07-25 2914 1255.921 0 0
2026-07-26 2911 1257.211 0 0
2026-07-27 2887 1283.368 0 0
2026-07-28 2829 1327.787 0 0
2026-07-29 2767 1377.291 0 0
2026-07-30 2793 1353.478 0 0
2026-07-31 2812 1348.473 0 0
2026-08-01 2782 1378.863 0 0
2026-08-02 2782 1379.638 0 0
2026-08-03 2814 1351.215 0 0
2026-08-04 2783 1379.13 0 0
2026-08-05 2747 1416.536 0 0
2026-08-06 2726 1435.524 0 0
2026-08-07 2700 1459.907 0 0
2026-08-08 2735 1437.965 0 0
2026-08-09 2729 1440.381 0 0
2026-08-10 2752 1422.983 0 0
2026-08-11 2762 1418.889 0 0
2026-08-12 2751 1427.077 0 0
2026-08-13 2790 1398.299 0 0
2026-08-14 2760 1411.106 0 0
>>>>>>> 2b550085baac25c543016ca743053a87bf115d5d
2026-08-15 2762 1408.965 0 0
2026-08-16 2760 1409.998 0 0
2026-08-17 2779 1403.392 0 0
2026-08-18 2818 1379.002 0 0
2026-08-19 2828 1367.934 0 0
2026-08-20 2842 1361.344 0 0
2026-08-21 2837 1367.895 0 0
2026-08-22 2841 1374.401 0 0
2026-08-24 2842 1374.031 0 0
2026-08-25 2819 1381.149 0 0
2026-08-26 2837 1374.286 0 0
2026-08-27 2864 1360.122 0 0
2026-08-28 2878 1345.835 0 0
2026-08-29 2879 1346.438 0 0
2026-08-30 2879 1342.341 0 0
2026-08-31 2848 1366.606 0 0
