2026-03-10 2995 1238.848 0 0
2026-03-11 2989 1245.906 7.058 0.57
2026-03-12 3063 1202.22 -43.686 -3.506
2026-03-13 3084 1183.906 -18.314 -1.523
2026-03-14 3083 1183.906 0 0
2026-03-15 3083 1183.906 0 0
2026-03-16 2998 1219.008 35.102 2.965
2026-03-17 2988 1226.161 7.153 0.587
2026-03-18 2963 1249.531 23.37 1.906
2026-03-19 2942 1248.768 -0.763 -0.061
2026-03-20 2955 1228.451 -20.317 -1.627
2026-03-21 2950 1228.451 0 0
2026-03-22 2950 1228.451 0 0
2026-03-23 2909 1251.248 22.797 1.856
2026-03-24 2884 1270.42 19.172 1.532
2026-03-25 2940 1242.663 -27.757 -2.185
2026-03-27 2971 1219.294 -23.369 -1.881
2026-03-28 2963 1219.294 0 0
2026-03-29 2963 1219.294 0 0
2026-03-30 2978 1210.232 -9.062 -0.743
2026-03-31 2930 1237.417 27.185 2.246
2026-04-01 2928 1251.82 14.403 1.164
2026-04-02 2910 1264.029 12.209 0.975
2026-04-03 2906 1264.029 0 0
2026-04-04 2906 1264.029 0 0
2026-04-05 2906 1264.029 0 0
2026-04-06 2885 1275.666 11.637 0.921
2026-04-07 2903 1262.408 -13.258 -1.039
2026-04-08 2907 1281.199 18.791 1.489
2026-04-09 2920 1273.568 -7.631 -0.596
2026-04-10 2935 1260.119 -13.449 -1.056
2026-04-11 2937 1260.119 0 0
2026-04-12 2937 1260.119 0 0
2026-04-13 2929 1272.614 12.495 0.992
2026-04-14 2910 1292.454 19.84 1.559
2026-04-15 2952 1271.851 -20.603 -1.594
2026-04-16 2934 1295.983 24.132 1.897
2026-04-17 2948 1286.636 -9.347 -0.721
2026-04-18 2947 1286.636 0 0
2026-04-19 2947 1286.636 0 0
2026-04-20 2955 1285.586 -1.05 -0.082
2026-04-21 2979 1260.119 -25.467 -1.981
2026-04-22 2952 1285.205 25.086 1.991
2026-04-23 2938 1284.06 -1.145 -0.089
2026-04-24 2932 1282.629 -1.431 -0.111
2026-04-25 2931 1282.629 0 0
2026-04-26 2931 1282.629 0 0
2026-04-27 2888 1311.245 28.616 2.231
2026-04-28 2875 1318.494 7.249 0.553
2026-04-29 2889 1305.903 -12.591 -0.955
2026-04-30 2882 1311.531 5.628 0.431
2026-05-01 2897 1305.426 -6.105 -0.465
2026-05-02 2900 1305.426 0 0
2026-05-04 2857 1339.574 34.148 2.616
2026-05-05 2802 1379.254 39.68 2.962
2026-05-06 2763 1410.445 31.191 2.261
2026-05-07 2767 1424.658 14.213 1.008
2026-05-08 2744 1447.169 22.511 1.58
2026-05-09 2743 1447.169 0 0
2026-05-10 2743 1447.169 0 0
<<<<<<< HEAD
2026-05-11 2759 1434.864 -12.305 -0.85
2026-05-12 2746 1429.999 -4.865 -0.339
2026-05-13 2754 1425.898 -4.101 -0.287
2026-05-14 2741 1430.762 4.864 0.341
2026-05-15 2766 1404.722 -26.04 -1.82
2026-05-16 2755 1404.722 0 0
2026-05-17 2755 1404.722 0 0
2026-05-18 2724 1422.845 18.123 1.29
2026-05-19 2754 1401.193 -21.652 -1.522
2026-05-20 2720 1429.904 28.711 2.049
2026-05-21 2722 1429.904 0 0
2026-05-22 2751 1411.113 -18.791 -1.314
2026-05-23 2751 1411.113 0 0
2026-05-24 2751 1411.113 0 0
2026-05-26 2770 1397.759 -13.354 -0.946
2026-05-27 2797 1379.35 -18.409 -1.317
2026-05-28 2809 1364.088 -15.262 -1.106
2026-05-29 2820 1357.316 -6.772 -0.496
2026-05-31 2821 1357.316 0 0
2026-06-01 2787 1389.461 32.145 2.368
2026-06-02 2780 1391.559 2.098 0.151
2026-06-03 2783 1387.458 -4.101 -0.295
2026-06-04 2743 1402.528 15.07 1.086
2026-06-05 2758 1395.088 -7.44 -0.53
2026-06-06 2755 1395.088 0 0
2026-06-07 2755 1395.088 0 0
2026-06-08 2728 1396.805 1.717 0.123
2026-06-09 2723 1406.248 9.443 0.676
2026-06-10 2745 1389.651 -16.597 -1.18
2026-06-11 2720 1403.673 14.022 1.009
2026-06-12 2721 1415.405 11.732 0.836
2026-06-13 2725 1415.405 0 0
2026-06-15 2735 1415.501 0.096 0.007
2026-06-16 2768 1398.808 -16.693 -1.179
2026-06-17 2798 1371.147 -27.661 -1.977
2026-06-18 2811 1364.374 -6.773 -0.494
2026-06-19 2809 1364.374 0 0
2026-06-20 2809 1364.374 0 0
2026-06-21 2809 1364.374 0 0
2026-06-23 2776 1379.159 14.785 1.084
2026-06-24 2799 1358.079 -21.08 -1.528
2026-06-25 2808 1349.399 -8.68 -0.639
2026-06-26 2824 1336.427 -12.972 -0.961
2026-06-27 2825 1336.427 0 0
2026-06-28 2825 1336.427 0 0
2026-06-29 2831 1333.947 -2.48 -0.186
2026-06-30 2835 1330.226 -3.721 -0.279
2026-07-01 2835 1337.953 7.727 0.581
2026-07-02 2842 1329.75 -8.203 -0.613
2026-07-03 2850 1329.75 0 0
2026-07-04 2850 1329.75 0 0
2026-07-05 2850 1329.75 0 0
2026-07-06 2817 1358.556 28.806 2.166
2026-07-07 2815 1354.359 -4.197 -0.309
2026-07-08 2774 1378.777 24.418 1.803
2026-07-09 2783 1377.537 -1.24 -0.09
2026-07-10 2778 1387.648 10.111 0.734
2026-07-11 2781 1387.648 0 0
2026-07-12 2781 1387.648 0 0
2026-07-13 2758 1396.805 9.157 0.66
2026-07-14 2757 1399.094 2.289 0.164
2026-07-15 2767 1398.236 -0.858 -0.061
2026-07-16 2749 1408.061 9.825 0.703
2026-07-17 2785 1363.611 -44.45 -3.157
2026-07-18 2782 1363.611 0 0
2026-07-19 2781 1363.611 0 0
2026-07-20 2757 1381.734 18.123 1.329
2026-07-21 2723 1416.931 35.197 2.547
2026-07-22 2700 1423.895 6.964 0.491
2026-07-23 2643 1473.972 50.077 3.517
2026-07-24 2588 1500.489 26.517 1.799
2026-07-25 2589 1500.489 0 0
2026-07-26 2589 1500.489 0 0
2026-07-27 2609 1501.347 0.858 0.057
2026-07-28 2593 1502.301 0.954 0.064
2026-07-29 2634 1485.036 -17.265 -1.149
2026-07-30 2584 1518.135 33.099 2.229
2026-07-31 2604 1513.938 -4.197 -0.276
2026-08-01 2609 1513.938 0 0
2026-08-02 2609 1513.938 0 0
2026-08-03 2618 1518.23 4.292 0.283
2026-08-04 2672 1486.181 -32.049 -2.111
2026-08-05 2681 1485.227 -0.954 -0.064
2026-08-06 2612 1528.437 43.21 2.909
2026-08-07 2646 1505.258 -23.179 -1.517
2026-08-08 2647 1505.258 0 0
2026-08-09 2647 1505.258 0 0
2026-08-10 2687 1482.366 -22.892 -1.521
2026-08-11 2715 1450.889 -31.477 -2.123
2026-08-12 2673 1496.578 45.689 3.149
2026-08-13 2653 1501.92 5.342 0.357
=======
2026-05-11 2745 1447.169 0 0
2026-05-12 2756 1434.864 0 0
2026-05-13 2744 1429.999 0 0
2026-05-14 2749 1425.898 0 0
2026-05-15 2737 1430.762 0 0
2026-05-16 2766 1404.722 0 0
2026-05-17 2755 1404.722 0 0
2026-05-18 2751 1404.722 0 0
2026-05-19 2724 1422.845 0 0
2026-05-20 2747 1401.193 0 0
2026-05-21 2725 1429.904 0 0
2026-05-22 2724 1428.568 0 0
2026-05-23 2751 1411.113 0 0
2026-05-24 2751 1411.113 0 0
2026-05-25 2748 1411.113 0 0
2026-05-26 2746 1411.113 0 0
2026-05-27 2764 1397.759 0 0
2026-05-28 2795 1379.35 0 0
2026-05-29 2810 1364.088 0 0
2026-05-30 2820 1357.316 0 0
2026-05-31 2821 1357.316 0 0
2026-06-01 2824 1357.316 0 0
2026-06-02 2786 1389.461 0 0
2026-06-03 2785 1391.559 0 0
2026-06-04 2778 1387.458 0 0
2026-06-05 2748 1402.528 0 0
2026-06-06 2758 1395.088 0 0
2026-06-07 2755 1395.088 0 0
2026-06-09 2732 1396.805 0 0
2026-06-10 2719 1406.248 0 0
2026-06-11 2740 1389.651 0 0
2026-06-12 2727 1403.673 0 0
2026-06-13 2721 1415.405 0 0
2026-06-14 2725 1415.405 0 0
2026-06-16 2734 1415.501 0 0
2026-06-17 2767 1398.808 0 0
2026-06-18 2799 1371.147 0 0
2026-06-19 2811 1364.374 0 0
2026-06-20 2809 1364.374 0 0
2026-06-21 2809 1364.374 0 0
2026-06-22 2803 1364.374 0 0
2026-06-23 2783 1378.11 0 0
2026-06-24 2777 1379.159 0 0
2026-06-25 2798 1358.079 0 0
2026-06-26 2799 1349.399 0 0
2026-06-27 2824 1336.427 0 0
2026-06-28 2825 1336.427 0 0
2026-06-29 2831 1336.427 0 0
2026-06-30 2833 1333.947 0 0
2026-07-01 2838 1330.226 0 0
2026-07-02 2837 1337.953 0 0
2026-07-03 2852 1329.75 0 0
2026-07-04 2850 1329.75 0 0
2026-07-05 2850 1329.75 0 0
2026-07-06 2849 1329.75 0 0
2026-07-07 2812 1358.556 0 0
2026-07-08 2811 1354.359 0 0
2026-07-09 2772 1378.777 0 0
2026-07-10 2792 1377.537 0 0
2026-07-11 2778 1387.648 0 0
2026-07-12 2781 1387.648 0 0
2026-07-13 2774 1387.648 0 0
2026-07-14 2758 1396.805 0 0
2026-07-15 2759 1399.094 0 0
2026-07-16 2765 1398.236 0 0
2026-07-17 2739 1408.061 0 0
2026-07-18 2785 1363.611 0 0
2026-07-19 2782 1363.611 0 0
2026-07-20 2783 1363.611 0 0
2026-07-21 2763 1381.734 0 0
2026-07-22 2719 1416.931 0 0
2026-07-23 2703 1423.895 0 0
2026-07-24 2635 1473.972 0 0
2026-07-25 2588 1500.489 0 0
2026-07-26 2589 1500.489 0 0
2026-07-27 2598 1500.489 0 0
2026-07-28 2604 1501.347 0 0
2026-07-29 2597 1502.301 0 0
2026-07-30 2632 1485.036 0 0
2026-07-31 2593 1518.135 0 0
2026-08-01 2604 1513.938 0 0
2026-08-02 2609 1513.938 0 0
2026-08-03 2615 1513.938 0 0
2026-08-04 2622 1518.23 0 0
2026-08-05 2676 1486.181 0 0
2026-08-06 2681 1485.227 0 0
2026-08-07 2611 1528.437 0 0
2026-08-08 2646 1505.258 0 0
2026-08-09 2647 1505.258 0 0
2026-08-10 2647 1505.258 0 0
2026-08-11 2686 1482.366 0 0
2026-08-12 2717 1450.889 0 0
2026-08-13 2672 1496.578 0 0
2026-08-14 2650 1501.92 0 0
>>>>>>> 2b550085baac25c543016ca743053a87bf115d5d
2026-08-15 2638 1516.704 0 0
2026-08-16 2642 1516.704 0 0
2026-08-17 2642 1516.704 0 0
2026-08-18 2588 1558.292 0 0
2026-08-19 2605 1548.944 0 0
2026-08-20 2562 1570.883 0 0
2026-08-21 2552 1581.375 0 0
2026-08-22 2549 1591.391 0 0
2026-08-24 2550 1591.391 0 0
2026-08-25 2532 1598.545 0 0
