2026-03-10 2769 1382.447 0 0
2026-03-11 2740 1408.864 26.417 1.911
2026-03-12 2766 1389.143 -19.721 -1.4
2026-03-13 2786 1371.873 -17.27 -1.243
2026-03-14 2785 1366.388 -5.485 -0.4
2026-03-15 2785 1366.388 0 0
2026-03-16 2780 1366.616 0.228 0.017
2026-03-17 2814 1330.12 -36.496 -2.671
2026-03-18 2888 1292.652 -37.468 -2.817
2026-03-19 2860 1294.375 1.723 0.133
2026-03-20 2873 1286.087 -8.288 -0.64
2026-03-21 2869 1289.657 3.57 0.278
2026-03-22 2869 1289.657 0 0
2026-03-23 2950 1221.394 -68.263 -5.293
2026-03-24 2917 1251.847 30.453 2.493
2026-03-25 2914 1257.389 5.542 0.443
2026-03-26 2919 1252.583 -4.806 -0.382
2026-03-27 2849 1294.694 42.111 3.362
2026-03-28 2851 1290.46 -4.234 -0.327
2026-03-29 2851 1290.46 0 0
2026-03-30 2866 1278.826 -11.634 -0.902
2026-03-31 2890 1263.35 -15.476 -1.21
2026-04-01 2831 1313.024 49.674 3.932
2026-04-02 2706 1395.174 82.15 6.257
2026-04-03 2698 1397.234 2.06 0.148
2026-04-04 2698 1397.234 0 0
2026-04-05 2698 1397.234 0 0
2026-04-06 2700 1397.234 0 0
2026-04-07 2730 1377.567 -19.667 -1.408
2026-04-08 2742 1389.687 12.12 0.88
2026-04-09 2774 1372.433 -17.254 -1.242
2026-04-10 2793 1361.389 -11.044 -0.805
2026-04-11 2790 1362.903 1.514 0.111
2026-04-12 2790 1362.903 0 0
2026-04-13 2690 1439.261 76.358 5.603
2026-04-14 2686 1447.04 7.779 0.54
2026-04-15 2688 1454.413 7.373 0.51
2026-04-16 2697 1453.588 -0.825 -0.057
2026-04-17 2737 1425.992 -27.596 -1.898
2026-04-18 2737 1424.551 -1.441 -0.101
2026-04-19 2737 1424.551 0 0
2026-04-20 2764 1407.463 -17.088 -1.2
2026-04-21 2801 1384.384 -23.079 -1.64
2026-04-22 2811 1377.946 -6.438 -0.465
2026-04-23 2840 1343.037 -34.909 -2.533
2026-04-24 2850 1328.973 -14.064 -1.047
2026-04-25 2851 1328.837 -0.136 -0.01
2026-04-26 2851 1328.837 0 0
2026-04-27 2854 1333.68 4.843 0.364
2026-04-28 2869 1320.717 -12.963 -0.972
2026-04-29 2811 1366.014 45.297 3.43
2026-04-30 2807 1369.884 3.87 0.283
2026-05-01 2811 1369.804 -0.08 -0.006
2026-05-02 2813 1369.804 0 0
2026-05-04 2812 1369.804 0 0
2026-05-05 2690 1476.149 106.345 7.764
2026-05-06 2693 1476.149 0 0
2026-05-07 2703 1477.951 1.802 0.122
2026-05-08 2699 1485.897 7.946 0.538
2026-05-09 2700 1485.831 -0.066 -0.004
2026-05-10 2700 1485.831 0 0
<<<<<<< HEAD
2026-05-11 2714 1483.977 -1.854 -0.125
2026-05-12 2737 1443.85 -40.127 -2.704
2026-05-13 2698 1476.777 32.927 2.281
2026-05-14 2777 1405.195 -71.582 -4.847
2026-05-15 2790 1391.874 -13.321 -0.948
2026-05-16 2790 1388.09 -3.784 -0.272
2026-05-17 2790 1388.09 0 0
2026-05-18 2789 1386.005 -2.085 -0.15
2026-05-19 2811 1368.609 -17.396 -1.255
2026-05-20 2832 1353.792 -14.817 -1.083
2026-05-21 2835 1353.335 -0.457 -0.034
2026-05-22 2825 1359.588 6.253 0.462
2026-05-23 2821 1361.87 2.282 0.168
2026-05-24 2821 1361.87 0 0
2026-05-26 2843 1345.629 -16.241 -1.193
2026-05-27 2867 1324.335 -21.294 -1.582
2026-05-28 2869 1324.518 0.183 0.014
2026-05-29 2791 1378.055 53.537 4.042
2026-05-31 2793 1380.396 2.341 0.17
2026-06-01 2852 1332.652 -47.744 -3.459
2026-06-02 2864 1322.37 -10.282 -0.772
2026-06-03 2859 1318.294 -4.076 -0.308
2026-06-04 2823 1343.676 25.382 1.925
2026-06-05 2903 1292.269 -51.407 -3.826
2026-06-06 2902 1293.318 1.049 0.081
2026-06-07 2902 1293.318 0 0
2026-06-08 2908 1280.28 -13.038 -1.008
2026-06-09 2806 1343.43 63.15 4.933
2026-06-10 2888 1292.502 -50.928 -3.791
2026-06-11 2965 1231.083 -61.419 -4.752
2026-06-12 2963 1239.958 8.875 0.721
2026-06-13 2966 1242.911 2.953 0.238
2026-06-15 3169 1127.27 -115.641 -9.304
2026-06-16 3210 1105.574 -21.696 -1.925
2026-06-17 3361 1001.715 -103.859 -9.394
2026-06-18 3329 1023.501 21.786 2.175
2026-06-19 3328 1022.729 -0.772 -0.075
2026-06-20 3328 1022.729 0 0
2026-06-21 3328 1022.729 0 0
2026-06-23 3290 1041.756 19.027 1.86
2026-06-24 3324 1015.058 -26.698 -2.563
2026-06-25  998.517 -16.541 -1.63
2026-07-02  990.808 -7.709 -0.772
2026-07-11 3323 1031.62 40.812 4.119
2026-07-12 3323 1031.62 0 0
2026-07-13 3343 1008.364 -23.256 -2.254
2026-07-14 3353 1005.594 -2.77 -0.275
2026-07-15 3229 1086.631 81.037 8.059
2026-07-16 3119 1157.55 70.919 6.527
2026-07-17 3103 1159.495 1.945 0.168
2026-07-18 3103 1157.921 -1.574 -0.136
2026-07-19 3102 1157.921 0 0
2026-07-20 3156 1118.145 -39.776 -3.435
2026-07-21 3217 1084.967 -33.178 -2.967
2026-07-22 3222 1082.838 -2.129 -0.196
2026-07-23 3264 1057.903 -24.935 -2.303
2026-07-24 3333 1007.46 -50.443 -4.768
2026-07-25 3335 1006.925 -0.535 -0.053
2026-07-26 3335 1006.925 0 0
2026-07-27 3291 1042.762 35.837 3.559
2026-07-28 3331 1014.677 -28.085 -2.693
2026-07-29 3353 1001.196 -13.481 -1.329
2026-07-30  981.599 -19.597 -1.957
2026-08-01 3357 1004.119 22.52 2.294
2026-08-02 3357 1004.119 0 0
2026-08-03 3349 1009.96 5.841 0.582
2026-08-04 3345 1022.246 12.286 1.216
2026-08-05 3318 1041.118 18.872 1.846
2026-08-06 3344 1025.075 -16.043 -1.541
2026-08-07 3276 1077.2 52.125 5.085
2026-08-08 3277 1077.455 0.255 0.024
2026-08-09 3277 1077.455 0 0
2026-08-10 3297 1066.01 -11.445 -1.062
2026-08-11 3298 1064.609 -1.401 -0.131
2026-08-12 3309 1054.162 -10.447 -0.981
2026-08-13 3272 1083.703 29.541 2.802
=======
2026-05-11 2724 1470.535 0 0
2026-05-12 2739 1449.676 0 0
2026-05-13 2707 1474.24 0 0
2026-05-14 2764 1413.901 0 0
2026-05-15 2780 1403.802 0 0
2026-05-16 2790 1391.874 0 0
2026-05-17 2790 1388.09 0 0
2026-05-18 2776 1390.87 0 0
2026-05-19 2807 1371.874 0 0
2026-05-20 2822 1355.855 0 0
2026-05-21 2813 1368.389 0 0
2026-05-22 2822 1357.736 0 0
2026-05-23 2825 1359.588 0 0
2026-05-24 2821 1361.87 0 0
2026-05-25 2843 1346.093 0 0
2026-05-26 2849 1339.829 0 0
2026-05-27 2870 1326.141 0 0
2026-05-28 2860 1323.406 0 0
2026-05-29 2859 1327.54 0 0
2026-05-30 2791 1378.055 0 0
2026-05-31 2793 1380.396 0 0
2026-06-01 2847 1338.009 0 0
2026-06-02 2848 1333.584 0 0
2026-06-03 2858 1323.768 0 0
2026-06-04 2825 1337.643 0 0
2026-06-05 2869 1312.255 0 0
2026-06-06 2903 1292.269 0 0
2026-06-07 2902 1293.318 0 0
2026-06-09 2786 1360.836 0 0
2026-06-10 2875 1298.82 0 0
2026-06-11 2953 1241.742 0 0
2026-06-12 2951 1251.551 0 0
2026-06-13 2963 1239.958 0 0
2026-06-14 2966 1242.911 0 0
2026-06-16 3179 1118.876 0 0
2026-06-17 3309 1039.319 0 0
2026-06-18 3315 1032.275 0 0
2026-06-19 3329 1023.501 0 0
2026-06-20 3328 1022.729 0 0
2026-06-21 3328 1022.729 0 0
2026-06-22 3366 995.686 0 0
2026-06-23 3288 1049.305 0 0
2026-06-24 3315 1021.982 0 0
2026-06-25 3352 999.031 0 0
2026-06-26 3361 954.731 0 0
2026-07-03 3373 987.096 0 0
2026-07-12 3323 1031.62 0 0
2026-07-13 3341 1015.108 0 0
2026-07-14 3355 1000.225 0 0
2026-07-15 3273 1061.382 0 0
2026-07-16 3197 1107.098 0 0
2026-07-17 3175 1115.877 0 0
2026-07-18 3103 1159.495 0 0
2026-07-19 3103 1157.921 0 0
2026-07-20 3132 1135.823 0 0
2026-07-21 3281 1046.502 0 0
2026-07-22 3183 1101.741 0 0
2026-07-23 3270 1053.95 0 0
2026-07-24 3293 1033.003 0 0
2026-07-25 3333 1007.46 0 0
2026-07-26 3335 1006.925 0 0
2026-07-27 3295 1035.548 0 0
2026-07-28 3298 1031.824 0 0
2026-07-29 3335 1008.62 0 0
2026-07-30 3361 999.1 0 0
2026-07-31 3346 1003.733 0 0
2026-08-02 3357 1004.119 0 0
2026-08-03 3355 1006.689 0 0
2026-08-04 3325 1029.117 0 0
2026-08-05 3313 1043.718 0 0
2026-08-06 3326 1031.547 0 0
2026-08-07 3314 1047.496 0 0
2026-08-08 3276 1077.2 0 0
2026-08-09 3277 1077.455 0 0
2026-08-10 3279 1076.988 0 0
2026-08-11 3280 1078.857 0 0
2026-08-12 3294 1068.112 0 0
2026-08-13 3306 1058.602 0 0
2026-08-14 3288 1069.681 0 0
>>>>>>> 2b550085baac25c543016ca743053a87bf115d5d
2026-08-15 3300 1058.229 0 0
2026-08-16 3297 1058.716 0 0
2026-08-17 3297 1058.716 0 0
2026-08-18 3298 1059.183 0 0
