2026-07-10 3286 1055.17 0 0
2026-07-11 3289 1057.52 2.35 0.223
2026-07-12 3289 1057.52 0 0
2026-07-13  955.987 -101.533 -9.601
2026-07-15 3365 1002.681 46.694 4.884
2026-07-16  940.584 -62.097 -6.193
2026-08-04 3278 1070.842 130.258 13.849
2026-08-05 3314 1047.572 -23.27 -2.173
2026-08-06 3165 1140.305 92.733 8.852
2026-08-07 3192 1131.285 -9.02 -0.791
2026-08-08 3193 1131.554 0.269 0.024
2026-08-09 3193 1131.554 0 0
2026-08-10 3157 1152.077 20.523 1.814
2026-08-11 3119 1179.776 27.699 2.404
2026-08-12 3061 1212.013 32.237 2.732
2026-08-13 3119 1178.831 -33.182 -2.738
2026-08-15 3056 1215.407 36.576 3.103
2026-08-16 3056 1215.407 0 0
2026-08-17 3047 1221.827 6.42 0.528
2026-08-18 3061 1211.373 -10.454 -0.856
2026-08-19 3288 1060.904 -150.469 -12.421
2026-08-20 3073 1204.217 143.313 13.509
2026-08-21 3052 1219.966 15.749 1.308
2026-08-23 3050 1220.583 0.617 0.051
2026-08-24 3039 1225.333 4.75 0.389
2026-08-25 3047 1224.446 -0.887 -0.072
2026-08-26 2999 1253.947 29.501 2.409
2026-08-27 2904 1328.065 74.118 5.911
2026-08-28 2945 1293.379 -34.686 -2.612
2026-08-29 2945 1293.283 -0.096 -0.007
2026-08-30 2945 1293.283 0 0
2026-08-31 3015 1245.297 -47.986 -3.71
2026-09-01 3075 1211.683 0 0
2026-09-02 3166 1152.47 0 0
