2026-03-10 2930 1280.331 0 0
2026-03-11 2968 1255.153 -25.178 -1.967
2026-03-12 2989 1234.698 -20.455 -1.63
2026-03-13 3023 1215.937 -18.761 -1.519
2026-03-14 3019 1211.076 -4.861 -0.4
2026-03-15 3019 1211.076 0 0
2026-03-16 2924 1268.84 57.764 4.77
2026-03-17 2852 1311.574 42.734 3.368
2026-03-18 2821 1326.42 14.846 1.132
2026-03-19 2799 1336.97 10.55 0.795
2026-03-20 2818 1318.482 -18.488 -1.383
2026-03-21 2811 1322.142 3.66 0.278
2026-03-22 2811 1322.142 0 0
2026-03-23 2866 1280.462 -41.68 -3.152
2026-03-24 2832 1302.941 22.479 1.756
2026-03-25 2818 1315.251 12.31 0.945
2026-03-26 2775 1341.335 26.084 1.983
2026-03-27 2656 1415.01 73.675 5.493
2026-03-28 2660 1410.383 -4.627 -0.327
2026-03-29 2660 1410.383 0 0
2026-03-30 2635 1428.399 18.016 1.277
2026-03-31 2687 1390.307 -38.092 -2.667
2026-04-01 2607 1472.449 82.142 5.908
2026-04-02 2599 1479.939 7.49 0.509
2026-04-03 2664 1418.433 -61.506 -4.156
2026-04-04 2664 1418.433 0 0
2026-04-05 2664 1418.433 0 0
2026-04-06 2666 1418.433 0 0
2026-04-07 2648 1429.407 10.974 0.774
2026-04-08 2638 1462.786 33.379 2.335
2026-04-09 2750 1387.615 -75.171 -5.139
2026-04-10 2674 1447.267 59.652 4.299
2026-04-11 2674 1448.877 1.61 0.111
2026-04-12 2674 1448.877 0 0
2026-04-13 2555 1552.89 104.013 7.179
2026-04-14 2608 1503.239 -49.651 -3.197
2026-04-15 2614 1508.672 5.433 0.361
2026-04-16 2673 1469.001 -39.671 -2.63
2026-04-17 2707 1449.497 -19.504 -1.328
2026-04-18 2709 1448.032 -1.465 -0.101
2026-04-19 2709 1448.032 0 0
2026-04-20 2666 1485.201 37.169 2.567
2026-04-21 2656 1492.481 7.28 0.49
2026-04-22 2628 1505.062 12.581 0.843
2026-04-23 2692 1456.423 -48.639 -3.232
2026-04-24 2653 1485.755 29.332 2.014
2026-04-25 2649 1485.603 -0.152 -0.01
2026-04-26 2649 1485.603 0 0
2026-04-27 2614 1515.12 29.517 1.987
2026-04-28 2668 1473.108 -42.012 -2.773
2026-04-29 2716 1434.661 -38.447 -2.61
2026-04-30 2621 1504.524 69.863 4.87
2026-05-01 2623 1504.436 -0.088 -0.006
2026-05-02 2624 1504.436 0 0
2026-05-04 2624 1504.436 0 0
2026-05-05 2617 1524.27 19.834 1.318
2026-05-06 2621 1524.27 0 0
2026-05-07 2688 1488.51 -35.76 -2.346
2026-05-08 2765 1424.18 -64.33 -4.322
2026-05-09 2765 1424.117 -0.063 -0.004
2026-05-10 2765 1424.117 0 0
<<<<<<< HEAD
2026-05-11 2746 1445.666 21.549 1.513
2026-05-12 2741 1435.895 -9.771 -0.676
2026-05-13 2734 1444.457 8.562 0.596
2026-05-14 2827 1370.554 -73.903 -5.116
2026-05-15 2805 1379.045 8.491 0.62
2026-05-16 2808 1375.296 -3.749 -0.272
2026-05-17 2808 1375.296 0 0
2026-05-18 2852 1334.535 -40.761 -2.964
2026-05-19 2826 1354.648 20.113 1.507
2026-05-20 2823 1364.4 9.752 0.72
2026-05-21 2826 1363.939 -0.461 -0.034
2026-05-22 2853 1338.931 -25.008 -1.834
2026-05-23 2852 1341.177 2.246 0.168
2026-05-24 2852 1341.177 0 0
2026-05-26 2892 1315.431 -25.746 -1.92
2026-05-27 2842 1335.906 20.475 1.557
2026-05-28 2856 1328.663 -7.243 -0.542
2026-05-29 2826 1354.525 25.862 1.946
2026-05-31 2824 1356.827 2.302 0.17
2026-06-01 2865 1323.298 -33.529 -2.471
2026-06-02 2855 1327.69 4.392 0.332
2026-06-03 2917 1291.223 -36.467 -2.747
2026-06-04 2912 1289.183 -2.04 -0.158
2026-06-05 2943 1262.469 -26.714 -2.072
2026-06-06 2941 1263.494 1.025 0.081
2026-06-07 2941 1263.494 0 0
2026-06-08 2961 1237.192 -26.302 -2.082
2026-06-09 2948 1253.491 16.299 1.317
2026-06-10 2863 1300.153 46.662 3.723
2026-06-11 2856 1300.129 -0.024 -0.002
2026-06-12 2826 1325.978 25.849 1.988
2026-06-13 2825 1329.136 3.158 0.238
2026-06-15 2901 1299.534 -29.602 -2.227
2026-06-16 2919 1284.948 -14.586 -1.122
2026-06-17 2946 1271.131 -13.817 -1.075
2026-06-18 2900 1299.933 28.802 2.266
2026-06-19 2898 1298.952 -0.981 -0.075
2026-06-20 2898 1298.952 0 0
2026-06-21 2898 1298.952 0 0
2026-06-23 2761 1393.448 94.496 7.275
2026-06-24 2615 1502.757 109.309 7.844
2026-06-25 2652 1477.771 -24.986 -1.663
2026-06-26 2683 1442.025 -35.746 -2.419
2026-06-27 2684 1441.771 -0.254 -0.018
2026-06-28 2684 1441.771 0 0
2026-06-29 2534 1570.391 128.62 8.921
2026-06-30 2400 1694.597 124.206 7.909
2026-07-01 2238 1850.279 155.682 9.187
2026-07-02 2097 1983.494 133.215 7.2
2026-07-03 2152 1931.433 -52.061 -2.625
2026-07-04 2152 1931.433 0 0
2026-07-05 2152 1931.433 0 0
2026-07-06 2334 1777.704 -153.729 -7.959
2026-07-07 2346 1756.413 -21.291 -1.198
2026-07-08 2416 1684.441 -71.972 -4.098
2026-07-09 2338 1755.352 70.911 4.21
2026-07-10 2327 1763.81 8.458 0.482
2026-07-11 2323 1767.739 3.929 0.223
2026-07-12 2323 1767.739 0 0
2026-07-13 2354 1735.422 -32.317 -1.828
2026-07-14 2359 1729.774 -5.648 -0.325
2026-07-15 2200 1879.559 149.785 8.659
2026-07-16 2068 1999.192 119.633 6.365
2026-07-17 2254 1815.709 -183.483 -9.178
2026-07-18 2255 1813.244 -2.465 -0.136
2026-07-19 2254 1813.244 0 0
2026-07-20 2245 1818.593 5.349 0.295
2026-07-21 2247 1822.633 4.04 0.222
2026-07-22 2251 1814.195 -8.438 -0.463
2026-07-23 2235 1831.496 17.301 0.954
2026-07-24 2381 1695.108 -136.388 -7.447
2026-07-25 2385 1694.207 -0.901 -0.053
2026-07-26 2385 1694.207 0 0
2026-07-27 2349 1727.476 33.269 1.964
2026-07-28 2434 1653.734 -73.742 -4.269
2026-07-29 2448 1644.7 -9.034 -0.546
2026-07-30 2538 1554.895 -89.805 -5.46
2026-07-31 2483 1611.384 56.489 3.633
2026-08-01 2482 1613.533 2.149 0.133
2026-08-02 2482 1613.533 0 0
2026-08-03 2595 1532.252 -81.281 -5.037
2026-08-04 2536 1582.509 50.257 3.28
2026-08-05 2475 1652.126 69.617 4.399
2026-08-06 2408 1722.564 70.438 4.263
2026-08-07 2286 1828.012 105.448 6.122
2026-08-08 2287 1828.446 0.434 0.024
2026-08-09 2286 1828.446 0 0
2026-08-10 2334 1797.623 -30.823 -1.686
2026-08-11 2336 1787.115 -10.508 -0.585
2026-08-12 2349 1772.129 -14.986 -0.839
2026-08-13 2355 1765.978 -6.151 -0.347
=======
2026-05-11 2766 1427.361 0 0
2026-05-12 2761 1430.605 0 0
2026-05-13 2745 1429.401 0 0
2026-05-14 2828 1366.056 0 0
2026-05-15 2800 1393.299 0 0
2026-05-16 2805 1379.045 0 0
2026-05-17 2808 1375.296 0 0
2026-05-18 2848 1334.072 0 0
2026-05-19 2845 1339.862 0 0
2026-05-20 2826 1353.489 0 0
2026-05-21 2808 1375.519 0 0
2026-05-22 2871 1323.185 0 0
2026-05-23 2853 1338.931 0 0
2026-05-24 2852 1341.177 0 0
2026-05-25 2888 1318.679 0 0
2026-05-26 2894 1313.344 0 0
2026-05-27 2874 1324.245 0 0
2026-05-28 2851 1327.547 0 0
2026-05-29 2835 1343.768 0 0
2026-05-30 2826 1354.525 0 0
2026-05-31 2824 1356.827 0 0
2026-06-01 2869 1325.161 0 0
2026-06-02 2832 1347.28 0 0
2026-06-03 2915 1292.98 0 0
2026-06-04 2936 1277.239 0 0
2026-06-05 2935 1275.454 0 0
2026-06-06 2943 1262.469 0 0
2026-06-07 2941 1263.494 0 0
2026-06-09 2952 1246.968 0 0
2026-06-10 2847 1309.937 0 0
2026-06-11 2872 1293.868 0 0
2026-06-12 2818 1329.66 0 0
2026-06-13 2826 1325.978 0 0
2026-06-14 2825 1329.136 0 0
2026-06-16 2905 1293.706 0 0
2026-06-17 2950 1268.155 0 0
2026-06-18 2859 1318.242 0 0
2026-06-19 2900 1299.933 0 0
2026-06-20 2898 1298.952 0 0
2026-06-21 2898 1298.952 0 0
2026-06-22 2928 1275.412 0 0
2026-06-23 2764 1392.412 0 0
2026-06-24 2692 1441.824 0 0
2026-06-25 2648 1485.341 0 0
2026-06-26 2662 1456.926 0 0
2026-06-27 2683 1442.025 0 0
2026-06-28 2684 1441.771 0 0
2026-06-29 2531 1570.391 0 0
2026-06-30 2443 1655.674 0 0
2026-07-01 2300 1791.11 0 0
2026-07-02 2322 1780.135 0 0
2026-07-03 2208 1885.367 0 0
2026-07-04 2152 1931.433 0 0
2026-07-05 2152 1931.433 0 0
2026-07-06 2223 1876.165 0 0
2026-07-07 2325 1778.865 0 0
2026-07-08 2411 1699.57 0 0
2026-07-09 2366 1726.185 0 0
2026-07-10 2305 1793.364 0 0
2026-07-11 2327 1763.81 0 0
2026-07-12 2323 1767.739 0 0
2026-07-13 2327 1759.369 0 0
2026-07-14 2345 1740.072 0 0
2026-07-15 2194 1887.104 0 0
2026-07-16 2225 1866.305 0 0
2026-07-17 2264 1814.851 0 0
2026-07-18 2254 1815.709 0 0
2026-07-19 2255 1813.244 0 0
2026-07-20 2244 1825.802 0 0
2026-07-21 2339 1737.201 0 0
2026-07-22 2174 1896.002 0 0
2026-07-23 2276 1800.686 0 0
2026-07-24 2360 1718.893 0 0
2026-07-25 2381 1695.108 0 0
2026-07-26 2385 1694.207 0 0
2026-07-27 2336 1735.153 0 0
2026-07-28 2398 1691.183 0 0
2026-07-29 2416 1673.994 0 0
2026-07-30 2471 1608.137 0 0
2026-07-31 2491 1601.249 0 0
2026-08-01 2483 1611.384 0 0
2026-08-02 2482 1613.533 0 0
2026-08-03 2559 1557.944 0 0
2026-08-04 2521 1584.804 0 0
2026-08-05 2522 1602.342 0 0
2026-08-06 2434 1687.365 0 0
2026-08-07 2347 1769.263 0 0
2026-08-08 2286 1828.012 0 0
2026-08-09 2287 1828.446 0 0
2026-08-10 2314 1807.196 0 0
2026-08-11 2349 1772.404 0 0
2026-08-12 2339 1786.181 0 0
2026-08-13 2348 1777.969 0 0
2026-08-14 2347 1784.436 0 0
>>>>>>> 2b550085baac25c543016ca743053a87bf115d5d
2026-08-15 2349 1777.66 0 0
2026-08-16 2354 1778.478 0 0
2026-08-17 2355 1778.478 0 0
