2026-03-10 2768 1383.07 0 0
2026-03-11 2777 1386.922 3.852 0.279
2026-03-12 2699 1431.119 44.197 3.187
2026-03-13 2743 1392.361 -38.758 -2.708
2026-03-14 2740 1386.794 -5.567 -0.4
2026-03-15 2740 1386.794 0 0
2026-03-16 2839 1316.326 -70.468 -5.081
2026-03-17 2853 1311.313 -5.013 -0.381
2026-03-18 2853 1306.58 -4.733 -0.361
2026-03-19 2966 1232.865 -73.715 -5.642
2026-03-20 3032 1190.733 -42.132 -3.417
2026-03-21 3028 1194.038 3.305 0.278
2026-03-22 3028 1194.038 0 0
2026-03-23 3040 1167.016 -27.022 -2.263
2026-03-24 3013 1189.815 22.799 1.954
2026-03-25 2977 1217.311 27.496 2.311
2026-03-27 3006 1197.371 -19.94 -1.638
2026-03-28 3009 1193.455 -3.916 -0.327
2026-03-29 3009 1193.455 0 0
2026-03-30 3014 1193.606 0.151 0.013
2026-03-31 3056 1161.104 -32.502 -2.723
2026-04-01 3018 1197.345 36.241 3.121
2026-04-02 2946 1238.291 40.946 3.42
2026-04-03 3008 1202.144 -36.147 -2.919
2026-04-04 3008 1202.144 0 0
2026-04-05 3008 1202.144 0 0
2026-04-06 3009 1202.144 0 0
2026-04-07 3060 1167.68 -34.464 -2.867
2026-04-08 2978 1232.695 65.015 5.568
2026-04-09 2957 1241.274 8.579 0.696
2026-04-10 2934 1261.508 20.234 1.63
2026-04-11 2934 1262.911 1.403 0.111
2026-04-12 2934 1262.911 0 0
2026-04-13 3024 1210.33 -52.581 -4.163
2026-04-14 2995 1230.835 20.505 1.694
2026-04-15 3014 1233.933 3.098 0.252
2026-04-16 2976 1254.304 20.371 1.651
2026-04-17 2996 1248.418 -5.886 -0.469
2026-04-18 3007 1247.156 -1.262 -0.101
2026-04-19 3007 1247.156 0 0
2026-04-20 2859 1341.075 93.919 7.531
2026-04-21 2792 1388.881 47.806 3.565
2026-04-22 2788 1391.575 2.694 0.194
2026-04-23 2801 1376.824 -14.751 -1.06
2026-04-24 2764 1397.084 20.26 1.472
2026-04-25 2765 1396.941 -0.143 -0.01
2026-04-26 2765 1396.941 0 0
2026-04-27 2803 1373.28 -23.661 -1.694
2026-04-28 2789 1380.258 6.978 0.508
2026-04-29 2754 1403.443 23.185 1.68
2026-04-30 2675 1464.048 60.605 4.318
2026-05-01 2681 1463.962 -0.086 -0.006
2026-05-02 2683 1463.962 0 0
2026-05-04 2686 1463.962 0 0
2026-05-05 2596 1539.732 75.77 5.176
2026-05-06 2601 1539.732 0 0
2026-05-07 2578 1566.458 26.726 1.736
2026-05-08 2640 1519.324 -47.134 -3.009
2026-05-09 2640 1519.257 -0.067 -0.004
2026-05-10 2640 1519.257 0 0
<<<<<<< HEAD
2026-05-11 2582 1558.453 39.196 2.58
2026-05-12 2629 1518.342 -40.111 -2.574
2026-05-13 2627 1512.689 -5.653 -0.372
2026-05-14 2668 1488.114 -24.575 -1.625
2026-05-15 2517 1587.549 99.435 6.682
2026-05-16 2515 1583.234 -4.315 -0.272
2026-05-17 2515 1583.234 0 0
2026-05-18 2565 1551.726 -31.508 -1.99
2026-05-19 2540 1571.96 20.234 1.304
2026-05-20 2541 1570.371 -1.589 -0.101
2026-05-21 2546 1569.84 -0.531 -0.034
2026-05-22 2625 1511.099 -58.741 -3.742
2026-05-23 2622 1513.635 2.536 0.168
2026-05-24 2622 1513.635 0 0
2026-05-26 2657 1492.475 -21.16 -1.398
2026-05-27 2706 1443.128 -49.347 -3.306
2026-05-28 2702 1448.689 5.561 0.385
2026-05-29 2734 1415.676 -33.013 -2.279
2026-05-31 2733 1418.081 2.405 0.17
2026-06-01 2740 1416.26 -1.821 -0.128
2026-06-02 2740 1413.019 -3.241 -0.229
2026-06-03 2778 1389.402 -23.617 -1.671
2026-06-04 2742 1402.593 13.191 0.949
2026-06-05 2709 1423.829 21.236 1.514
2026-06-06 2705 1424.985 1.156 0.081
2026-06-07 2705 1424.985 0 0
2026-06-08 2781 1360.539 -64.446 -4.523
2026-06-09 2770 1372.558 12.019 0.883
2026-06-10 2815 1328.905 -43.653 -3.18
2026-06-11 2845 1307.671 -21.234 -1.598
2026-06-12 2843 1317.031 9.36 0.716
2026-06-13 2845 1320.167 3.136 0.238
2026-06-15 2754 1401.117 80.95 6.132
2026-06-16 2741 1418.111 16.994 1.213
2026-06-17 2764 1397.001 -21.11 -1.489
2026-06-18 2722 1428.03 31.029 2.221
2026-06-19 2713 1426.953 -1.077 -0.075
2026-06-20 2713 1426.953 0 0
2026-06-21 2713 1426.953 0 0
2026-06-23 2824 1335.033 -91.92 -6.442
2026-06-24 2926 1266.945 -68.088 -5.1
2026-06-25 2927 1260.192 -6.753 -0.533
2026-06-26 2964 1242.548 -17.644 -1.4
2026-06-27 2965 1242.328 -0.22 -0.018
2026-06-28 2965 1242.328 0 0
2026-06-29 2925 1263.959 21.631 1.741
2026-06-30 2930 1266.687 2.728 0.216
2026-07-01 2958 1253.927 -12.76 -1.007
2026-07-02 2941 1264.762 10.835 0.864
2026-07-03 2891 1306.226 41.464 3.278
2026-07-04 2891 1306.226 0 0
2026-07-05 2891 1306.226 0 0
2026-07-06 2896 1300.716 -5.51 -0.422
2026-07-07 2935 1262.491 -38.225 -2.939
2026-07-08 2994 1220.517 -41.974 -3.325
2026-07-09 3000 1219.331 -1.186 -0.097
2026-07-10 3023 1210.526 -8.805 -0.722
2026-07-11 3021 1213.223 2.697 0.223
2026-07-12 3021 1213.223 0 0
2026-07-13 3125 1146.102 -67.121 -5.532
2026-07-14 3169 1125.333 -20.769 -1.812
2026-07-15 3259 1071.121 -54.212 -4.817
2026-07-16 3238 1081.919 10.798 1.008
2026-07-17 3292 1040.766 -41.153 -3.804
2026-07-18 3292 1039.353 -1.413 -0.136
2026-07-19 3291 1039.353 0 0
2026-07-20 3271 1051.484 12.131 1.167
2026-07-21 3220 1083.862 32.378 3.079
2026-07-22 3231 1077.187 -6.675 -0.616
2026-07-23 3176 1110.661 33.474 3.108
2026-07-24 3189 1087.462 -23.199 -2.089
2026-07-25 3189 1086.884 -0.578 -0.053
2026-07-26 3189 1086.884 0 0
2026-07-27 3198 1093.089 6.205 0.571
2026-07-28 3213 1086.256 -6.833 -0.625
2026-07-29 3137 1133.135 46.879 4.316
2026-07-30 3104 1152.993 19.858 1.752
2026-07-31 3085 1178.397 25.404 2.203
2026-08-01 3077 1179.969 1.572 0.133
2026-08-02 3077 1179.969 0 0
2026-08-03 2986 1239.416 59.447 5.038
2026-08-04 2939 1277.758 38.342 3.094
2026-08-05 2897 1310.615 32.857 2.571
2026-08-06 2907 1308.128 -2.487 -0.19
2026-08-07 2883 1324.419 16.291 1.245
2026-08-08 2884 1324.733 0.314 0.024
2026-08-09 2884 1324.733 0 0
2026-08-10 2858 1345.949 21.216 1.602
2026-08-11 2918 1307.191 -38.758 -2.88
2026-08-12 2895 1318.229 11.038 0.844
2026-08-13 2866 1336.298 18.069 1.371
=======
2026-05-11 2620 1538.868 0 0
2026-05-12 2619 1538.433 0 0
2026-05-13 2641 1505.337 0 0
2026-05-14 2673 1485.034 0 0
2026-05-15 2520 1591.962 0 0
2026-05-16 2517 1587.549 0 0
2026-05-17 2515 1583.234 0 0
2026-05-18 2579 1546.721 0 0
2026-05-19 2530 1574.162 0 0
2026-05-20 2567 1551.406 0 0
2026-05-21 2520 1589.286 0 0
2026-05-22 2595 1531.033 0 0
2026-05-23 2625 1511.099 0 0
2026-05-24 2622 1513.635 0 0
2026-05-25 2628 1508.297 0 0
2026-05-26 2661 1489.386 0 0
2026-05-27 2707 1445.672 0 0
2026-05-28 2703 1447.473 0 0
2026-05-29 2721 1435.259 0 0
2026-05-30 2734 1415.676 0 0
2026-05-31 2733 1418.081 0 0
2026-06-01 2732 1424.496 0 0
2026-06-02 2763 1401.763 0 0
2026-06-03 2741 1412.144 0 0
2026-06-04 2733 1410.697 0 0
2026-06-05 2718 1424.234 0 0
2026-06-06 2709 1423.829 0 0
2026-06-07 2705 1424.985 0 0
2026-06-09 2774 1371.301 0 0
2026-06-10 2823 1324.675 0 0
2026-06-11 2881 1289.253 0 0
2026-06-12 2804 1342.026 0 0
2026-06-13 2843 1317.031 0 0
2026-06-14 2845 1320.167 0 0
2026-06-16 2745 1406.839 0 0
2026-06-17 2764 1399.726 0 0
2026-06-18 2725 1426.822 0 0
2026-06-19 2718 1428.03 0 0
2026-06-20 2713 1426.953 0 0
2026-06-21 2713 1426.953 0 0
2026-06-22 2779 1378.29 0 0
2026-06-23 2803 1364.086 0 0
2026-06-24 2921 1270.165 0 0
2026-06-25 2909 1280.566 0 0
2026-06-26 2950 1245.369 0 0
2026-06-27 2964 1242.548 0 0
2026-06-28 2965 1242.328 0 0
2026-06-29 2929 1265.284 0 0
2026-06-30 2912 1281.291 0 0
2026-07-01 2952 1257.301 0 0
2026-07-02 2935 1271.538 0 0
2026-07-03 2903 1296.79 0 0
2026-07-04 2891 1306.226 0 0
2026-07-05 2891 1306.226 0 0
2026-07-06 2888 1305.978 0 0
2026-07-07 2929 1272.923 0 0
2026-07-08 2984 1236.193 0 0
2026-07-09 3054 1188.753 0 0
2026-07-10 2992 1228.941 0 0
2026-07-11 3023 1210.526 0 0
2026-07-12 3021 1213.223 0 0
2026-07-13 3099 1168.297 0 0
2026-07-14 3124 1143.337 0 0
2026-07-15 3235 1085.431 0 0
2026-07-16 3227 1092.611 0 0
2026-07-17 3284 1048.097 0 0
2026-07-18 3292 1040.766 0 0
2026-07-19 3292 1039.353 0 0
2026-07-20 3239 1072.071 0 0
2026-07-21 3253 1063.502 0 0
2026-07-22 3219 1082.032 0 0
2026-07-23 3202 1095.368 0 0
2026-07-24 3199 1088.015 0 0
2026-07-25 3189 1087.462 0 0
2026-07-26 3189 1086.884 0 0
2026-07-27 3184 1096.177 0 0
2026-07-28 3189 1095.266 0 0
2026-07-29 3219 1087.447 0 0
2026-07-30 3111 1150.956 0 0
2026-07-31 3095 1168.62 0 0
2026-08-01 3085 1178.397 0 0
2026-08-02 3077 1179.969 0 0
2026-08-03 2983 1237.143 0 0
2026-08-04 2940 1269.825 0 0
2026-08-05 2921 1298.198 0 0
2026-08-06 2888 1322.027 0 0
2026-08-07 2855 1337.264 0 0
2026-08-08 2883 1324.419 0 0
2026-08-09 2884 1324.733 0 0
2026-08-10 2896 1322.43 0 0
2026-08-11 2861 1342.128 0 0
2026-08-12 2912 1311.369 0 0
2026-08-13 2890 1320.029 0 0
2026-08-14 2859 1341.956 0 0
>>>>>>> 2b550085baac25c543016ca743053a87bf115d5d
2026-08-15 2860 1344.118 0 0
2026-08-16 2864 1344.737 0 0
2026-08-17 2864 1344.737 0 0
2026-08-18 2847 1362.04 0 0
2026-08-19 2853 1352.037 0 0
2026-08-20 2875 1335.97 0 0
2026-08-21 2849 1359.164 0 0
2026-08-22 2813 1391.456 0 0
2026-08-24 2817 1392.16 0 0
2026-08-25 2904 1318.504 0 0
2026-08-26 2885 1338.836 0 0
2026-08-27 2899 1333.794 0 0
2026-08-28 2930 1306.671 0 0
2026-08-29 2929 1306.807 0 0
2026-08-30 2930 1306.71 0 0
