2026-03-10 753 5509.295 0 0
2026-03-11 757 5452.001 -57.294 -1.04
2026-03-12 808 5192.664 -259.337 -4.757
2026-03-13 810 5145.655 -47.009 -0.905
2026-03-14 814 5125.08 -20.575 -0.4
2026-03-15 814 5125.08 0 0
2026-03-16 749 5483.122 358.042 6.986
2026-03-17 797 5222.901 -260.221 -4.746
2026-03-18 780 5315.125 92.224 1.766
2026-03-19 808 5121.551 -193.574 -3.642
2026-03-20 819 5035.823 -85.728 -1.674
2026-03-21 816 5049.8 13.977 0.278
2026-03-22 816 5049.8 0 0
2026-03-23 876 4722.912 -326.888 -6.473
2026-03-24 837 4920.379 197.467 4.181
2026-03-25 797 5177.267 256.888 5.221
2026-03-27 798 5156.36 -20.907 -0.404
2026-03-28 799 5139.497 -16.863 -0.327
2026-03-29 800 5139.497 0 0
2026-03-30 733 5465.027 325.53 6.334
2026-03-31 735 5459.83 -5.197 -0.095
2026-04-01 737 5489.945 30.115 0.552
2026-04-02 785 5271.019 -218.926 -3.988
2026-04-03 739 5479.351 208.332 3.952
2026-04-04 739 5479.351 0 0
2026-04-05 739 5479.351 0 0
2026-04-06 738 5479.351 0 0
2026-04-07 733 5531.293 51.942 0.948
2026-04-08 679 5984.659 453.366 8.196
2026-04-09 699 5898.376 -86.283 -1.442
2026-04-10 660 6135.748 237.372 4.024
2026-04-11 662 6142.572 6.824 0.111
2026-04-12 662 6142.572 0 0
2026-04-13 678 6053.438 -89.134 -1.451
2026-04-14 622 6536.412 482.974 7.979
2026-04-15 669 6231.832 -304.58 -4.66
2026-04-16 672 6211.441 -20.391 -0.327
2026-04-17 642 6454.904 243.463 3.92
2026-04-18 645 6448.38 -6.524 -0.101
2026-04-19 645 6448.38 0 0
2026-04-20 631 6513.374 64.994 1.008
2026-04-21 633 6505.697 -7.677 -0.118
2026-04-22 587 6785.783 280.086 4.305
2026-04-23 635 6399.48 -386.303 -5.693
2026-04-24 663 6198.582 -200.898 -3.139
2026-04-25 662 6197.947 -0.635 -0.01
2026-04-26 662 6197.947 0 0
2026-04-27 622 6553.303 355.356 5.733
2026-04-28 639 6387.717 -165.586 -2.527
2026-04-29 629 6518.27 130.553 2.044
2026-04-30 590 6710.99 192.72 2.957
2026-05-01 591 6710.597 -0.393 -0.006
2026-05-02 590 6710.597 0 0
2026-05-04 589 6710.597 0 0
2026-05-05 588 6792.895 82.298 1.226
2026-05-06 587 6792.895 0 0
2026-05-07 599 6740.73 -52.165 -0.768
2026-05-08 588 6820.091 79.361 1.177
2026-05-09 588 6819.79 -0.301 -0.004
2026-05-10 588 6819.79 0 0
<<<<<<< HEAD
2026-05-11 592 6761.712 -58.078 -0.852
2026-05-12 580 6843.109 81.397 1.204
2026-05-13 584 6809.747 -33.362 -0.488
2026-05-14 631 6505.014 -304.733 -4.475
2026-05-15 541 7130.905 625.891 9.622
2026-05-16 541 7111.519 -19.386 -0.272
2026-05-17 541 7111.519 0 0
2026-05-18 527 7282.815 171.296 2.409
2026-05-19 538 7127.22 -155.595 -2.136
2026-05-20 538 7122.965 -4.255 -0.06
2026-05-21 538 7120.558 -2.407 -0.034
2026-05-22 395 8909.845 1789.287 25.128
2026-05-23 393 8924.794 14.949 0.168
2026-05-24 393 8924.794 0 0
2026-05-26 365 9400.218 475.424 5.327
2026-05-27 341 9979.59 579.372 6.163
2026-05-28 310 10634.769 655.179 6.565
2026-05-29 334 10094.661 -540.108 -5.079
2026-05-31 334 10111.812 17.151 0.17
2026-06-01 348 9756.745 -355.067 -3.511
2026-06-02 347 9931.648 174.903 1.793
2026-06-03 289 11100.397 1168.749 11.768
2026-06-04 276 11766.111 665.714 5.997
2026-06-05 282 11397.908 -368.203 -3.129
2026-06-06 279 11407.167 9.259 0.081
2026-06-07 279 11407.167 0 0
2026-06-08 257 12232.598 825.431 7.236
2026-06-09 246 12628.485 395.887 3.236
2026-06-10 251 12451.268 -177.217 -1.403
2026-06-11 252 12400.061 -51.207 -0.411
2026-06-12 224 13560.705 1160.644 9.36
2026-06-13 225 13592.996 32.291 0.238
2026-06-15 186 15960.522 2367.526 17.417
2026-06-16 187 15971.019 10.497 0.066
2026-06-17 168 17019.119 1048.1 6.563
2026-06-18 161 17308.633 289.514 1.701
2026-06-19 160 17295.578 -13.055 -0.075
2026-06-20 160 17295.578 0 0
2026-06-21 160 17295.578 0 0
2026-06-23 159 17259.334 -36.244 -0.21
2026-06-24 154 17806.106 546.772 3.168
2026-06-25 147 18346.07 539.964 3.032
2026-06-26 161 16914.491 -1431.579 -7.803
2026-06-27 161 16911.507 -2.984 -0.018
2026-06-28 161 16911.507 0 0
2026-06-29 181 15875.624 -1035.883 -6.125
2026-06-30 182 15809.842 -65.782 -0.414
2026-07-01 180 15953.972 144.13 0.912
2026-07-02 196 15238.427 -715.545 -4.485
2026-07-03 204 14882.533 -355.894 -2.336
2026-07-04 204 14882.533 0 0
2026-07-05 204 14882.533 0 0
2026-07-06 215 13963.826 -918.707 -6.173
2026-07-07 212 14034.286 70.46 0.505
2026-07-08 218 13575.359 -458.927 -3.27
2026-07-09 213 13882.59 307.231 2.263
2026-07-10 225 13403.48 -479.11 -3.451
2026-07-11 225 13433.338 29.858 0.223
2026-07-12 225 13433.338 0 0
2026-07-13 249 12593.916 -839.422 -6.249
2026-07-14 207 14256.976 1663.06 13.205
2026-07-15 222 13461.912 -795.064 -5.577
2026-07-16 230 13340.443 -121.469 -0.902
2026-07-17 259 12248.659 -1091.784 -8.184
2026-07-18 259 12232.031 -16.628 -0.136
2026-07-19 259 12232.031 0 0
2026-07-20 311 10710.171 -1521.86 -12.442
2026-07-21 261 12006.917 1296.746 12.108
2026-07-22 273 11571.727 -435.19 -3.624
2026-07-23 271 11579.599 7.872 0.068
2026-07-24 277 11427.504 -152.095 -1.313
2026-07-25 279 11421.431 -6.073 -0.053
2026-07-26 279 11421.431 0 0
2026-07-27 262 11932.191 510.76 4.472
2026-07-28 314 10748.655 -1183.536 -9.919
2026-07-29 323 10417.417 -331.238 -3.082
2026-07-30 356 9606.187 -811.23 -7.787
2026-07-31 342 10111.914 505.727 5.265
2026-08-01 342 10125.402 13.488 0.133
2026-08-02 342 10125.402 0 0
2026-08-03 360 9689.919 -435.483 -4.301
2026-08-04 309 10853.054 1163.135 12.004
2026-08-05 272 12018.173 1165.119 10.735
2026-08-06 261 12368.363 350.19 2.914
2026-08-07 246 13053.381 685.018 5.538
2026-08-08 246 13056.475 3.094 0.024
2026-08-09 246 13056.475 0 0
2026-08-10 258 12641.568 -414.907 -3.178
2026-08-11 262 12398.217 -243.351 -1.925
2026-08-12 251 12997.572 599.355 4.834
2026-08-13 252 12866.883 -130.689 -1.005
=======
2026-05-11 590 6799.763 0 0
2026-05-12 593 6741.971 0 0
2026-05-13 593 6703.647 0 0
2026-05-14 627 6556.272 0 0
2026-05-15 551 7104.533 0 0
2026-05-16 541 7130.905 0 0
2026-05-17 541 7111.519 0 0
2026-05-18 531 7229.053 0 0
2026-05-19 539 7085.495 0 0
2026-05-20 537 7120.064 0 0
2026-05-21 493 7658.674 0 0
2026-05-22 401 8884.97 0 0
2026-05-23 395 8909.845 0 0
2026-05-24 393 8924.794 0 0
2026-05-25 365 9391.053 0 0
2026-05-26 395 8942.264 0 0
2026-05-27 348 9805.473 0 0
2026-05-28 310 10625.838 0 0
2026-05-29 333 10146.375 0 0
2026-05-30 334 10094.661 0 0
2026-05-31 334 10111.812 0 0
2026-06-01 337 10002.273 0 0
2026-06-02 339 9970.36 0 0
2026-06-03 286 11219.739 0 0
2026-06-04 274 11702.425 0 0
2026-06-05 274 11917.817 0 0
2026-06-06 282 11397.908 0 0
2026-06-07 279 11407.167 0 0
2026-06-09 258 12244.382 0 0
2026-06-10 248 12304.376 0 0
2026-06-11 259 12002.012 0 0
2026-06-12 232 13164.082 0 0
2026-06-13 224 13560.705 0 0
2026-06-14 225 13592.996 0 0
2026-06-16 189 15696.313 0 0
2026-06-17 170 16912.743 0 0
2026-06-18 161 17332.15 0 0
2026-06-19 161 17308.633 0 0
2026-06-20 160 17295.578 0 0
2026-06-21 160 17295.578 0 0
2026-06-22 151 18347.719 0 0
2026-06-23 159 17440.334 0 0
2026-06-24 156 17614.865 0 0
2026-06-25 150 18178.865 0 0
2026-06-26 161 16959.298 0 0
2026-06-27 161 16914.491 0 0
2026-06-28 161 16911.507 0 0
2026-06-29 184 15557.705 0 0
2026-06-30 181 15766.885 0 0
2026-07-01 191 15389.309 0 0
2026-07-02 182 15729.413 0 0
2026-07-03 195 15295.715 0 0
2026-07-04 204 14882.533 0 0
2026-07-05 204 14882.533 0 0
2026-07-06 207 14416.584 0 0
2026-07-07 213 13992.5 0 0
2026-07-08 213 13907.66 0 0
2026-07-09 232 13158.136 0 0
2026-07-10 213 13906.63 0 0
2026-07-11 225 13403.48 0 0
2026-07-12 225 13433.338 0 0
2026-07-13 242 12882.144 0 0
2026-07-14 215 13611.327 0 0
2026-07-15 209 14086.239 0 0
2026-07-16 224 13461.625 0 0
2026-07-17 244 12887.217 0 0
2026-07-18 259 12248.659 0 0
2026-07-19 259 12232.031 0 0
2026-07-20 278 11471.388 0 0
2026-07-21 306 10767.6 0 0
2026-07-22 261 12180.05 0 0
2026-07-23 278 11499.255 0 0
2026-07-24 272 11513.239 0 0
2026-07-25 277 11427.504 0 0
2026-07-26 279 11421.431 0 0
2026-07-27 273 11615.336 0 0
2026-07-28 289 11144.219 0 0
2026-07-29 323 10444.139 0 0
2026-07-30 338 10155.163 0 0
2026-07-31 324 10521.678 0 0
2026-08-01 342 10111.914 0 0
2026-08-02 342 10125.402 0 0
2026-08-03 354 9773.555 0 0
2026-08-04 343 10099.157 0 0
2026-08-05 303 11033.41 0 0
2026-08-06 258 12580.957 0 0
2026-08-07 238 13243.682 0 0
2026-08-08 246 13053.381 0 0
2026-08-09 246 13056.475 0 0
2026-08-10 255 12728.644 0 0
2026-08-11 262 12400.235 0 0
2026-08-12 257 12777.948 0 0
2026-08-13 232 13411.535 0 0
2026-08-14 249 13034.791 0 0
>>>>>>> 2b550085baac25c543016ca743053a87bf115d5d
2026-08-15 249 12947.664 0 0
2026-08-16 249 12953.617 0 0
2026-08-17 249 12953.617 0 0
2026-08-18 232 13389.454 0 0
2026-08-19 228 13631.133 0 0
2026-08-20 255 12436.721 0 0
2026-08-21 279 11927.914 0 0
2026-08-22 268 12082.629 0 0
2026-08-23 272 12088.742 0 0
2026-08-24 270 12088.742 0 0
