<<<<<<< HEAD
2026-07-08 2666 1462.916 0 0
2026-07-09 2656 1478.586 15.67 1.071
2026-07-10 2745 1407.355 -71.231 -4.818
2026-07-11 2748 1407.355 0 0
2026-07-12 2748 1407.355 0 0
2026-07-13 2815 1343.528 -63.827 -4.535
2026-07-14 2751 1400.409 56.881 4.234
2026-07-15 2792 1377.335 -23.074 -1.648
2026-07-16 3066 1189.931 -187.404 -13.606
2026-07-17 2955 1237.169 47.238 3.97
2026-07-18 2955 1237.169 0 0
2026-07-19 2954 1237.169 0 0
2026-07-20 3133 1134.427 -102.742 -8.305
2026-07-21 2871 1302.029 167.602 14.774
2026-07-22 2929 1255.881 -46.148 -3.544
2026-07-23 2943 1250.6 -5.281 -0.421
2026-07-24 3243 1064.573 -186.027 -14.875
2026-07-25 3243 1064.573 0 0
2026-07-26 3243 1064.573 0 0
2026-07-27 3219 1083.457 18.884 1.774
2026-07-28  960.97 -122.487 -11.305
2026-07-31 3078 1184.65 223.68 23.276
2026-08-01 3071 1184.65 0 0
2026-08-02 3071 1184.65 0 0
2026-08-03 2960 1256.455 71.805 6.061
2026-08-04 2890 1312.648 56.193 4.472
2026-08-05 2848 1348.349 35.701 2.72
2026-08-06 2892 1317.527 -30.822 -2.286
2026-08-07 2978 1262.31 -55.217 -4.191
2026-08-08 2978 1262.31 0 0
2026-08-09 2978 1262.31 0 0
2026-08-10 3063 1212.316 -49.994 -3.961
2026-08-11 3060 1215.645 3.329 0.275
2026-08-12 2838 1364.593 148.948 12.253
2026-08-13 2841 1359.198 -5.395 -0.395
=======
2026-07-09 2663 1462.916 0 0
2026-07-10 2661 1478.586 0 0
2026-07-11 2745 1407.355 0 0
2026-07-12 2748 1407.355 0 0
2026-07-13 2743 1407.355 0 0
2026-07-14 2814 1343.528 0 0
2026-07-15 2752 1400.409 0 0
2026-07-16 2790 1377.335 0 0
2026-07-17 3058 1189.931 0 0
2026-07-18 2955 1237.169 0 0
2026-07-19 2955 1237.169 0 0
2026-07-20 2956 1237.169 0 0
2026-07-21 3134 1134.427 0 0
2026-07-22 2872 1302.029 0 0
2026-07-23 2936 1255.881 0 0
2026-07-24 2933 1250.6 0 0
2026-07-25 3243 1064.573 0 0
2026-07-26 3243 1064.573 0 0
2026-07-27 3246 1064.573 0 0
2026-07-28 3219 1083.457 0 0
2026-07-29 3363 960.97 0 0
2026-08-01 3078 1184.65 0 0
2026-08-02 3071 1184.65 0 0
2026-08-03 3075 1184.65 0 0
2026-08-04 2966 1256.455 0 0
2026-08-05 2894 1312.648 0 0
2026-08-06 2846 1348.349 0 0
2026-08-07 2890 1317.527 0 0
2026-08-08 2978 1262.31 0 0
2026-08-09 2978 1262.31 0 0
2026-08-10 2978 1262.31 0 0
2026-08-11 3059 1212.316 0 0
2026-08-12 3061 1215.645 0 0
2026-08-13 2838 1364.593 0 0
2026-08-14 2842 1359.198 0 0
>>>>>>> 2b550085baac25c543016ca743053a87bf115d5d
2026-08-15 2886 1323.152 0 0
2026-08-16 2893 1323.152 0 0
2026-08-17 2892 1323.152 0 0
2026-08-18 2881 1335.894 0 0
2026-08-19 3078 1203.017 0 0
2026-08-20 3092 1189.357 0 0
2026-08-21 3137 1165.536 0 0
2026-08-22 3156 1159.624 0 0
